452.692	1916	1850.32	-6.73863	0.315422	29.060760	28.880209	0.001	
453.787	1950	1877.7	-0.937043	0.315422	29.060760	28.880209	0.001	
454.882	1944	1869.98	1.41007	0.315422	29.060760	28.880209	0.001	
455.977	1945	1881.81	-9.77635	0.315422	29.060760	28.880209	0.001	
457.072	1945	1865.96	9.90487	0.315422	29.060760	28.880209	0.001	
458.167	1959	1882.01	14.3559	0.315422	29.060760	28.880209	0.001	
459.263	1944	1872.18	-1.21227	0.315422	29.060760	28.880209	0.001	
460.358	1967	1883.31	13.9198	0.315422	29.060760	28.880209	0.001	
461.453	1932	1867.87	-6.5018	0.315422	29.060760	28.880209	0.001	
462.549	1955	1877.4	5.43636	0.315422	29.060760	28.880209	0.001	
463.644	1934	1869.47	-11.525	0.315422	29.060760	28.880209	0.001	
464.74	1944	1879.91	-7.99148	0.315422	29.060760	28.880209	0.001	
465.835	1940	1867.67	-0.362224	0.315422	29.060760	28.880209	0.001	
466.931	1952	1878.5	0.263694	0.315422	29.060760	28.880209	0.001	
468.027	1955	1866.27	19.6503	0.315422	29.060760	28.880209	0.001	
469.123	1962	1880.71	9.68622	0.315422	29.060760	28.880209	0.001	
470.219	1938	1867.07	-1.72047	0.315422	29.060760	28.880209	0.001	
471.315	1951	1879.3	-1.40119	0.315422	29.060760	28.880209	0.001	
472.411	1943	1868.07	22.0952	0.315422	29.060760	28.880209	0.001	
473.507	1959	1880.81	6.10458	0.315422	29.060760	28.880209	0.001	
474.603	1947	1865.96	10.1072	0.315422	29.060760	28.880209	0.001	
475.699	1963	1883.82	-51.5157	0.315422	29.060760	28.880209	0.001	
476.795	1944	1869.07	2.02835	0.315422	29.060760	28.880209	0.001	
477.892	1968	1884.72	12.8302	0.315422	29.060760	28.880209	0.001	
478.988	1959	1870.78	15.3342	0.315422	29.060760	28.880209	0.001	
480.084	1956	1881.81	1.06877	0.315422	29.060760	28.880209	0.001	
481.181	1944	1869.37	2.18273	0.315422	29.060760	28.880209	0.001	
482.277	1968	1883.11	8.9471	0.315422	29.060760	28.880209	0.001	
483.374	1950	1872.38	5.21135	0.315422	29.060760	28.880209	0.001	
484.47	1963	1885.02	5.29197	0.315422	29.060760	28.880209	0.001	
485.567	1963	1873.99	17.3343	0.315422	29.060760	28.880209	0.001	
486.663	1955	1879.8	1.96025	0.315422	29.060760	28.880209	0.001	
487.76	1955	1873.39	8.68483	0.315422	29.060760	28.880209	0.001	
488.857	1975	1884.82	16.0255	0.315422	29.060760	28.880209	0.001	
489.954	1950	1868.97	8.32729	0.315422	29.060760	28.880209	0.001	
491.05	1966	1881.01	11.6615	0.315422	29.060760	28.880209	0.001	
492.147	1966	1869.98	22.9045	0.315422	29.060760	28.880209	0.001	
493.244	1979	1883.62	21.8664	0.315422	29.060760	28.880209	0.001	
494.341	1963	1873.79	16.3119	0.315422	29.060760	28.880209	0.001	
495.438	1976	1883.62	19.0431	0.315422	29.060760	28.880209	0.001	
496.535	1965	1869.37	22.5675	0.315422	29.060760	28.880209	0.001	
497.632	1977	1878.5	24.7651	0.315422	29.060760	28.880209	0.001	
498.729	1964	1869.47	21.3565	0.315422	29.060760	28.880209	0.001	
499.825	1985	1878.2	32.8188	0.315422	29.060760	28.880209	0.001	
500.922	1972	1869.37	28.9871	0.315422	29.060760	28.880209	0.001	
502.019	1997	1880.01	42.2411	0.315422	29.060760	28.880209	0.001	
503.117	1981	1866.47	40.4574	0.315422	29.060760	28.880209	0.001	
504.214	1993	1881.01	37.5238	0.315422	29.060760	28.880209	0.001	
505.311	1990	1866.97	48.6558	0.315422	29.060760	28.880209	0.001	
506.408	2000	1878.1	47.2758	0.315422	29.060760	28.880209	0.001	
507.505	1993	1868.57	49.6446	0.315422	29.060760	28.880209	0.001	
508.602	2014	1881.01	57.5118	0.315422	29.060760	28.880209	0.001	
509.699	2015	1868.87	70.5193	0.315422	29.060760	28.880209	0.001	
510.796	2020	1877.1	66.9536	0.315422	29.060760	28.880209	0.001	
511.893	2031	1869.88	84.6106	0.315422	29.060760	28.880209	0.001	
512.99	2049	1879.6	92.2246	0.315422	29.060760	28.880209	0.001	
514.087	2038	1868.17	93.2568	0.315422	29.060760	28.880209	0.001	
515.184	2052	1880.01	94.7985	0.315422	29.060760	28.880209	0.001	
516.281	2060	1867.67	114.709	0.315422	29.060760	28.880209	0.001	
517.378	2072	1881.81	112.032	0.315422	29.060760	28.880209	0.001	
518.475	2071	1868.27	124.437	0.315422	29.060760	28.880209	0.001	
519.573	2088	1879.8	129.309	0.315422	29.060760	28.880209	0.001	
520.67	2099	1869.98	149.573	0.315422	29.060760	28.880209	0.001	
521.767	2116	1876.5	159.582	0.315422	29.060760	28.880209	0.001	
522.864	2115	1870.88	164.041	0.315422	29.060760	28.880209	0.001	
523.961	2140	1883.92	174.911	0.315422	29.060760	28.880209	0.001	
525.058	2141	1869.17	190.618	0.315422	29.060760	28.880209	0.001	
526.155	2170	1881.51	206.412	0.315422	29.060760	28.880209	0.001	
527.252	2165	1869.27	213.357	0.315422	29.060760	28.880209	0.001	
528.348	2197	1878.6	234.72	0.315422	29.060760	28.880209	0.001	
529.445	2196	1866.27	245.917	0.315422	29.060760	28.880209	0.001	
530.542	2199	1872.68	242.483	0.315422	29.060760	28.880209	0.001	
531.639	2212	1865.16	262.367	0.315422	29.060760	28.880209	0.001	
532.736	2256	1881.21	288.343	0.315422	29.060760	28.880209	0.001	
533.833	2261	1864.56	309.343	0.315422	29.060760	28.880209	0.001	
534.929	2282	1877.1	317.376	0.315422	29.060760	28.880209	0.001	
536.026	2289	1863.96	337.364	0.315422	29.060760	28.880209	0.001	
537.123	2324	1875.69	359.22	0.315422	29.060760	28.880209	0.001	
538.22	2333	1864.86	378.246	0.315422	29.060760	28.880209	0.001	
539.316	2370	1874.29	404.463	0.315422	29.060760	28.880209	0.001	
540.413	2386	1868.77	425.725	0.315422	29.060760	28.880209	0.001	
541.509	2415	1874.59	447.719	0.315422	29.060760	28.880209	0.001	
542.606	2426	1864.86	467.444	0.315422	29.060760	28.880209	0.001	
543.702	2468	1872.38	500.613	0.315422	29.060760	28.880209	0.001	
544.799	2478	1861.25	521.372	0.315422	29.060760	28.880209	0.001	
545.895	2519	1875.19	547.062	0.315422	29.060760	28.880209	0.001	
546.991	2546	1864.96	583.118	0.315422	29.060760	28.880209	0.001	
548.088	2587	1877	610.478	0.315422	29.060760	28.880209	0.001	
549.184	2609	1864.96	643.378	0.315422	29.060760	28.880209	0.001	
550.28	2633	1872.68	658.972	0.315422	29.060760	28.880209	0.001	
551.376	2675	1862.35	709.532	0.315422	29.060760	28.880209	0.001	
552.472	2722	1874.59	742.411	0.315422	29.060760	28.880209	0.001	
553.568	2744	1864.26	773.378	0.315422	29.060760	28.880209	0.001	
554.664	2783	1878.5	797.751	0.315422	29.060760	28.880209	0.001	
555.76	2808	1863.06	836.615	0.315422	29.060760	28.880209	0.001	
556.856	2861	1874.69	876.113	0.315422	29.060760	28.880209	0.001	
557.952	2877	1864.46	901.894	0.315422	29.060760	28.880209	0.001	
559.047	2936	1873.79	949.263	0.315422	29.060760	28.880209	0.001	
560.143	2960	1865.36	980.814	0.315422	29.060760	28.880209	0.001	
561.239	3003	1872.38	1015.7	0.315422	29.060760	28.880209	0.001	
562.334	3035	1863.06	1055.91	0.315422	29.060760	28.880209	0.001	
563.43	3093	1871.68	1102.93	0.315422	29.060760	28.880209	0.001	
564.525	3131	1862.35	1148.64	0.315422	29.060760	28.880209	0.001	
565.62	3172	1875.49	1176.61	0.315422	29.060760	28.880209	0.001	
566.715	3206	1861.55	1222.89	0.315422	29.060760	28.880209	0.001	
567.811	3254	1875.59	1254.88	0.315422	29.060760	28.880209	0.001	
568.906	3299	1864.16	1309.73	0.315422	29.060760	28.880209	0.001	
570.001	3340	1867.97	1345.34	0.315422	29.060760	28.880209	0.001	
571.095	3376	1860.55	1387.5	0.315422	29.060760	28.880209	0.001	
572.19	3428	1873.09	1425.98	0.315422	29.060760	28.880209	0.001	
573.285	3459	1861.45	1466.93	0.315422	29.060760	28.880209	0.001	
574.38	3512	1872.18	1507.42	0.315422	29.060760	28.880209	0.001	
575.474	3557	1861.35	1562.19	0.315422	29.060760	28.880209	0.001	
576.569	3609	1872.08	1603.09	0.315422	29.060760	28.880209	0.001	
577.663	3637	1862.15	1638.96	0.315422	29.060760	28.880209	0.001	
578.757	3689	1871.28	1679.65	0.315422	29.060760	28.880209	0.001	
579.851	3716	1862.66	1714.54	0.315422	29.060760	28.880209	0.001	
580.945	3772	1874.19	1757.76	0.315422	29.060760	28.880209	0.001	
582.039	3794	1860.85	1791.82	0.315422	29.060760	28.880209	0.001	
583.133	3858	1867.37	1847.7	0.315422	29.060760	28.880209	0.001	
584.227	3888	1860.25	1884.05	0.315422	29.060760	28.880209	0.001	
585.321	3935	1868.47	1921.35	0.315422	29.060760	28.880209	0.001	
586.414	3964	1862.35	1954.57	0.315422	29.060760	28.880209	0.001	
587.508	4002	1872.58	1981.63	0.315422	29.060760	28.880209	0.001	
588.601	4037	1860.85	2026.71	0.315422	29.060760	28.880209	0.001	
589.694	4096	1870.28	2074.82	0.315422	29.060760	28.880209	0.001	
590.787	4121	1864.16	2105.73	0.315422	29.060760	28.880209	0.001	
591.881	4156	1868.77	2135.33	0.315422	29.060760	28.880209	0.001	
592.973	4201	1861.75	2185.06	0.315422	29.060760	28.880209	0.001	
594.066	4245	1868.97	2220.32	0.315422	29.060760	28.880209	0.001	
595.159	4286	1861.35	2268.83	0.315422	29.060760	28.880209	0.001	
596.251	4321	1868.87	2294.75	0.315422	29.060760	28.880209	0.001	
597.344	4364	1861.55	2343.32	0.315422	29.060760	28.880209	0.001	
598.436	4413	1867.07	2386.01	0.315422	29.060760	28.880209	0.001	
599.528	4456	1864.36	2430.93	0.315422	29.060760	28.880209	0.001	
600.621	4505	1869.78	2474.31	0.315422	29.060760	28.880209	0.001	
601.713	4550	1862.66	2524.55	0.315422	29.060760	28.880209	0.001	
602.804	4617	1872.18	2579.53	0.315422	29.060760	28.880209	0.001	
603.896	4656	1866.87	2623.59	0.315422	29.060760	28.880209	0.001	
604.988	4713	1867.87	2678.62	0.315422	29.060760	28.880209	0.001	
606.079	4768	1866.47	2732.48	0.315422	29.060760	28.880209	0.001	
607.17	4822	1869.17	2783.1	0.315422	29.060760	28.880209	0.001	
608.262	4881	1860.65	2848.66	0.315422	29.060760	28.880209	0.001	
609.353	4953	1870.98	2907.07	0.315422	29.060760	28.880209	0.001	
610.443	5005	1862.76	2966.1	0.315422	29.060760	28.880209	0.001	
611.534	5075	1871.38	3026.84	0.315422	29.060760	28.880209	0.001	
612.625	5148	1865.46	3102.03	0.315422	29.060760	28.880209	0.001	
613.715	5217	1871.88	3162.55	0.315422	29.060760	28.880209	0.001	
614.806	5284	1869.98	3231.01	0.315422	29.060760	28.880209	0.001	
615.896	5360	1875.59	3298.93	0.315422	29.060760	28.880209	0.001	
616.986	5423	1865.96	3369.66	0.315422	29.060760	28.880209	0.001	
618.076	5501	1875.39	3435.82	0.315422	29.060760	28.880209	0.001	
619.165	5590	1868.97	3529.01	0.315422	29.060760	28.880209	0.001	
620.255	5674	1875.69	3602.77	0.315422	29.060760	28.880209	0.001	
621.344	5758	1866.07	3695.52	0.315422	29.060760	28.880209	0.001	
622.434	5838	1872.78	3764.86	0.315422	29.060760	28.880209	0.001	
623.523	5923	1868.77	3850.74	0.315422	29.060760	28.880209	0.001	
624.612	6015	1875.29	3933.7	0.315422	29.060760	28.880209	0.001	
625.701	6114	1868.77	4036.93	0.315422	29.060760	28.880209	0.001	
626.789	6200	1875.79	4115.56	0.315422	29.060760	28.880209	0.001	
627.878	6297	1870.08	4213.96	0.315422	29.060760	28.880209	0.001	
628.966	6380	1875.69	4289.51	0.315422	29.060760	28.880209	0.001	
630.054	6472	1871.48	4382.56	0.315422	29.060760	28.880209	0.001	
631.142	6574	1875.39	4477.41	0.315422	29.060760	28.880209	0.001	
632.23	6669	1869.37	4576.08	0.315422	29.060760	28.880209	0.001	
633.318	6788	1875.99	4685.66	0.315422	29.060760	28.880209	0.001	
634.405	6868	1867.17	4772.49	0.315422	29.060760	28.880209	0.001	
635.492	6994	1875.29	4886.75	0.315422	29.060760	28.880209	0.001	
636.579	7089	1870.98	4982.37	0.315422	29.060760	28.880209	0.001	
637.666	7195	1871.08	5088.3	0.315422	29.060760	28.880209	0.001	
638.753	7303	1869.27	5196.75	0.315422	29.060760	28.880209	0.001	
639.84	7429	1876.6	5309.13	0.315422	29.060760	28.880209	0.001	
640.926	7512	1869.17	5396.08	0.315422	29.060760	28.880209	0.001	
642.012	7645	1875.29	5519.99	0.315422	29.060760	28.880209	0.001	
643.098	7746	1871.18	5623.66	0.315422	29.060760	28.880209	0.001	
644.184	7883	1875.29	5752.76	0.315422	29.060760	28.880209	0.001	
645.27	7985	1870.08	5858.95	0.315422	29.060760	28.880209	0.001	
646.355	8119	1880.71	5976.76	0.315422	29.060760	28.880209	0.001	
647.441	8244	1872.28	6106.36	0.315422	29.060760	28.880209	0.001	
648.526	8390	1876.7	6245.27	0.315422	29.060760	28.880209	0.001	
649.611	8494	1869.47	6353.81	0.315422	29.060760	28.880209	0.001	
650.695	8618	1875.79	6466.49	0.315422	29.060760	28.880209	0.001	
651.78	8744	1869.07	6599.56	0.315422	29.060760	28.880209	0.001	
652.864	8897	1878.7	6735.49	0.315422	29.060760	28.880209	0.001	
653.948	9013	1872.48	6855.86	0.315422	29.060760	28.880209	0.001	
655.032	9155	1877.3	6988.05	0.315422	29.060760	28.880209	0.001	
656.116	9294	1871.28	7131.48	0.315422	29.060760	28.880209	0.001	
657.199	9444	1874.89	7272.37	0.315422	29.060760	28.880209	0.001	
658.283	9567	1870.08	7398.48	0.315422	29.060760	28.880209	0.001	
659.366	9724	1879.3	7540.37	0.315422	29.060760	28.880209	0.001	
660.448	9859	1870.98	7683.72	0.315422	29.060760	28.880209	0.001	
661.531	10036	1874.29	7851.07	0.315422	29.060760	28.880209	0.001	
662.614	10178	1873.19	7993.36	0.315422	29.060760	28.880209	0.001	
663.696	10342	1878.4	8146.71	0.315422	29.060760	28.880209	0.001	
664.778	10496	1875.99	8301.36	0.315422	29.060760	28.880209	0.001	
665.86	10639	1877.8	8441.07	0.315422	29.060760	28.880209	0.001	
666.941	10817	1866.97	8623.12	0.315422	29.060760	28.880209	0.001	
668.023	10992	1879.6	8781.5	0.315422	29.060760	28.880209	0.001	
669.104	11147	1870.18	8944.23	0.315422	29.060760	28.880209	0.001	
670.185	11314	1877.6	9101.33	0.315422	29.060760	28.880209	0.001	
671.265	11496	1873.19	9285.06	0.315422	29.060760	28.880209	0.001	
672.346	11664	1876.29	9444.57	0.315422	29.060760	28.880209	0.001	
673.426	11813	1871.58	9597.57	0.315422	29.060760	28.880209	0.001	
674.506	12011	1879.1	9780.29	0.315422	29.060760	28.880209	0.001	
675.586	12165	1868.17	9949.21	0.315422	29.060760	28.880209	0.001	
676.665	12390	1880.21	10157.7	0.315422	29.060760	28.880209	0.001	
677.745	12568	1868.07	10344.4	0.315422	29.060760	28.880209	0.001	
678.824	12778	1880.81	10535.8	0.315422	29.060760	28.880209	0.001	
679.903	12966	1871.48	10730.8	0.315422	29.060760	28.880209	0.001	
680.981	13175	1880.71	10924.7	0.315422	29.060760	28.880209	0.001	
682.059	13367	1870.58	11127	0.315422	29.060760	28.880209	0.001	
683.138	13603	1880.71	11348.4	0.315422	29.060760	28.880209	0.001	
684.215	13792	1875.39	11550.4	0.315422	29.060760	28.880209	0.001	
685.293	14023	1880.61	11765.6	0.315422	29.060760	28.880209	0.001	
686.37	14211	1871.78	11955.9	0.315422	29.060760	28.880209	0.001	
687.448	14438	1879.1	12177.9	0.315422	29.060760	28.880209	0.001	
688.524	14665	1874.29	12408.2	0.315422	29.060760	28.880209	0.001	
689.601	14915	1878.7	12647.8	0.315422	29.060760	28.880209	0.001	
690.678	15152	1872.38	12889.7	0.315422	29.060760	28.880209	0.001	
691.754	15406	1877.9	13137.6	0.315422	29.060760	28.880209	0.001	
692.83	15652	1874.59	13383.4	0.315422	29.060760	28.880209	0.001	
693.905	15903	1875.99	13629.4	0.315422	29.060760	28.880209	0.001	
694.98	16142	1872.28	13870.4	0.315422	29.060760	28.880209	0.001	
696.056	16415	1879.7	14135.7	0.315422	29.060760	28.880209	0.001	
697.13	16664	1870.48	14395.1	0.315422	29.060760	28.880209	0.001	
698.205	16934	1881.11	14643.2	0.315422	29.060760	28.880209	0.001	
699.279	17204	1872.18	14923.2	0.315422	29.060760	28.880209	0.001	
700.353	17465	1880.21	15169.7	0.315422	29.060760	28.880209	0.001	
701.427	17763	1874.89	15466.8	0.315422	29.060760	28.880209	0.001	
702.501	18047	1873.59	15755.4	0.315422	29.060760	28.880209	0.001	
703.574	18324	1875.49	16026.3	0.315422	29.060760	28.880209	0.001	
704.647	18652	1879.2	16352.9	0.315422	29.060760	28.880209	0.001	
705.719	18950	1870.48	16656.7	0.315422	29.060760	28.880209	0.001	
706.792	19264	1877.1	16962.1	0.315422	29.060760	28.880209	0.001	
707.864	19579	1871.68	17280.4	0.315422	29.060760	28.880209	0.001	
708.936	19900	1877.4	17591.4	0.315422	29.060760	28.880209	0.001	
710.007	20209	1874.49	17904.7	0.315422	29.060760	28.880209	0.001	
711.079	20529	1880.11	18218.8	0.315422	29.060760	28.880209	0.001	
712.15	20823	1875.19	18519.2	0.315422	29.060760	28.880209	0.001	
713.221	21140	1881.41	18825.6	0.315422	29.060760	28.880209	0.001	
714.291	21483	1872.08	19182.5	0.315422	29.060760	28.880209	0.001	
715.361	21804	1877.2	19504.3	0.315422	29.060760	28.880209	0.001	
716.431	22131	1873.89	19833.9	0.315422	29.060760	28.880209	0.001	
717.501	22467	1876.9	20156.2	0.315422	29.060760	28.880209	0.001	
718.57	22796	1877.6	20490.4	0.315422	29.060760	28.880209	0.001	
719.639	23137	1881.71	20823.4	0.315422	29.060760	28.880209	0.001	
720.707	23434	1872.68	21133.1	0.315422	29.060760	28.880209	0.001	
721.776	23807	1878.8	21491.8	0.315422	29.060760	28.880209	0.001	
722.844	24115	1875.99	21812.7	0.315422	29.060760	28.880209	0.001	
723.912	24453	1884.42	22133.7	0.315422	29.060760	28.880209	0.001	
724.979	24756	1874.69	22452.3	0.315422	29.060760	28.880209	0.001	
726.046	25119	1883.11	22811.4	0.315422	29.060760	28.880209	0.001	
727.113	25420	1876.09	23104.8	0.315422	29.060760	28.880209	0.001	
728.18	25663	1885.42	23347.4	0.315422	29.060760	28.880209	0.001	
729.246	25944	1873.99	23637.9	0.315422	29.060760	28.880209	0.001	
730.312	26183	1880.31	23868.6	0.315422	29.060760	28.880209	0.001	
731.378	26445	1874.69	24141.5	0.315422	29.060760	28.880209	0.001	
732.443	26701	1884.42	24384.6	0.315422	29.060760	28.880209	0.001	
733.508	26936	1876.29	24618.5	0.315422	29.060760	28.880209	0.001	
734.573	27196	1883.72	24880.8	0.315422	29.060760	28.880209	0.001	
735.637	27401	1877.7	25089.1	0.315422	29.060760	28.880209	0.001	
736.701	27588	1884.92	25262.9	0.315422	29.060760	28.880209	0.001	
737.765	27816	1879.91	25495.5	0.315422	29.060760	28.880209	0.001	
738.829	28033	1884.02	25702.4	0.315422	29.060760	28.880209	0.001	
739.892	28209	1880.21	25892.6	0.315422	29.060760	28.880209	0.001	
740.955	28385	1884.62	26059.6	0.315422	29.060760	28.880209	0.001	
742.017	28536	1875.39	26225.2	0.315422	29.060760	28.880209	0.001	
743.079	28703	1882.81	26380.4	0.315422	29.060760	28.880209	0.001	
744.141	28835	1876.9	26512.1	0.315422	29.060760	28.880209	0.001	
745.202	28966	1882.81	26640	0.315422	29.060760	28.880209	0.001	
746.264	29100	1880.81	26775.8	0.315422	29.060760	28.880209	0.001	
747.324	29220	1881.91	26897.2	0.315422	29.060760	28.880209	0.001	
748.385	29356	1878.8	27033.6	0.315422	29.060760	28.880209	0.001	
749.445	29469	1882.31	27139.6	0.315422	29.060760	28.880209	0.001	
750.505	29598	1881.31	27261.2	0.315422	29.060760	28.880209	0.001	
751.564	29720	1889.53	27377.8	0.315422	29.060760	28.880209	0.001	
752.623	29837	1881.51	27506.9	0.315422	29.060760	28.880209	0.001	
753.682	29957	1887.43	27612.8	0.315422	29.060760	28.880209	0.001	
754.741	30083	1881.61	27752.5	0.315422	29.060760	28.880209	0.001	
755.799	30197	1883.82	27857.6	0.315422	29.060760	28.880209	0.001	
756.857	30361	1879.4	28036	0.315422	29.060760	28.880209	0.001	
757.914	30475	1881.51	28146.1	0.315422	29.060760	28.880209	0.001	
758.971	30654	1878.3	28327.4	0.315422	29.060760	28.880209	0.001	
760.028	30769	1883.42	28432.4	0.315422	29.060760	28.880209	0.001	
761.084	30908	1882.41	28564.5	0.315422	29.060760	28.880209	0.001	
762.14	31012	1884.02	28661.6	0.315422	29.060760	28.880209	0.001	
763.196	31085	1877	28736.6	0.315422	29.060760	28.880209	0.001	
764.251	31184	1877.4	28836.2	0.315422	29.060760	28.880209	0.001	
765.306	31279	1876.9	28936.1	0.315422	29.060760	28.880209	0.001	
766.36	31379	1880.21	29031.7	0.315422	29.060760	28.880209	0.001	
767.415	31495	1870.98	29151	0.315422	29.060760	28.880209	0.001	
768.468	31593	1885.52	29238.1	0.315422	29.060760	28.880209	0.001	
769.522	31713	1874.99	29366.4	0.315422	29.060760	28.880209	0.001	
770.575	31840	1880.91	29488.4	0.315422	29.060760	28.880209	0.001	
771.628	31930	1873.79	29583.6	0.315422	29.060760	28.880209	0.001	
772.68	32026	1880.71	29667.4	0.315422	29.060760	28.880209	0.001	
773.732	32111	1870.88	29761.4	0.315422	29.060760	28.880209	0.001	
774.784	32259	1878	29895.3	0.315422	29.060760	28.880209	0.001	
775.835	32327	1874.79	29974.9	0.315422	29.060760	28.880209	0.001	
776.886	32424	1877.6	30059.2	0.315422	29.060760	28.880209	0.001	
777.936	32547	1875.39	30183.8	0.315422	29.060760	28.880209	0.001	
778.986	32678	1876.9	30318.6	0.315422	29.060760	28.880209	0.001	
780.036	32778	1872.68	30418	0.315422	29.060760	28.880209	0.001	
781.086	32827	1877	30458.8	0.315422	29.060760	28.880209	0.001	
782.135	32864	1870.68	30496.2	0.315422	29.060760	28.880209	0.001	
783.183	32893	1880.21	30514.6	0.315422	29.060760	28.880209	0.001	
784.231	32927	1872.28	30558.9	0.315422	29.060760	28.880209	0.001	
785.279	32919	1880.41	30531.4	0.315422	29.060760	28.880209	0.001	
786.327	32932	1868.17	30546	0.315422	29.060760	28.880209	0.001	
787.374	32965	1878.7	30573.2	0.315422	29.060760	28.880209	0.001	
788.42	32976	1872.08	30575.1	0.315422	29.060760	28.880209	0.001	
789.466	32998	1878.6	30601	0.315422	29.060760	28.880209	0.001	
790.512	32957	1870.68	30560.9	0.315422	29.060760	28.880209	0.001	
791.558	33021	1879.1	30605.4	0.315422	29.060760	28.880209	0.001	
792.603	33010	1874.59	30597.5	0.315422	29.060760	28.880209	0.001	
793.648	33069	1874.79	30650	0.315422	29.060760	28.880209	0.001	
794.692	33036	1878.1	30622.7	0.315422	29.060760	28.880209	0.001	
795.736	33035	1876.6	30612.7	0.315422	29.060760	28.880209	0.001	
796.779	33084	1873.19	30658.4	0.315422	29.060760	28.880209	0.001	
797.822	33080	1880.91	30641	0.315422	29.060760	28.880209	0.001	
798.865	33066	1873.69	30624.4	0.315422	29.060760	28.880209	0.001	
799.907	33045	1877.6	30595.5	0.315422	29.060760	28.880209	0.001	
800.949	33051	1873.69	30599.8	0.315422	29.060760	28.880209	0.001	
801.99	33032	1877	30572.8	0.315422	29.060760	28.880209	0.001	
803.031	32991	1872.99	30542.2	0.315422	29.060760	28.880209	0.001	
804.072	32958	1879.8	30503.6	0.315422	29.060760	28.880209	0.001	
805.112	32901	1870.98	30452.8	0.315422	29.060760	28.880209	0.001	
806.152	32923	1883.42	30453.2	0.315422	29.060760	28.880209	0.001	
807.191	32846	1877.6	30370.8	0.315422	29.060760	28.880209	0.001	
808.23	32838	1879.5	30350.2	0.315422	29.060760	28.880209	0.001	
809.268	32809	1872.18	30338	0.315422	29.060760	28.880209	0.001	
810.307	32824	1877.5	30356.5	0.315422	29.060760	28.880209	0.001	
811.344	32805	1872.88	30337.8	0.315422	29.060760	28.880209	0.001	
812.381	32830	1880.91	30342.5	0.315422	29.060760	28.880209	0.001	
813.418	32831	1876.19	30349.8	0.315422	29.060760	28.880209	0.001	
814.454	32828	1883.31	30329	0.315422	29.060760	28.880209	0.001	
815.49	32808	1876.7	30315.7	0.315422	29.060760	28.880209	0.001	
816.526	32831	1878.7	30327.3	0.315422	29.060760	28.880209	0.001	
817.561	32810	1877.6	30303.7	0.315422	29.060760	28.880209	0.001	
818.596	32815	1884.32	30298.9	0.315422	29.060760	28.880209	0.001	
819.63	32803	1875.59	30296.9	0.315422	29.060760	28.880209	0.001	
820.664	32865	1886.32	30351.3	0.315422	29.060760	28.880209	0.001	
821.697	32818	1875.79	30300.6	0.315422	29.060760	28.880209	0.001	
822.73	32851	1885.82	30326.4	0.315422	29.060760	28.880209	0.001	
823.762	32816	1880.31	30299.7	0.315422	29.060760	28.880209	0.001	
824.794	32801	1885.22	30278.4	0.315422	29.060760	28.880209	0.001	
825.826	32760	1880.01	30242.2	0.315422	29.060760	28.880209	0.001	
826.857	32693	1884.22	30166.3	0.315422	29.060760	28.880209	0.001	
827.887	32723	1878.8	30194.5	0.315422	29.060760	28.880209	0.001	
828.918	32705	1886.62	30165.7	0.315422	29.060760	28.880209	0.001	
829.947	32674	1882.01	30148.3	0.315422	29.060760	28.880209	0.001	
830.977	32698	1885.62	30166.2	0.315422	29.060760	28.880209	0.001	
832.005	32690	1881.71	30147.6	0.315422	29.060760	28.880209	0.001	
833.034	32697	1883.21	30165.2	0.315422	29.060760	28.880209	0.001	
834.062	32671	1884.62	30127.9	0.315422	29.060760	28.880209	0.001	
835.089	32680	1884.52	30146.7	0.315422	29.060760	28.880209	0.001	
836.116	32698	1876.8	30161.6	0.315422	29.060760	28.880209	0.001	
837.143	32745	1885.32	30197.1	0.315422	29.060760	28.880209	0.001	
838.169	32786	1877.5	30256.4	0.315422	29.060760	28.880209	0.001	
839.194	32848	1882.91	30302.6	0.315422	29.060760	28.880209	0.001	
840.22	32852	1878.4	30319.4	0.315422	29.060760	28.880209	0.001	
841.244	32899	1883.31	30355.2	0.315422	29.060760	28.880209	0.001	
842.268	32935	1879.3	30382	0.315422	29.060760	28.880209	0.001	
843.292	32988	1882.51	30437.3	0.315422	29.060760	28.880209	0.001	
844.315	33011	1877	30456.8	0.315422	29.060760	28.880209	0.001	
845.338	33037	1885.62	30471.2	0.315422	29.060760	28.880209	0.001	
846.36	33046	1880.51	30489.6	0.315422	29.060760	28.880209	0.001	
847.382	33105	1883.01	30547.3	0.315422	29.060760	28.880209	0.001	
848.404	33083	1877.6	30531	0.315422	29.060760	28.880209	0.001	
849.425	33108	1883.21	30553.9	0.315422	29.060760	28.880209	0.001	
850.445	33091	1880.91	30524	0.315422	29.060760	28.880209	0.001	
851.465	33100	1881.31	30535.1	0.315422	29.060760	28.880209	0.001	
852.484	33147	1879.2	30588.3	0.315422	29.060760	28.880209	0.001	
853.503	33186	1877.8	30624.7	0.315422	29.060760	28.880209	0.001	
854.522	33224	1876.8	30660.4	0.315422	29.060760	28.880209	0.001	
855.54	33264	1882.41	30687.4	0.315422	29.060760	28.880209	0.001	
856.557	33315	1876.5	30741.1	0.315422	29.060760	28.880209	0.001	
857.574	33384	1880.51	30810.1	0.315422	29.060760	28.880209	0.001	
858.591	33439	1871.98	30894.4	0.315422	29.060760	28.880209	0.001	
859.607	33491	1879	30934.6	0.315422	29.060760	28.880209	0.001	
860.622	33555	1876.6	30986.6	0.315422	29.060760	28.880209	0.001	
861.637	33622	1878.6	31055.8	0.315422	29.060760	28.880209	0.001	
862.652	33639	1872.28	31080.4	0.315422	29.060760	28.880209	0.001	
863.666	33736	1877.7	31173.6	0.315422	29.060760	28.880209	0.001	
864.679	33758	1874.69	31200.7	0.315422	29.060760	28.880209	0.001	
865.692	33826	1878.1	31262.1	0.315422	29.060760	28.880209	0.001	
866.705	33855	1870.98	31291.1	0.315422	29.060760	28.880209	0.001	
867.717	33902	1874.99	31339.9	0.315422	29.060760	28.880209	0.001	
868.728	33888	1876.7	31316.5	0.315422	29.060760	28.880209	0.001	
869.739	33910	1880.71	31326.9	0.315422	29.060760	28.880209	0.001	
870.75	33948	1875.19	31369.6	0.315422	29.060760	28.880209	0.001	
871.76	33950	1876.7	31358.7	0.315422	29.060760	28.880209	0.001	
872.769	33969	1874.49	31393.8	0.315422	29.060760	28.880209	0.001	
873.778	33977	1876.6	31391.4	0.315422	29.060760	28.880209	0.001	
874.786	33964	1871.08	31384	0.315422	29.060760	28.880209	0.001	
875.794	34012	1877.3	31419	0.315422	29.060760	28.880209	0.001	
876.802	33975	1878.7	31377.7	0.315422	29.060760	28.880209	0.001	
877.809	33975	1877.6	31353.3	0.315422	29.060760	28.880209	0.001	
878.815	33985	1874.69	31369.1	0.315422	29.060760	28.880209	0.001	
879.821	33959	1880.91	31338.6	0.315422	29.060760	28.880209	0.001	
880.826	33990	1875.89	31372.7	0.315422	29.060760	28.880209	0.001	
881.831	33973	1883.21	31347.1	0.315422	29.060760	28.880209	0.001	
882.835	33988	1874.99	31354.8	0.315422	29.060760	28.880209	0.001	
883.839	33957	1880.91	31326.1	0.315422	29.060760	28.880209	0.001	
884.842	33970	1870.58	31346.6	0.315422	29.060760	28.880209	0.001	
885.844	33983	1877.6	31345	0.315422	29.060760	28.880209	0.001	
886.847	33999	1875.09	31346.4	0.315422	29.060760	28.880209	0.001	
887.848	33976	1876.19	31323.8	0.315422	29.060760	28.880209	0.001	
888.849	33923	1872.78	31264	0.315422	29.060760	28.880209	0.001	
889.85	33878	1875.29	31206.9	0.315422	29.060760	28.880209	0.001	
890.85	33810	1870.18	31136.6	0.315422	29.060760	28.880209	0.001	
891.849	33752	1874.79	31081.2	0.315422	29.060760	28.880209	0.001	
892.848	33726	1873.19	31058.8	0.315422	29.060760	28.880209	0.001	
893.846	33736	1875.19	31053.8	0.315422	29.060760	28.880209	0.001	
894.844	33715	1870.08	31021.2	0.315422	29.060760	28.880209	0.001	
895.841	33707	1876.19	31002.1	0.315422	29.060760	28.880209	0.001	
896.838	33654	1872.18	30972.3	0.315422	29.060760	28.880209	0.001	
897.834	33621	1878.2	30921.4	0.315422	29.060760	28.880209	0.001	
898.83	33547	1872.88	30866	0.315422	29.060760	28.880209	0.001	
899.825	33491	1879.5	30800.6	0.315422	29.060760	28.880209	0.001	
900.819	33419	1871.78	30715.7	0.315422	29.060760	28.880209	0.001	
901.813	33402	1875.69	30693.3	0.315422	29.060760	28.880209	0.001	
902.807	33301	1875.99	30577.3	0.315422	29.060760	28.880209	0.001	
903.799	33268	1878.6	30536.1	0.315422	29.060760	28.880209	0.001	
904.792	33161	1874.89	30420.2	0.315422	29.060760	28.880209	0.001	
905.783	33122	1879.8	30381.9	0.315422	29.060760	28.880209	0.001	
906.775	33075	1876.9	30316	0.315422	29.060760	28.880209	0.001	
907.765	33010	1883.62	30226.9	0.315422	29.060760	28.880209	0.001	
908.755	32963	1876.7	30191.8	0.315422	29.060760	28.880209	0.001	
909.745	32910	1874.19	30153.5	0.315422	29.060760	28.880209	0.001	
910.733	32864	1874.59	30098.9	0.315422	29.060760	28.880209	0.001	
911.722	32815	1879.3	30039.1	0.315422	29.060760	28.880209	0.001	
912.71	32767	1875.39	29988.4	0.315422	29.060760	28.880209	0.001	
913.697	32738	1875.69	29964.1	0.315422	29.060760	28.880209	0.001	
914.683	32704	1874.49	29923.9	0.315422	29.060760	28.880209	0.001	
915.669	32648	1875.89	29849.4	0.315422	29.060760	28.880209	0.001	
916.655	32550	1872.48	29747.4	0.315422	29.060760	28.880209	0.001	
917.64	32496	1879.3	29672	0.315422	29.060760	28.880209	0.001	
918.624	32408	1873.29	29552.4	0.315422	29.060760	28.880209	0.001	
919.608	32331	1876.6	29483.8	0.315422	29.060760	28.880209	0.001	
920.591	32212	1872.28	29365.8	0.315422	29.060760	28.880209	0.001	
921.573	32099	1878.4	29232.9	0.315422	29.060760	28.880209	0.001	
922.555	32004	1875.29	29158.2	0.315422	29.060760	28.880209	0.001	
923.537	31859	1874.19	28999	0.315422	29.060760	28.880209	0.001	
924.517	31740	1877.6	28871	0.315422	29.060760	28.880209	0.001	
925.498	31609	1879.2	28720.8	0.315422	29.060760	28.880209	0.001	
926.477	31474	1871.28	28592.1	0.315422	29.060760	28.880209	0.001	
927.456	31326	1876.5	28424	0.315422	29.060760	28.880209	0.001	
928.435	31191	1874.39	28305.5	0.315422	29.060760	28.880209	0.001	
929.412	31048	1879.1	28159.7	0.315422	29.060760	28.880209	0.001	
930.39	30879	1873.29	27960.2	0.315422	29.060760	28.880209	0.001	
931.366	30768	1877	27850.9	0.315422	29.060760	28.880209	0.001	
932.342	30564	1873.99	27648.4	0.315422	29.060760	28.880209	0.001	
933.318	30412	1878.5	27489.1	0.315422	29.060760	28.880209	0.001	
934.293	30240	1871.88	27315	0.315422	29.060760	28.880209	0.001	
935.267	30064	1880.41	27123.7	0.315422	29.060760	28.880209	0.001	
936.24	29879	1870.48	26932.2	0.315422	29.060760	28.880209	0.001	
937.213	29688	1878.4	26743.4	0.315422	29.060760	28.880209	0.001	
938.186	29495	1875.89	26555.1	0.315422	29.060760	28.880209	0.001	
939.158	29342	1881.11	26394.8	0.315422	29.060760	28.880209	0.001	
940.129	29154	1872.88	26204.7	0.315422	29.060760	28.880209	0.001	
941.099	28972	1879.8	26003.7	0.315422	29.060760	28.880209	0.001	
942.069	28751	1875.49	25796.9	0.315422	29.060760	28.880209	0.001	
943.039	28596	1880.71	25632.2	0.315422	29.060760	28.880209	0.001	
944.007	28419	1872.48	25454.6	0.315422	29.060760	28.880209	0.001	
944.975	28260	1879.7	25272.9	0.315422	29.060760	28.880209	0.001	
945.943	28067	1875.19	25096.3	0.315422	29.060760	28.880209	0.001	
946.91	27946	1881.51	24947.5	0.315422	29.060760	28.880209	0.001	
947.876	27784	1873.49	24792.4	0.315422	29.060760	28.880209	0.001	
948.842	27637	1874.99	24613.7	0.315422	29.060760	28.880209	0.001	
949.807	27479	1878.9	24463.6	0.315422	29.060760	28.880209	0.001	
950.771	27326	1877.4	24327.7	0.315422	29.060760	28.880209	0.001	
951.735	27179	1874.09	24179	0.315422	29.060760	28.880209	0.001	
952.698	27018	1878.8	24033.1	0.315422	29.060760	28.880209	0.001	
953.66	26853	1875.89	23859.4	0.315422	29.060760	28.880209	0.001	
954.622	26701	1879.2	23704.5	0.315422	29.060760	28.880209	0.001	
955.584	26519	1878.2	23524.8	0.315422	29.060760	28.880209	0.001	
956.544	26318	1880.71	23313	0.315422	29.060760	28.880209	0.001	
957.504	26129	1873.19	23119.6	0.315422	29.060760	28.880209	0.001	
958.463	25943	1879.1	22934.5	0.315422	29.060760	28.880209	0.001	
959.422	25708	1872.68	22702.4	0.315422	29.060760	28.880209	0.001	
960.38	25516	1878.8	22504.2	0.315422	29.060760	28.880209	0.001	
961.338	25284	1875.69	22283	0.315422	29.060760	28.880209	0.001	
962.294	25055	1883.72	22043.5	0.315422	29.060760	28.880209	0.001	
963.25	24830	1874.09	21826.9	0.315422	29.060760	28.880209	0.001	
964.206	24627	1878.8	21623.2	0.315422	29.060760	28.880209	0.001	
965.161	24403	1876.39	21403.1	0.315422	29.060760	28.880209	0.001	
966.115	24180	1881.41	21165.4	0.315422	29.060760	28.880209	0.001	
