452.692	1886	1820.07	-5.07679	0.284022	27.426781	27.252605	0.001	
453.787	1915	1845.19	-2.46697	0.284022	27.426781	27.252605	0.001	
454.882	1911	1835.12	4.60847	0.284022	27.426781	27.252605	0.001	
455.977	1916	1849.18	-4.95692	0.284022	27.426781	27.252605	0.001	
457.072	1911	1832.13	10.3147	0.284022	27.426781	27.252605	0.001	
458.167	1930	1847.88	29.7098	0.284022	27.426781	27.252605	0.001	
459.263	1905	1836.32	-3.24842	0.284022	27.426781	27.252605	0.001	
460.358	1919	1849.57	-3.01681	0.284022	27.426781	27.252605	0.001	
461.453	1916	1834.32	8.55168	0.284022	27.426781	27.252605	0.001	
462.549	1913	1843.49	-2.40528	0.284022	27.426781	27.252605	0.001	
463.644	1904	1833.83	-1.45974	0.284022	27.426781	27.252605	0.001	
464.74	1919	1846.78	0.379626	0.284022	27.426781	27.252605	0.001	
465.835	1908	1833.93	3.51684	0.284022	27.426781	27.252605	0.001	
466.931	1903	1843.39	-7.90309	0.284022	27.426781	27.252605	0.001	
468.027	1900	1832.23	-3.96566	0.284022	27.426781	27.252605	0.001	
469.123	1928	1846.38	10.9537	0.284022	27.426781	27.252605	0.001	
470.219	1905	1833.53	0.175755	0.284022	27.426781	27.252605	0.001	
471.315	1924	1845.19	7.26646	0.284022	27.426781	27.252605	0.001	
472.411	1909	1835.62	13.8659	0.284022	27.426781	27.252605	0.001	
473.507	1933	1848.68	14.0084	0.284022	27.426781	27.252605	0.001	
474.603	1924	1832.53	22.6355	0.284022	27.426781	27.252605	0.001	
475.699	1929	1850.77	-35.9832	0.284022	27.426781	27.252605	0.001	
476.795	1914	1835.82	6.1818	0.284022	27.426781	27.252605	0.001	
477.892	1934	1850.57	13.5811	0.284022	27.426781	27.252605	0.001	
478.988	1926	1835.62	18.6352	0.284022	27.426781	27.252605	0.001	
480.084	1928	1849.08	6.95157	0.284022	27.426781	27.252605	0.001	
481.181	1917	1833.43	13.049	0.284022	27.426781	27.252605	0.001	
482.277	1925	1848.48	3.83548	0.284022	27.426781	27.252605	0.001	
483.374	1928	1836.82	20.5664	0.284022	27.426781	27.252605	0.001	
484.47	1931	1849.18	10.6332	0.284022	27.426781	27.252605	0.001	
485.567	1924	1838.91	14.1117	0.284022	27.426781	27.252605	0.001	
486.663	1938	1845.19	19.5279	0.284022	27.426781	27.252605	0.001	
487.76	1921	1837.61	11.6805	0.284022	27.426781	27.252605	0.001	
488.857	1938	1849.08	16.2012	0.284022	27.426781	27.252605	0.001	
489.954	1926	1834.92	19.4046	0.284022	27.426781	27.252605	0.001	
491.05	1927	1847.78	7.19571	0.284022	27.426781	27.252605	0.001	
492.147	1932	1837.21	22.7784	0.284022	27.426781	27.252605	0.001	
493.244	1931	1848.78	10.1259	0.284022	27.426781	27.252605	0.001	
494.341	1930	1837.91	20.322	0.284022	27.426781	27.252605	0.001	
495.438	1940	1849.08	18.7218	0.284022	27.426781	27.252605	0.001	
496.535	1930	1836.02	22.0595	0.284022	27.426781	27.252605	0.001	
497.632	1940	1844.79	22.7512	0.284022	27.426781	27.252605	0.001	
498.729	1939	1832.83	33.9412	0.284022	27.426781	27.252605	0.001	
499.825	1945	1843.59	28.787	0.284022	27.426781	27.252605	0.001	
500.922	1949	1833.73	42.4719	0.284022	27.426781	27.252605	0.001	
502.019	1963	1845.29	44.2192	0.284022	27.426781	27.252605	0.001	
503.117	1955	1831.13	50.7329	0.284022	27.426781	27.252605	0.001	
504.214	1961	1846.48	41.1997	0.284022	27.426781	27.252605	0.001	
505.311	1961	1832.83	54.8423	0.284022	27.426781	27.252605	0.001	
506.408	1968	1845.69	48.8123	0.284022	27.426781	27.252605	0.001	
507.505	1969	1833.03	62.0938	0.284022	27.426781	27.252605	0.001	
508.602	1986	1847.08	64.499	0.284022	27.426781	27.252605	0.001	
509.699	1986	1833.33	78.1854	0.284022	27.426781	27.252605	0.001	
510.796	1998	1841.1	81.8143	0.284022	27.426781	27.252605	0.001	
511.893	1998	1833.43	89.4215	0.284022	27.426781	27.252605	0.001	
512.99	2010	1843.69	90.7483	0.284022	27.426781	27.252605	0.001	
514.087	2019	1835.52	107.681	0.284022	27.426781	27.252605	0.001	
515.184	2032	1845.29	110.344	0.284022	27.426781	27.252605	0.001	
516.281	2029	1831.73	120.951	0.284022	27.426781	27.252605	0.001	
517.378	2050	1848.08	124.737	0.284022	27.426781	27.252605	0.001	
518.475	2053	1832.53	143.021	0.284022	27.426781	27.252605	0.001	
519.573	2079	1845.09	155.502	0.284022	27.426781	27.252605	0.001	
520.67	2073	1834.32	160.446	0.284022	27.426781	27.252605	0.001	
521.767	2087	1842	166.39	0.284022	27.426781	27.252605	0.001	
522.864	2102	1834.52	188.099	0.284022	27.426781	27.252605	0.001	
523.961	2117	1849.18	187.823	0.284022	27.426781	27.252605	0.001	
525.058	2125	1835.52	209.167	0.284022	27.426781	27.252605	0.001	
526.155	2152	1847.38	223.478	0.284022	27.426781	27.252605	0.001	
527.252	2150	1835.22	233.343	0.284022	27.426781	27.252605	0.001	
528.348	2179	1842.7	253.719	0.284022	27.426781	27.252605	0.001	
529.445	2175	1832.53	259.931	0.284022	27.426781	27.252605	0.001	
530.542	2206	1839.41	282.862	0.284022	27.426781	27.252605	0.001	
531.639	2216	1832.73	299.081	0.284022	27.426781	27.252605	0.001	
532.736	2254	1844.49	323.668	0.284022	27.426781	27.252605	0.001	
533.833	2243	1829.44	327.875	0.284022	27.426781	27.252605	0.001	
534.929	2280	1842.7	350.449	0.284022	27.426781	27.252605	0.001	
536.026	2303	1831.73	383.611	0.284022	27.426781	27.252605	0.001	
537.123	2322	1842.5	391.131	0.284022	27.426781	27.252605	0.001	
538.22	2330	1830.84	410.149	0.284022	27.426781	27.252605	0.001	
539.316	2373	1839.61	442.794	0.284022	27.426781	27.252605	0.001	
540.413	2381	1831.73	458.659	0.284022	27.426781	27.252605	0.001	
541.509	2424	1840.8	490.901	0.284022	27.426781	27.252605	0.001	
542.606	2442	1831.03	517.536	0.284022	27.426781	27.252605	0.001	
543.702	2469	1838.11	536.726	0.284022	27.426781	27.252605	0.001	
544.799	2486	1827.84	563.356	0.284022	27.426781	27.252605	0.001	
545.895	2536	1841	598.463	0.284022	27.426781	27.252605	0.001	
546.991	2561	1830.84	632.602	0.284022	27.426781	27.252605	0.001	
548.088	2607	1841.8	665.884	0.284022	27.426781	27.252605	0.001	
549.184	2615	1832.23	682.982	0.284022	27.426781	27.252605	0.001	
550.28	2672	1839.61	730.599	0.284022	27.426781	27.252605	0.001	
551.376	2695	1827.84	764.419	0.284022	27.426781	27.252605	0.001	
552.472	2735	1839.81	790.918	0.284022	27.426781	27.252605	0.001	
553.568	2771	1830.34	834.645	0.284022	27.426781	27.252605	0.001	
554.664	2818	1842.4	868.661	0.284022	27.426781	27.252605	0.001	
555.76	2840	1827.84	903.94	0.284022	27.426781	27.252605	0.001	
556.856	2895	1838.01	946.852	0.284022	27.426781	27.252605	0.001	
557.952	2917	1829.44	976.741	0.284022	27.426781	27.252605	0.001	
559.047	2983	1838.11	1031.59	0.284022	27.426781	27.252605	0.001	
560.143	3000	1829.84	1056.28	0.284022	27.426781	27.252605	0.001	
561.239	3051	1838.61	1097.05	0.284022	27.426781	27.252605	0.001	
562.334	3072	1827.75	1128.22	0.284022	27.426781	27.252605	0.001	
563.43	3129	1836.12	1174.65	0.284022	27.426781	27.252605	0.001	
564.525	3176	1826.55	1229.37	0.284022	27.426781	27.252605	0.001	
565.62	3231	1841.9	1268.28	0.284022	27.426781	27.252605	0.001	
566.715	3256	1828.14	1305.84	0.284022	27.426781	27.252605	0.001	
567.811	3322	1839.91	1357.57	0.284022	27.426781	27.252605	0.001	
568.906	3361	1828.14	1407.01	0.284022	27.426781	27.252605	0.001	
570.001	3403	1833.03	1442.59	0.284022	27.426781	27.252605	0.001	
571.095	3432	1828.64	1475	0.284022	27.426781	27.252605	0.001	
572.19	3483	1838.21	1515.31	0.284022	27.426781	27.252605	0.001	
573.285	3520	1826.45	1562.36	0.284022	27.426781	27.252605	0.001	
574.38	3579	1837.31	1608.55	0.284022	27.426781	27.252605	0.001	
575.474	3607	1826.25	1647.04	0.284022	27.426781	27.252605	0.001	
576.569	3666	1836.92	1694.44	0.284022	27.426781	27.252605	0.001	
577.663	3692	1826.85	1728.83	0.284022	27.426781	27.252605	0.001	
578.757	3747	1837.51	1771.04	0.284022	27.426781	27.252605	0.001	
579.851	3774	1829.14	1805.65	0.284022	27.426781	27.252605	0.001	
580.945	3828	1837.41	1850.07	0.284022	27.426781	27.252605	0.001	
582.039	3875	1827.84	1904.69	0.284022	27.426781	27.252605	0.001	
583.133	3910	1834.22	1932.58	0.284022	27.426781	27.252605	0.001	
584.227	3946	1827.84	1973.95	0.284022	27.426781	27.252605	0.001	
585.321	3991	1833.53	2011.87	0.284022	27.426781	27.252605	0.001	
586.414	4036	1828.94	2059.3	0.284022	27.426781	27.252605	0.001	
587.508	4077	1836.52	2091.79	0.284022	27.426781	27.252605	0.001	
588.601	4108	1826.85	2131.1	0.284022	27.426781	27.252605	0.001	
589.694	4168	1836.42	2179.95	0.284022	27.426781	27.252605	0.001	
590.787	4189	1830.24	2206.91	0.284022	27.426781	27.252605	0.001	
591.881	4245	1833.03	2258.58	0.284022	27.426781	27.252605	0.001	
592.973	4276	1828.44	2292.59	0.284022	27.426781	27.252605	0.001	
594.066	4317	1835.22	2325.43	0.284022	27.426781	27.252605	0.001	
595.159	4355	1825.25	2373.08	0.284022	27.426781	27.252605	0.001	
596.251	4409	1833.53	2416.78	0.284022	27.426781	27.252605	0.001	
597.344	4447	1828.74	2458.11	0.284022	27.426781	27.252605	0.001	
598.436	4499	1832.03	2505.74	0.284022	27.426781	27.252605	0.001	
599.528	4539	1829.94	2547.01	0.284022	27.426781	27.252605	0.001	
600.621	4598	1834.12	2600.97	0.284022	27.426781	27.252605	0.001	
601.713	4640	1826.95	2648.5	0.284022	27.426781	27.252605	0.001	
602.804	4701	1838.31	2695.96	0.284022	27.426781	27.252605	0.001	
603.896	4757	1830.93	2758.31	0.284022	27.426781	27.252605	0.001	
604.988	4813	1833.73	2810.39	0.284022	27.426781	27.252605	0.001	
606.079	4883	1831.13	2880.21	0.284022	27.426781	27.252605	0.001	
607.17	4928	1833.73	2921.97	0.284022	27.426781	27.252605	0.001	
608.262	4987	1825.25	2987.53	0.284022	27.426781	27.252605	0.001	
609.353	5058	1836.22	3044.63	0.284022	27.426781	27.252605	0.001	
610.443	5115	1829.14	3107.25	0.284022	27.426781	27.252605	0.001	
611.534	5185	1836.22	3169.15	0.284022	27.426781	27.252605	0.001	
612.625	5265	1831.63	3250.19	0.284022	27.426781	27.252605	0.001	
613.715	5333	1836.52	3311.27	0.284022	27.426781	27.252605	0.001	
614.806	5403	1835.02	3381.8	0.284022	27.426781	27.252605	0.001	
615.896	5484	1838.61	3456.63	0.284022	27.426781	27.252605	0.001	
616.986	5557	1831.33	3534.69	0.284022	27.426781	27.252605	0.001	
618.076	5643	1841.1	3608.26	0.284022	27.426781	27.252605	0.001	
619.165	5722	1833.93	3692.38	0.284022	27.426781	27.252605	0.001	
620.255	5809	1840.6	3769.33	0.284022	27.426781	27.252605	0.001	
621.344	5877	1831.83	3845.26	0.284022	27.426781	27.252605	0.001	
622.434	5979	1838.81	3936.04	0.284022	27.426781	27.252605	0.001	
623.523	6062	1833.33	4021.57	0.284022	27.426781	27.252605	0.001	
624.612	6162	1840.4	4111.62	0.284022	27.426781	27.252605	0.001	
625.701	6252	1833.83	4205.96	0.284022	27.426781	27.252605	0.001	
626.789	6347	1840.8	4292.7	0.284022	27.426781	27.252605	0.001	
627.878	6436	1831.73	4387.04	0.284022	27.426781	27.252605	0.001	
628.966	6538	1840.01	4478.1	0.284022	27.426781	27.252605	0.001	
630.054	6622	1835.82	4563.43	0.284022	27.426781	27.252605	0.001	
631.142	6721	1839.61	4655.48	0.284022	27.426781	27.252605	0.001	
632.23	6826	1836.22	4761	0.284022	27.426781	27.252605	0.001	
633.318	6934	1842.3	4860.18	0.284022	27.426781	27.252605	0.001	
634.405	7036	1831.33	4970.28	0.284022	27.426781	27.252605	0.001	
635.492	7129	1840.8	5051.11	0.284022	27.426781	27.252605	0.001	
636.579	7246	1834.92	5169.75	0.284022	27.426781	27.252605	0.001	
637.666	7372	1835.82	5293.28	0.284022	27.426781	27.252605	0.001	
638.753	7463	1834.02	5384.66	0.284022	27.426781	27.252605	0.001	
639.84	7591	1840.9	5500.01	0.284022	27.426781	27.252605	0.001	
640.926	7695	1834.62	5606.35	0.284022	27.426781	27.252605	0.001	
642.012	7834	1841.2	5735.23	0.284022	27.426781	27.252605	0.001	
643.098	7926	1835.82	5830.94	0.284022	27.426781	27.252605	0.001	
644.184	8065	1840.01	5961.71	0.284022	27.426781	27.252605	0.001	
645.27	8185	1834.72	6084.78	0.284022	27.426781	27.252605	0.001	
646.355	8304	1843.69	6190.05	0.284022	27.426781	27.252605	0.001	
647.441	8454	1836.32	6342.77	0.284022	27.426781	27.252605	0.001	
648.526	8558	1843.19	6437.96	0.284022	27.426781	27.252605	0.001	
649.611	8686	1835.92	6569.64	0.284022	27.426781	27.252605	0.001	
650.695	8828	1841.1	6701.2	0.284022	27.426781	27.252605	0.001	
651.78	8948	1834.32	6827.34	0.284022	27.426781	27.252605	0.001	
652.864	9100	1843.79	6963.2	0.284022	27.426781	27.252605	0.001	
653.948	9223	1836.22	7091.25	0.284022	27.426781	27.252605	0.001	
655.032	9380	1844.09	7235.12	0.284022	27.426781	27.252605	0.001	
656.116	9520	1834.22	7382.68	0.284022	27.426781	27.252605	0.001	
657.199	9671	1839.11	7523.56	0.284022	27.426781	27.252605	0.001	
658.283	9810	1833.33	7665.68	0.284022	27.426781	27.252605	0.001	
659.366	9993	1844.59	7831.18	0.284022	27.426781	27.252605	0.001	
660.448	10140	1836.72	7984.73	0.284022	27.426781	27.252605	0.001	
661.531	10292	1840.2	8127.98	0.284022	27.426781	27.252605	0.001	
662.614	10451	1837.02	8288.08	0.284022	27.426781	27.252605	0.001	
663.696	10610	1840.7	8438.39	0.284022	27.426781	27.252605	0.001	
664.778	10784	1838.71	8611.51	0.284022	27.426781	27.252605	0.001	
665.86	10949	1842.6	8769.99	0.284022	27.426781	27.252605	0.001	
666.941	11100	1832.83	8925.29	0.284022	27.426781	27.252605	0.001	
668.023	11277	1846.28	9084.71	0.284022	27.426781	27.252605	0.001	
669.104	11454	1835.82	9269.42	0.284022	27.426781	27.252605	0.001	
670.185	11625	1842.6	9430.68	0.284022	27.426781	27.252605	0.001	
671.265	11792	1839.31	9598.2	0.284022	27.426781	27.252605	0.001	
672.346	11983	1841.1	9781.96	0.284022	27.426781	27.252605	0.001	
673.426	12129	1837.51	9930.19	0.284022	27.426781	27.252605	0.001	
674.506	12325	1842.2	10114.7	0.284022	27.426781	27.252605	0.001	
675.586	12492	1834.32	10291.3	0.284022	27.426781	27.252605	0.001	
676.665	12712	1843.29	10497.9	0.284022	27.426781	27.252605	0.001	
677.745	12890	1833.43	10682.2	0.284022	27.426781	27.252605	0.001	
678.824	13123	1844.59	10898.2	0.284022	27.426781	27.252605	0.001	
679.903	13315	1836.42	11095.6	0.284022	27.426781	27.252605	0.001	
680.981	13542	1844.99	11308.3	0.284022	27.426781	27.252605	0.001	
682.059	13725	1837.31	11498.2	0.284022	27.426781	27.252605	0.001	
683.138	13943	1845.69	11703.7	0.284022	27.426781	27.252605	0.001	
684.215	14169	1840.2	11939.2	0.284022	27.426781	27.252605	0.001	
685.293	14385	1844.59	12142.2	0.284022	27.426781	27.252605	0.001	
686.37	14608	1838.51	12365	0.284022	27.426781	27.252605	0.001	
687.448	14832	1843.29	12584.9	0.284022	27.426781	27.252605	0.001	
688.524	15058	1840.3	12811.6	0.284022	27.426781	27.252605	0.001	
689.601	15312	1844.29	13056.1	0.284022	27.426781	27.252605	0.001	
690.678	15544	1837.81	13292.5	0.284022	27.426781	27.252605	0.001	
691.754	15817	1843	13558.4	0.284022	27.426781	27.252605	0.001	
692.83	16042	1840.2	13782.8	0.284022	27.426781	27.252605	0.001	
693.905	16335	1840.5	14071.3	0.284022	27.426781	27.252605	0.001	
694.98	16567	1836.12	14305.5	0.284022	27.426781	27.252605	0.001	
696.056	16852	1843.89	14581.2	0.284022	27.426781	27.252605	0.001	
697.13	17105	1837.31	14840.6	0.284022	27.426781	27.252605	0.001	
698.205	17387	1844.09	15106.5	0.284022	27.426781	27.252605	0.001	
699.279	17646	1836.92	15372.5	0.284022	27.426781	27.252605	0.001	
700.353	17933	1845.19	15645.4	0.284022	27.426781	27.252605	0.001	
701.427	18208	1839.01	15921.3	0.284022	27.426781	27.252605	0.001	
702.501	18504	1839.31	16218.2	0.284022	27.426781	27.252605	0.001	
703.574	18803	1840.3	16512.1	0.284022	27.426781	27.252605	0.001	
704.647	19121	1843.19	16828.1	0.284022	27.426781	27.252605	0.001	
705.719	19438	1834.72	17150.5	0.284022	27.426781	27.252605	0.001	
706.792	19749	1842.9	17451.1	0.284022	27.426781	27.252605	0.001	
707.864	20085	1835.92	17791.7	0.284022	27.426781	27.252605	0.001	
708.936	20400	1841.6	18097.3	0.284022	27.426781	27.252605	0.001	
710.007	20736	1840.2	18434.9	0.284022	27.426781	27.252605	0.001	
711.079	21054	1845.19	18747.2	0.284022	27.426781	27.252605	0.001	
712.15	21366	1839.41	19065.5	0.284022	27.426781	27.252605	0.001	
713.221	21693	1846.78	19381.6	0.284022	27.426781	27.252605	0.001	
714.291	22018	1836.22	19720	0.284022	27.426781	27.252605	0.001	
715.361	22337	1841.3	20037.9	0.284022	27.426781	27.252605	0.001	
716.431	22711	1838.81	20413.5	0.284022	27.426781	27.252605	0.001	
717.501	23035	1843.39	20724.9	0.284022	27.426781	27.252605	0.001	
718.57	23355	1842.9	21049.5	0.284022	27.426781	27.252605	0.001	
719.639	23720	1844.49	21410	0.284022	27.426781	27.252605	0.001	
720.707	24028	1836.22	21728.9	0.284022	27.426781	27.252605	0.001	
721.776	24375	1843.99	22062.1	0.284022	27.426781	27.252605	0.001	
722.844	24708	1839.01	22407.4	0.284022	27.426781	27.252605	0.001	
723.912	25051	1848.58	22734.7	0.284022	27.426781	27.252605	0.001	
724.979	25371	1839.11	23068.5	0.284022	27.426781	27.252605	0.001	
726.046	25711	1848.38	23402.6	0.284022	27.426781	27.252605	0.001	
727.113	26030	1839.01	23720.6	0.284022	27.426781	27.252605	0.001	
728.18	26304	1850.17	23990.2	0.284022	27.426781	27.252605	0.001	
729.246	26583	1840.8	24277.4	0.284022	27.426781	27.252605	0.001	
730.312	26826	1844.69	24515.3	0.284022	27.426781	27.252605	0.001	
731.378	27107	1840.01	24805.3	0.284022	27.426781	27.252605	0.001	
732.443	27317	1849.77	25003.3	0.284022	27.426781	27.252605	0.001	
733.508	27553	1841	25241.8	0.284022	27.426781	27.252605	0.001	
734.573	27803	1846.48	25493.6	0.284022	27.426781	27.252605	0.001	
735.637	28020	1842.4	25713.2	0.284022	27.426781	27.252605	0.001	
736.701	28223	1847.88	25906.9	0.284022	27.426781	27.252605	0.001	
737.765	28426	1845.99	26111.7	0.284022	27.426781	27.252605	0.001	
738.829	28609	1848.68	26287.9	0.284022	27.426781	27.252605	0.001	
739.892	28799	1844.19	26490.3	0.284022	27.426781	27.252605	0.001	
740.955	28968	1850.07	26650.5	0.284022	27.426781	27.252605	0.001	
742.017	29136	1840.5	26832.4	0.284022	27.426781	27.252605	0.001	
743.079	29310	1848.58	26995.7	0.284022	27.426781	27.252605	0.001	
744.141	29469	1843.89	27155.5	0.284022	27.426781	27.252605	0.001	
745.202	29591	1847.88	27275.8	0.284022	27.426781	27.252605	0.001	
746.264	29729	1845.19	27416.7	0.284022	27.426781	27.252605	0.001	
747.324	29875	1849.08	27561.2	0.284022	27.426781	27.252605	0.001	
748.385	29979	1843.79	27668.6	0.284022	27.426781	27.252605	0.001	
749.445	30067	1847.48	27750.6	0.284022	27.426781	27.252605	0.001	
750.505	30186	1845.79	27865.5	0.284022	27.426781	27.252605	0.001	
751.564	30317	1853.56	27991.3	0.284022	27.426781	27.252605	0.001	
752.623	30437	1847.28	28120.8	0.284022	27.426781	27.252605	0.001	
753.682	30546	1850.87	28220.7	0.284022	27.426781	27.252605	0.001	
754.741	30663	1846.28	28348.2	0.284022	27.426781	27.252605	0.001	
755.799	30758	1850.37	28434.5	0.284022	27.426781	27.252605	0.001	
756.857	30905	1844.19	28595.1	0.284022	27.426781	27.252605	0.001	
757.914	31047	1846.58	28734.2	0.284022	27.426781	27.252605	0.001	
758.971	31169	1842.8	28859.3	0.284022	27.426781	27.252605	0.001	
760.028	31311	1848.28	28993	0.284022	27.426781	27.252605	0.001	
761.084	31434	1845.29	29113.7	0.284022	27.426781	27.252605	0.001	
762.14	31589	1849.47	29261.7	0.284022	27.426781	27.252605	0.001	
763.196	31664	1841.8	29341.1	0.284022	27.426781	27.252605	0.001	
764.251	31791	1841.9	29469.5	0.284022	27.426781	27.252605	0.001	
765.306	31876	1841.3	29558.4	0.284022	27.426781	27.252605	0.001	
766.36	31973	1843.59	29652.7	0.284022	27.426781	27.252605	0.001	
767.415	32062	1837.51	29743.7	0.284022	27.426781	27.252605	0.001	
768.468	32149	1850.07	29821	0.284022	27.426781	27.252605	0.001	
769.522	32252	1838.81	29933.9	0.284022	27.426781	27.252605	0.001	
770.575	32364	1845.09	30040.6	0.284022	27.426781	27.252605	0.001	
771.628	32441	1838.31	30123.2	0.284022	27.426781	27.252605	0.001	
772.68	32550	1845.29	30222	0.284022	27.426781	27.252605	0.001	
773.732	32629	1835.42	30310.6	0.284022	27.426781	27.252605	0.001	
774.784	32754	1843	30423.3	0.284022	27.426781	27.252605	0.001	
775.835	32818	1839.51	30497	0.284022	27.426781	27.252605	0.001	
776.886	32909	1842.9	30577.9	0.284022	27.426781	27.252605	0.001	
777.936	33019	1841.4	30689.3	0.284022	27.426781	27.252605	0.001	
778.986	33155	1841.9	30829.3	0.284022	27.426781	27.252605	0.001	
780.036	33256	1836.12	30933.1	0.284022	27.426781	27.252605	0.001	
781.086	33302	1843.29	30969.2	0.284022	27.426781	27.252605	0.001	
782.135	33351	1835.82	31021.9	0.284022	27.426781	27.252605	0.001	
783.183	33403	1845.09	31064.2	0.284022	27.426781	27.252605	0.001	
784.231	33420	1838.91	31089.1	0.284022	27.426781	27.252605	0.001	
785.279	33380	1843.99	31035.4	0.284022	27.426781	27.252605	0.001	
786.327	33426	1833.53	31084.8	0.284022	27.426781	27.252605	0.001	
787.374	33434	1844.29	31085.2	0.284022	27.426781	27.252605	0.001	
788.42	33419	1837.11	31065.9	0.284022	27.426781	27.252605	0.001	
789.466	33419	1842.9	31067.3	0.284022	27.426781	27.252605	0.001	
790.512	33388	1835.62	31038.6	0.284022	27.426781	27.252605	0.001	
791.558	33428	1844.59	31061.7	0.284022	27.426781	27.252605	0.001	
792.603	33399	1839.31	31036.7	0.284022	27.426781	27.252605	0.001	
793.648	33439	1842	31069.6	0.284022	27.426781	27.252605	0.001	
794.692	33425	1843.79	31060.2	0.284022	27.426781	27.252605	0.001	
795.736	33415	1841.3	31045.2	0.284022	27.426781	27.252605	0.001	
796.779	33445	1836.72	31075	0.284022	27.426781	27.252605	0.001	
797.822	33413	1843.89	31031.4	0.284022	27.426781	27.252605	0.001	
798.865	33421	1838.81	31037.7	0.284022	27.426781	27.252605	0.001	
799.907	33414	1844.59	31022.2	0.284022	27.426781	27.252605	0.001	
800.949	33376	1837.02	30987.3	0.284022	27.426781	27.252605	0.001	
801.99	33387	1841.5	30990.8	0.284022	27.426781	27.252605	0.001	
803.031	33341	1837.02	30953.6	0.284022	27.426781	27.252605	0.001	
804.072	33362	1843.39	30969.6	0.284022	27.426781	27.252605	0.001	
805.112	33285	1837.11	30896.5	0.284022	27.426781	27.252605	0.001	
806.152	33305	1848.78	30898.3	0.284022	27.426781	27.252605	0.001	
807.191	33223	1841.3	30815.5	0.284022	27.426781	27.252605	0.001	
808.23	33207	1843.99	30789.1	0.284022	27.426781	27.252605	0.001	
809.268	33184	1836.82	30779.9	0.284022	27.426781	27.252605	0.001	
810.307	33150	1843.29	30745.2	0.284022	27.426781	27.252605	0.001	
811.344	33154	1837.31	30752.3	0.284022	27.426781	27.252605	0.001	
812.381	33134	1844.99	30715.6	0.284022	27.426781	27.252605	0.001	
813.418	33140	1841.8	30725.9	0.284022	27.426781	27.252605	0.001	
814.454	33119	1847.18	30691.8	0.284022	27.426781	27.252605	0.001	
815.49	33072	1841.9	30649.7	0.284022	27.426781	27.252605	0.001	
816.526	33105	1844.09	30674.1	0.284022	27.426781	27.252605	0.001	
817.561	33066	1843.1	30633.2	0.284022	27.426781	27.252605	0.001	
818.596	33087	1847.88	30647.4	0.284022	27.426781	27.252605	0.001	
819.63	33039	1839.81	30608	0.284022	27.426781	27.252605	0.001	
820.664	33079	1848.18	30641.9	0.284022	27.426781	27.252605	0.001	
821.697	33063	1841.5	30622.7	0.284022	27.426781	27.252605	0.001	
822.73	33077	1848.68	30631.4	0.284022	27.426781	27.252605	0.001	
823.762	33065	1843.69	30626.5	0.284022	27.426781	27.252605	0.001	
824.794	33090	1849.97	30644.5	0.284022	27.426781	27.252605	0.001	
825.826	33084	1845.09	30643.3	0.284022	27.426781	27.252605	0.001	
826.857	33035	1849.47	30586.5	0.284022	27.426781	27.252605	0.001	
827.887	33040	1844.39	30591.3	0.284022	27.426781	27.252605	0.001	
828.918	33014	1850.67	30556.8	0.284022	27.426781	27.252605	0.001	
829.947	32988	1846.68	30541.1	0.284022	27.426781	27.252605	0.001	
830.977	32973	1850.37	30520.4	0.284022	27.426781	27.252605	0.001	
832.005	32965	1843.79	30508.6	0.284022	27.426781	27.252605	0.001	
833.034	32961	1849.28	30507.6	0.284022	27.426781	27.252605	0.001	
834.062	32913	1849.77	30451.8	0.284022	27.426781	27.252605	0.001	
835.089	32880	1850.37	30424.7	0.284022	27.426781	27.252605	0.001	
836.116	32901	1841	30447.5	0.284022	27.426781	27.252605	0.001	
837.143	32949	1849.97	30484.6	0.284022	27.426781	27.252605	0.001	
838.169	33000	1841.6	30551.7	0.284022	27.426781	27.252605	0.001	
839.194	33032	1847.48	30570.4	0.284022	27.426781	27.252605	0.001	
840.22	33052	1843.1	30600.9	0.284022	27.426781	27.252605	0.001	
841.244	33117	1847.28	30657.6	0.284022	27.426781	27.252605	0.001	
842.268	33137	1843.79	30671.7	0.284022	27.426781	27.252605	0.001	
843.292	33180	1845.49	30717.1	0.284022	27.426781	27.252605	0.001	
844.315	33233	1843.69	30765.9	0.284022	27.426781	27.252605	0.001	
845.338	33272	1849.87	30796.8	0.284022	27.426781	27.252605	0.001	
846.36	33274	1843.79	30807.9	0.284022	27.426781	27.252605	0.001	
847.382	33332	1849.18	30861.6	0.284022	27.426781	27.252605	0.001	
848.404	33313	1843.69	30848.3	0.284022	27.426781	27.252605	0.001	
849.425	33359	1846.48	30894.2	0.284022	27.426781	27.252605	0.001	
850.445	33373	1846.19	30898	0.284022	27.426781	27.252605	0.001	
851.465	33385	1844.49	30913.5	0.284022	27.426781	27.252605	0.001	
852.484	33409	1844.29	30940.6	0.284022	27.426781	27.252605	0.001	
853.503	33428	1841.7	30959.3	0.284022	27.426781	27.252605	0.001	
854.522	33460	1841.8	30989	0.284022	27.426781	27.252605	0.001	
855.54	33482	1845.39	31002.2	0.284022	27.426781	27.252605	0.001	
856.557	33525	1841.8	31046.7	0.284022	27.426781	27.252605	0.001	
857.574	33576	1847.28	31095.2	0.284022	27.426781	27.252605	0.001	
858.591	33610	1836.82	31154.3	0.284022	27.426781	27.252605	0.001	
859.607	33647	1842.9	31182	0.284022	27.426781	27.252605	0.001	
860.622	33712	1840.5	31239.5	0.284022	27.426781	27.252605	0.001	
861.637	33760	1844.19	31286.9	0.284022	27.426781	27.252605	0.001	
862.652	33787	1838.81	31320.3	0.284022	27.426781	27.252605	0.001	
863.666	33846	1842.1	31377.2	0.284022	27.426781	27.252605	0.001	
864.679	33889	1838.31	31425.8	0.284022	27.426781	27.252605	0.001	
865.692	33971	1843.49	31500.8	0.284022	27.426781	27.252605	0.001	
866.705	34021	1836.42	31553.2	0.284022	27.426781	27.252605	0.001	
867.717	34065	1839.81	31598.1	0.284022	27.426781	27.252605	0.001	
868.728	34093	1841.9	31618.9	0.284022	27.426781	27.252605	0.001	
869.739	34119	1845.29	31636.3	0.284022	27.426781	27.252605	0.001	
870.75	34138	1840.9	31659.1	0.284022	27.426781	27.252605	0.001	
871.76	34157	1840.9	31670.3	0.284022	27.426781	27.252605	0.001	
872.769	34178	1839.91	31702.2	0.284022	27.426781	27.252605	0.001	
873.778	34205	1842.8	31720.7	0.284022	27.426781	27.252605	0.001	
874.786	34177	1836.82	31698.5	0.284022	27.426781	27.252605	0.001	
875.794	34211	1842.2	31722.4	0.284022	27.426781	27.252605	0.001	
876.802	34210	1840.6	31721.1	0.284022	27.426781	27.252605	0.001	
877.809	34174	1841.8	31665.6	0.284022	27.426781	27.252605	0.001	
878.815	34157	1839.81	31652.4	0.284022	27.426781	27.252605	0.001	
879.821	34125	1848.88	31612.4	0.284022	27.426781	27.252605	0.001	
880.826	34150	1840.01	31645	0.284022	27.426781	27.252605	0.001	
881.831	34129	1847.88	31615.1	0.284022	27.426781	27.252605	0.001	
882.835	34093	1838.31	31577.4	0.284022	27.426781	27.252605	0.001	
883.839	34076	1845.89	31558.6	0.284022	27.426781	27.252605	0.001	
884.842	34057	1837.02	31546.2	0.284022	27.426781	27.252605	0.001	
885.844	34069	1842.2	31547.7	0.284022	27.426781	27.252605	0.001	
886.847	34074	1841.2	31541.7	0.284022	27.426781	27.252605	0.001	
887.848	34025	1842.2	31492.5	0.284022	27.426781	27.252605	0.001	
888.849	33979	1838.11	31443.2	0.284022	27.426781	27.252605	0.001	
889.85	33935	1840.2	31390.2	0.284022	27.426781	27.252605	0.001	
890.85	33871	1835.42	31325.6	0.284022	27.426781	27.252605	0.001	
891.849	33781	1838.61	31236.9	0.284022	27.426781	27.252605	0.001	
892.848	33770	1839.31	31226.6	0.284022	27.426781	27.252605	0.001	
893.846	33789	1839.21	31236.7	0.284022	27.426781	27.252605	0.001	
894.844	33790	1836.62	31228.6	0.284022	27.426781	27.252605	0.001	
895.841	33759	1840.3	31190.2	0.284022	27.426781	27.252605	0.001	
896.838	33749	1839.11	31195	0.284022	27.426781	27.252605	0.001	
897.834	33748	1844.09	31180.7	0.284022	27.426781	27.252605	0.001	
898.83	33663	1841.8	31107	0.284022	27.426781	27.252605	0.001	
899.825	33615	1844.49	31054.1	0.284022	27.426781	27.252605	0.001	
900.819	33568	1837.61	30999.3	0.284022	27.426781	27.252605	0.001	
901.813	33547	1840.9	30973.9	0.284022	27.426781	27.252605	0.001	
902.807	33465	1841.5	30880.7	0.284022	27.426781	27.252605	0.001	
903.799	33391	1843.79	30800	0.284022	27.426781	27.252605	0.001	
904.792	33293	1841.2	30695.4	0.284022	27.426781	27.252605	0.001	
905.783	33213	1843.49	30616.6	0.284022	27.426781	27.252605	0.001	
906.775	33148	1840.7	30538.8	0.284022	27.426781	27.252605	0.001	
907.765	33082	1847.58	30453.5	0.284022	27.426781	27.252605	0.001	
908.755	33015	1842	30395.3	0.284022	27.426781	27.252605	0.001	
909.745	32963	1838.71	30354.9	0.284022	27.426781	27.252605	0.001	
910.733	32895	1840.4	30279.2	0.284022	27.426781	27.252605	0.001	
911.722	32815	1844.29	30190.8	0.284022	27.426781	27.252605	0.001	
912.71	32751	1838.61	30127.6	0.284022	27.426781	27.252605	0.001	
913.697	32711	1839.91	30089.6	0.284022	27.426781	27.252605	0.001	
914.683	32676	1840.1	30049.1	0.284022	27.426781	27.252605	0.001	
915.669	32609	1841.5	29968.5	0.284022	27.426781	27.252605	0.001	
916.655	32526	1837.61	29883.9	0.284022	27.426781	27.252605	0.001	
917.64	32447	1842.7	29789.4	0.284022	27.426781	27.252605	0.001	
918.624	32362	1836.22	29684.2	0.284022	27.426781	27.252605	0.001	
919.608	32288	1841.2	29613.1	0.284022	27.426781	27.252605	0.001	
920.591	32198	1838.11	29523.5	0.284022	27.426781	27.252605	0.001	
921.573	32076	1842.2	29387.4	0.284022	27.426781	27.252605	0.001	
922.555	32022	1840.8	29346.6	0.284022	27.426781	27.252605	0.001	
923.537	31850	1839.21	29164.9	0.284022	27.426781	27.252605	0.001	
924.517	31722	1842	29029.8	0.284022	27.426781	27.252605	0.001	
925.498	31604	1843.99	28897.1	0.284022	27.426781	27.252605	0.001	
926.477	31511	1836.52	28809.9	0.284022	27.426781	27.252605	0.001	
927.456	31369	1841.3	28652.2	0.284022	27.426781	27.252605	0.001	
928.435	31233	1838.61	28528.6	0.284022	27.426781	27.252605	0.001	
929.412	31113	1843	28405	0.284022	27.426781	27.252605	0.001	
930.39	30939	1838.81	28209.3	0.284022	27.426781	27.252605	0.001	
931.366	30794	1843.69	28063	0.284022	27.426781	27.252605	0.001	
932.342	30609	1840.4	27879.6	0.284022	27.426781	27.252605	0.001	
933.318	30426	1843.29	27691.5	0.284022	27.426781	27.252605	0.001	
934.293	30259	1835.92	27525.3	0.284022	27.426781	27.252605	0.001	
935.267	30083	1844.49	27335.6	0.284022	27.426781	27.252605	0.001	
936.24	29877	1837.51	27124.7	0.284022	27.426781	27.252605	0.001	
937.213	29679	1842.8	26928.2	0.284022	27.426781	27.252605	0.001	
938.186	29477	1841.5	26728.7	0.284022	27.426781	27.252605	0.001	
939.158	29309	1845.19	26555.3	0.284022	27.426781	27.252605	0.001	
940.129	29091	1838.21	26337	0.284022	27.426781	27.252605	0.001	
941.099	28921	1843.69	26152.7	0.284022	27.426781	27.252605	0.001	
942.069	28700	1838.01	25943.9	0.284022	27.426781	27.252605	0.001	
943.039	28519	1845.99	25751.9	0.284022	27.426781	27.252605	0.001	
944.007	28332	1838.51	25566.1	0.284022	27.426781	27.252605	0.001	
944.975	28185	1843.69	25402.8	0.284022	27.426781	27.252605	0.001	
945.943	28017	1838.81	25247.5	0.284022	27.426781	27.252605	0.001	
946.91	27884	1846.28	25092	0.284022	27.426781	27.252605	0.001	
947.876	27737	1837.21	24952.9	0.284022	27.426781	27.252605	0.001	
948.842	27619	1842	24808.6	0.284022	27.426781	27.252605	0.001	
949.807	27446	1844.99	24641	0.284022	27.426781	27.252605	0.001	
950.771	27314	1842.3	24522.1	0.284022	27.426781	27.252605	0.001	
951.735	27153	1840.8	24359.2	0.284022	27.426781	27.252605	0.001	
952.698	27011	1844.69	24226.8	0.284022	27.426781	27.252605	0.001	
953.66	26848	1840.4	24059.9	0.284022	27.426781	27.252605	0.001	
954.622	26711	1844.69	23918.6	0.284022	27.426781	27.252605	0.001	
955.584	26539	1843.39	23748.6	0.284022	27.426781	27.252605	0.001	
956.544	26367	1843.89	23569.7	0.284022	27.426781	27.252605	0.001	
957.504	26164	1836.72	23365.7	0.284022	27.426781	27.252605	0.001	
958.463	25969	1843.69	23168.6	0.284022	27.426781	27.252605	0.001	
959.422	25768	1837.61	22970.6	0.284022	27.426781	27.252605	0.001	
960.38	25590	1843.49	22786.4	0.284022	27.426781	27.252605	0.001	
961.338	25381	1840.1	22585.8	0.284022	27.426781	27.252605	0.001	
962.294	25163	1846.58	22359.3	0.284022	27.426781	27.252605	0.001	
963.25	24974	1838.11	22177.3	0.284022	27.426781	27.252605	0.001	
964.206	24725	1843.89	21926.3	0.284022	27.426781	27.252605	0.001	
965.161	24516	1841.7	21720.3	0.284022	27.426781	27.252605	0.001	
966.115	24265	1847.28	21457.6	0.284022	27.426781	27.252605	0.001	
