873.750	1991.44	2025.94	-1378.60	0.001	 0.012180	-0.33234	40.81598	-5.29948
875.313	2000.8	2036.09	-641.867	0.001
876.875	2008.65	2040.07	-877.301	0.001
878.438	2016.04	2042.16	-1870.19	0.001
880	2020.17	2040.37	174.782	0.001
881.563	2023.12	2036.99	680.476	0.001
883.125	2021.92	2036.49	578.724	0.001
884.688	2018.97	2037.18	288.683	0.001
886.25	2018	2038.28	208.674	0.001
887.813	2018	2039.67	212.648	0.001
889.375	2018	2039.47	191.184	0.001
890.938	2018	2038.28	160.373	0.001
892.5	2022.84	2041.56	359.118	0.001
894.063	2030.73	2047.63	-9170.02	0.001
895.625	2032.56	2051.51	580.339	0.001
897.188	2030.09	2053.9	-70.0501	0.001
898.75	2030.1	2052.8	-17.7817	0.001
900.313	2032.07	2049.02	1040.44	0.001
901.875	2033.26	2047.03	3436.25	0.001
903.438	2033.75	2046.83	3742.51	0.001
905	2028.08	2042.75	2022.87	0.001
906.563	2016.25	2034.8	1656.37	0.001
908.125	2015.82	2035.19	4061.35	0.001
909.688	2028.15	2045.14	1694.73	0.001
911.25	2031.05	2050.22	270.7	0.001
912.813	2022.17	2049.42	-392.659	0.001
914.375	2013.91	2044.15	-564.698	0.001
915.938	2006.5	2032.81	-290.72	0.001
917.5	2006.44	2028.13	41.7913	0.001
919.063	2017.79	2034	1918.52	0.001
920.625	2027.52	2039.57	998.39	0.001
922.188	2034.43	2044.55	968.34	0.001
923.75	2038.5	2048.42	1356.04	0.001
925.313	2037.02	2049.92	1323.11	0.001
926.875	2034.3	2048.23	509.617	0.001
928.438	2028.86	2039.47	1667.25	0.001
930	2026.57	2032.81	11363.5	0.001
931.563	2032	2031.51	1987.6	0.001
933.125	2036.52	2030.52	1513.67	0.001
934.688	2038.5	2030.32	1717.22	0.001
936.25	2041.89	2030.72	1816.46	0.001
937.813	2049.8	2033.21	1632.2	0.001
939.375	2058.23	2036.79	1561.26	0.001
940.938	2068.61	2044.25	1643.94	0.001
942.5	2076.34	2048.03	1598.55	0.001
944.063	2072.88	2036.59	1252.57	0.001
945.625	2073.81	2028.73	1136.65	0.001
947.188	2096.56	2039.37	1309.83	0.001
948.75	2119.02	2047.93	1428.04	0.001
950.313	2139.78	2044.74	1308.41	0.001
951.875	2159.15	2041.36	1248.63	0.001
953.438	2168.55	2035.89	1236.1	0.001
955	2180.38	2032.21	1236.87	0.001
956.563	2214	2043.15	1320.45	0.001
958.125	2247.97	2052.5	1390.56	0.001
959.688	2286.07	2041.46	1401.67	0.001
961.25	2324.82	2031.22	1410.56	0.001
962.813	2374.3	2032.81	1374.42	0.001
964.375	2424.32	2034.3	1353.7	0.001
965.938	2489.16	2034.9	1392.02	0.001
967.5	2554.43	2035.59	1425.45	0.001
969.063	2647.48	2045.24	1440.66	0.001
970.625	2740.52	2054.79	1456.08	0.001
972.188	2829.17	2039.77	1463.41	0.001
973.75	2917.79	2024.45	1472.67	0.001
975.313	3036.82	2030.02	1470.81	0.001
976.875	3156.63	2036.09	1472.02	0.001
978.438	3281.21	2035.59	1483.35	0.001
980	3406.01	2034.9	1495.51	0.001
981.563	3528.53	2032.41	1482.7	0.001
983.125	3650.9	2029.82	1472.89	0.001
984.688	3780.53	2034.8	1481.57	0.001
986.25	3910.82	2040.37	1492.4	0.001
987.813	4022.89	2037.78	1493.44	0.001
989.375	4132.91	2034.2	1494.95	0.001
990.938	4243.39	2029.42	1503.35	0.001
992.5	4353.93	2024.45	1513.1	0.001
994.063	4460.62	2022.06	1522.85	0.001
995.625	4566.71	2020.07	1532.99	0.001
997.188	4674.92	2024.15	1541.92	0.001
998.75	4783.51	2029.42	1551	0.001
1000.31	4895.81	2028.13	1561.91	0.001
1001.88	5008.87	2025.45	1573.56	0.001
1003.44	5128.04	2027.93	1587.84	0.001
1005	5248.62	2031.61	1602.76	0.001
1006.56	5369.56	2038.88	1613.39	0.001
1008.13	5490.59	2047.03	1623.41	0.001
1009.69	5613.62	2041.06	1633.54	0.001
1011.25	5737.21	2031.02	1644.05	0.001
1012.81	5865.75	2031.22	1659.89	0.001
1014.38	5995.79	2034.5	1677.38	0.001
1015.94	6142.67	2037.18	1691.01	0.001
1017.5	6295.1	2039.77	1703.65	0.001
1019.06	6445.33	2040.47	1713.86	0.001
1020.63	6594.77	2040.47	1723.6	0.001
1022.19	6738.14	2035.69	1735.2	0.001
1023.75	6879.19	2029.13	1747.61	0.001
1025.31	7036.52	2031.71	1760.38	0.001
1026.88	7200.47	2037.98	1773.52	0.001
1028.44	7355.41	2030.02	1784.64	0.001
1030	7506.45	2015.9	1795.21	0.001
1031.56	7666.37	2014.6	1808.49	0.001
1033.13	7830.37	2019.18	1823.17	0.001
1034.69	7995.07	2023.75	1835.57	0.001
1036.25	8160.12	2028.13	1847.14	0.001
1037.81	8318.59	2027.53	1859.77	0.001
1039.38	8473.7	2024.25	1873.14	0.001
1040.94	8617.21	2018.18	1885.08	0.001
1042.5	8754.46	2010.52	1896.44	0.001
1044.06	8861.54	2013.01	1906.61	0.001
1045.63	8951.58	2021.17	1916.28	0.001
1047.19	8990.94	2019.97	1928.41	0.001
1048.75	9000.4	2013.31	1942	0.001
1050.31	9008	2013.31	1955.42	0.001
1051.88	9014.47	2017.49	1968.83	0.001
1053.44	9016.7	2019.88	1982.41	0.001
1055	9016.2	2021.07	1996.22	0.001
1056.56	9020.78	2022.96	2010.21	0.001
1058.13	9028.74	2025.25	2024.46	0.001
1059.69	9042.01	2025.25	2039.56	0.001
1061.25	9058.94	2023.56	2055.37	0.001
1062.81	9099.99	2023.16	2069.63	0.001
1064.38	9158.24	2023.75	2082.92	0.001
1065.94	9225.12	2022.26	2096.67	0.001
1067.5	9298.36	2019.28	2110.8	0.001
1069.06	9399.33	2018.08	2125.22	0.001
1070.63	9521.4	2018.28	2139.96	0.001
1072.19	9654.4	2016.59	2156.18	0.001
1073.75	9795.95	2013.41	2173.64	0.001
1075.31	9947.47	2012.31	2189.3	0.001
1076.88	10107	2012.91	2203.69	0.001
1078.44	10268.5	2014.11	2218.07	0.001
1080	10431.5	2015.8	2232.55	0.001
1081.56	10593.2	2012.22	2246.73	0.001
1083.13	10753.8	2004.36	2260.79	0.001
1084.69	10919.8	2004.46	2275	0.001
1086.25	11090.4	2011.32	2289.45	0.001
1087.81	11261.3	2015.8	2303.75	0.001
1089.38	11432.5	2018.18	2318.05	0.001
1090.94	11601.5	2015.6	2332.38	0.001
1092.5	11768.7	2008.63	2346.85	0.001
1094.06	11932.5	2005.45	2363.36	0.001
1095.63	12093.3	2005.85	2381.75	0.001
1097.19	12253.2	2007.54	2397.17	0.001
1098.75	12412.5	2010.62	2410.06	0.001
1100.31	12564.6	2014.6	2422.38	0.001
1101.88	12709.9	2019.58	2434.3	0.001
1103.44	12852.4	2018.88	2448.34	0.001
1105	12992.2	2012.81	2464.43	0.001
1106.56	13132.6	2010.72	2481.35	0.001
1108.13	13273.6	2012.41	2499.15	0.001
1109.69	13416.5	2013.51	2514.77	0.001
1111.25	13561.5	2014.01	2528.47	0.001
1112.81	13702.1	2015.8	2544.01	0.001
1114.38	13838.5	2018.88	2561.38	0.001
1115.94	13968.9	2019.48	2579.16	0.001
1117.5	14093.4	2017.69	2597.41	0.001
1119.06	14213.5	2018.28	2613.24	0.001
1120.63	14329.6	2021.17	2626.96	0.001
1122.19	14442.5	2019.28	2640.47	0.001
1123.75	14552.6	2012.71	2653.9	0.001
1125.31	14669.6	2014.2	2668.45	0.001
1126.88	14793.2	2023.26	2684.16	0.001
1128.44	14915.3	2027.83	2698.3	0.001
1130	15035.9	2028.33	2711.08	0.001
1131.56	15147.4	2024.75	2727.07	0.001
1133.13	15250.6	2017.39	2746.16	0.001
1134.69	15350.3	2010.23	2760.67	0.001
1136.25	15447	2003.16	2771.16	0.001
1137.81	15564.1	2001.87	2784.68	0.001
1139.38	15699.8	2006.05	2801.01	0.001
1140.94	15820.5	2012.71	2817.91	0.001
1142.5	15927.8	2021.67	2835.39	0.001
1144.06	16036.6	2019.88	2853.13	0.001
1145.63	16146.8	2008.44	2871.25	0.001
1147.19	16263	2002.57	2887.28	0.001
1148.75	16384.3	2001.57	2901.61	0.001
1150.31	16503.7	2003.66	2916.78	0.001
1151.88	16621.5	2008.44	2932.8	0.001
1153.44	16735.8	2008.53	2948.09	0.001
1155	16847.1	2004.66	2962.88	0.001
1156.56	16972.1	2007.24	2978.63	0.001
1158.13	17108	2015.1	2995.26	0.001
1159.69	17238.7	2015.8	3010.71	0.001
1161.25	17365.1	2010.92	3025.36	0.001
1162.81	17491.5	2007.94	3041.44	0.001
1164.38	17618	2006.25	3058.76	0.001
1165.94	17745.4	2006.74	3074.37	0.001
1167.5	17873.4	2008.63	3088.84	0.001
1169.06	17999.7	2007.54	3105.02	0.001
1170.63	18124.7	2004.06	3122.56	0.001
1172.19	18246.2	1999.48	3138.65	0.001
1173.75	18365.2	1994.01	3153.83	0.001
1175.31	18506.6	1998.79	3171.24	0.001
1176.88	18662.8	2010.52	3190.26	0.001
1178.44	18823.4	2016.59	3207.58	0.001
1180	18986.7	2019.18	3223.9	0.001
1181.56	19131.4	2014.5	3239.44	0.001
1183.13	19264.6	2005.35	3254.62	0.001
1184.69	19406	2003.76	3270.29	0.001
1186.25	19552.4	2006.64	3286.34	0.001
1187.81	19708.4	2012.61	3304.15	0.001
1189.38	19869.8	2020.37	3323.08	0.001
1190.94	20018.8	2022.26	3339.13	0.001
1192.5	20161.2	2020.87	3353.77	0.001
1194.06	20318.3	2007.94	3370.06	0.001
1195.63	20482.8	1989.14	3387.33	0.001
1197.19	20647.7	1986.55	3404.89	0.001
1198.75	20812.8	1991.62	3422.64	0.001
1200.31	20966.1	1997.29	3437.08	0.001
1201.88	21114.1	2003.26	3450.2	0.001
1203.44	21272.4	2004.66	3464.75	0.001
1205	21435.1	2003.96	3480	0.001
1206.56	21615.9	2008.83	3497.36	0.001
1208.13	21803.7	2015.8	3515.7	0.001
1209.69	21989.8	2014.5	3533.53	0.001
1211.25	22175.2	2010.23	3551.25	0.001
1212.81	22357.7	2001.37	3563.38	0.001
1214.38	22539.1	1990.93	3573.9	0.001
1215.94	22711.4	1991.13	3587.96	0.001
1217.5	22880.8	1994.51	3603.16	0.001
1219.06	23049.8	1995.4	3618.48	0.001
1220.63	23218.7	1995.6	3633.99	0.001
1222.19	23402.2	2002.57	3650.38	0.001
1223.75	23589.4	2011.22	3667.06	0.001
1225.31	23760.9	2009.83	3682.72	0.001
1226.88	23928.9	2006.25	3698.32	0.001
1228.44	24086.5	2002.77	3712.52	0.001
1230	24241.9	1999.18	3726.51	0.001
1231.56	24406.9	2003.56	3739.01	0.001
1233.13	24573.5	2009.43	3751.41	0.001
1234.69	24740.1	2006.74	3764.82	0.001
1236.25	24906.8	2002.96	3778.45	0.001
1237.81	25085.6	2008.34	3792.69	0.001
1239.38	25265.8	2014.9	3807.16	0.001
1240.94	25414	2005.45	3819.93	0.001
1242.5	25559.1	1994.41	3832.58	0.001
1244.06	25738.9	1999.18	3847.93	0.001
1245.63	25921.4	2005.15	3863.61	0.001
1247.19	26070.7	2002.86	3878.85	0.001
1248.75	26218.3	2000.08	3894.12	0.001
1250.31	26403.4	2004.66	3910.41	0.001
1251.88	26589.5	2009.43	3926.87	0.001
1253.44	26772.6	2001.87	3948.28	0.001
1255	26955.9	1994.51	3969.58	0.001
1256.56	27146.1	1998.59	3985.57	0.001
1258.13	27335.7	2002.37	4001.63	0.001
1259.69	27510.8	1997.49	4016.15	0.001
1261.25	27684.1	1992.92	4030.66	0.001
1262.81	27833	1993.02	4044.01	0.001
1264.38	27982.5	1994.11	4057.82	0.001
1265.94	28139	2004.85	4074.58	0.001
1267.5	28298.8	2014.5	4091.56	0.001
1269.06	28482.6	2016.09	4110.23	0.001
1270.63	28664.9	2016.69	4128.93	0.001
1272.19	28837.7	2011.42	4146.97	0.001
1273.75	29003.9	2006.35	4164.77	0.001
1275.31	29137.7	2002.77	4181.3	0.001
1276.88	29270.5	2003.66	4196.85	0.001
1278.44	29399.2	2023.16	4207.77	0.001
1280	29525.1	2035	4219.79	0.001
1281.56	29640.7	2020.67	4235.49	0.001
1283.13	29761.1	2011.32	4251.85	0.001
1284.69	29895.5	2016.39	4269.63	0.001
1286.25	30020.9	2016.99	4286.34	0.001
1287.81	30123.4	2005.85	4300.28	0.001
1289.38	30220.3	1997.69	4313.59	0.001
1290.94	30304.5	1996.1	4325.11	0.001
1292.5	30393	1996.1	4337.53	0.001
1294.06	30489.5	1999.38	4351.62	0.001
1295.63	30596	2001.17	4366.71	0.001
1297.19	30719.4	2000.48	4383.19	0.001
1298.75	30846.1	1997.79	4401.19	0.001
1300.31	30977.7	1992.02	4421.41	0.001
1301.88	31100.7	1988.84	4440.09	0.001
1303.44	31212.4	1988.84	4456.46	0.001
1305	31311.2	1989.44	4470.43	0.001
1306.56	31395.1	1990.63	4481.64	0.001
1308.13	31493.7	1992.22	4495.73	0.001
1309.69	31607.1	1994.31	4512.48	0.001
1311.25	31710	1994.01	4528.97	0.001
1312.81	31803.5	1991.72	4545.18	0.001
1314.38	31881.6	1990.23	4558.27	0.001
1315.94	31947.7	1989.24	4568.75	0.001
1317.5	32031.1	1994.01	4579.82	0.001
1319.06	32125.7	2002.47	4591.29	0.001
1320.63	32200.3	1995.2	4604.4	0.001
1322.19	32263.4	1978.99	4618.28	0.001
1323.75	32351.3	1983.07	4633.01	0.001
1325.31	32451.1	1996.9	4648.16	0.001
1326.88	32554.2	1999.68	4664.26	0.001
1328.44	32658.6	1997.99	4680.58	0.001
1330	32733	2007.34	4693	0.001
1331.56	32797.2	2020.37	4704.1	0.001
1333.13	32853	2011.92	4716.87	0.001
1334.69	32906.6	1997.49	4729.94	0.001
1336.25	32992.9	1988.64	4743.5	0.001
1337.81	33086.2	1980.98	4757.15	0.001
1339.38	33158.4	1985.26	4771.62	0.001
1340.94	33227.3	1991.33	4786.07	0.001
1342.5	33315.5	1997	4803.49	0.001
1344.06	33405.8	2002.67	4821.24	0.001
1345.63	33466.8	1999.18	4849.26	0.001
1347.19	33526	1995.2	4877.91	0.001
1348.75	33572.7	1996.4	4905.36	0.001
1350.31	33618.3	1997.39	4933.38	0.001
1351.88	33628.5	1988.34	4981.63	0.001
1353.44	33642.6	1980.48	5029.59	0.001
1355	33712.1	1990.63	5067.8	0.001
1356.56	33779.7	1999.78	5107.73	0.001
1358.13	33831.8	2000.48	5160.39	0.001
1359.69	33876.4	2000.28	5210.4	0.001
1361.25	33878.9	1995.7	5243.51	0.001
1362.81	33897.7	1994.01	5264.97	0.001
1364.38	33982.6	2003.76	5238.73	0.001
1365.94	34027.5	2010.33	5217.72	0.001
1367.5	33946.7	2006.55	5211.77	0.001
1369.06	33827	2001.57	5189.8	0.001
1370.63	33610.5	1993.81	5128.72	0.001
1372.19	33300	1990.03	5059.31	0.001
1373.75	32800.9	1994.01	4972.22	0.001
1375.31	32227.7	1993.61	4902.87	0.001
1376.88	31533.5	1986.35	4861.24	0.001
1378.44	30914.4	1986.85	4849.26	0.001
1380	30396.5	1997.89	4879.67	0.001
1381.56	30140	2000.48	4880.22	0.001
1383.13	30173.9	1993.91	4847.71	0.001
1384.69	30360.3	1993.02	4826.02	0.001
1386.25	30686.2	1997.59	4814.27	0.001
1387.81	31082.3	1997.29	4826.87	0.001
1389.38	31531	1993.51	4857.28	0.001
1390.94	31974.1	1993.61	4918.44	0.001
1392.5	32413.7	1996.2	4998.75	0.001
1394.06	32876	1989.93	5063.95	0.001
1395.63	33349.5	1979.49	5121.53	0.001
1397.19	33797.2	1975.91	5169.15	0.001
1398.75	34235.1	1975.01	5212.78	0.001
1400.31	34640.8	1979.69	5240.89	0.001
1401.88	35037.3	1986.05	5264.51	0.001
1403.44	35333.1	1987.25	5301.46	0.001
1405	35607.9	1987.35	5341.21	0.001
1406.56	35923	1995.4	5365.8	0.001
1408.13	36243.5	2004.56	5388.39	0.001
1409.69	36565.6	2000.08	5394.55	0.001
1411.25	36887.9	1994.51	5399.71	0.001
1412.81	37154.4	1996.5	5430.22	0.001
1414.38	37419.7	1998.29	5460.43	0.001
1415.94	37672.2	1993.02	5474.28	0.001
1417.5	37918.9	1989.44	5488.89	0.001
1419.06	38112.4	2002.27	5510.29	0.001
1420.63	38300	2011.92	5531	0.001
1422.19	38455.4	2004.36	5547.36	0.001
1423.75	38614.4	1998.49	5563.18	0.001
1425.31	38786.9	1998.39	5577.08	0.001
1426.88	38948.2	1997.29	5592.59	0.001
1428.44	39079	1993.02	5612.07	0.001
1430	39216.4	1992.42	5631.56	0.001
1431.56	39367.3	1999.38	5651.11	0.001
1433.13	39518.9	2004.95	5666.23	0.001
1434.69	39671.4	2008.34	5674.01	0.001
1436.25	39816.2	2008.04	5687.82	0.001
1437.81	39951.2	2003.26	5709.07	0.001
1439.38	40080.9	1997.59	5727.6	0.001
1440.94	40205.2	1991.23	5743.21	0.001
1442.5	40327.2	1993.12	5756.89	0.001
1444.06	40447.3	2001.27	5769.07	0.001
1445.63	40582.8	2006.64	5779.36	0.001
1447.19	40727.3	2010.42	5788.35	0.001
1448.75	40837.3	2005.55	5799.57	0.001
1450.31	40931.7	1996.8	5811.74	0.001
1451.88	41038.3	1997.19	5820.71	0.001
1453.44	41148.8	2000.48	5828.49	0.001
1455	41252.6	2000.08	5839.06	0.001
1456.56	41354.9	1998.79	5850.21	0.001
1458.13	41466.8	1994.71	5866.22	0.001
1459.69	41580	1990.33	5882.73	0.001
1461.25	41671.2	1994.91	5896.82	0.001
1462.81	41761.7	1999.88	5910.81	0.001
1464.38	41894.1	1996.2	5930.93	0.001
1465.94	42024.6	1992.52	5951.17	0.001
1467.5	42133.2	1988.84	5974.45	0.001
1469.06	42237.1	1985.75	5996.4	0.001
1470.63	42313.2	1987.05	6010.59	0.001
1472.19	42391.3	1988.94	6023.86	0.001
1473.75	42476.7	1992.92	6034.25	0.001
1475.31	42556.6	1993.41	6045.08	0.001
1476.88	42622.4	1984.96	6057.2	0.001
1478.44	42688.9	1983.47	6068.13	0.001
1480	42756.8	1994.51	6077.03	0.001
1481.56	42811.1	1999.08	6085.63	0.001
1483.13	42846.9	1994.91	6093.93	0.001
1484.69	42873.7	1992.02	6103.57	0.001
1486.25	42891.3	1990.63	6114.67	0.001
1487.81	42897.8	1995.5	6123.41	0.001
1489.38	42895.8	2005.15	6130.41	0.001
1490.94	42912.5	2012.22	6135.84	0.001
1492.5	42940	2017.79	6140.43	0.001
1494.06	42959	2014.7	6151.93	0.001
1495.63	42974.6	2008.24	6166.34	0.001
1497.19	43006.4	2007.54	6181.36	0.001
1498.75	43042.8	2008.44	6196.58	0.001
1500.31	43090.3	2003.86	6211.98	0.001
1501.88	43139.6	1998.29	6227.53	0.001
1503.44	43132.8	1998.59	6235.83	0.001
1505	43122	1999.18	6243.55	0.001
1506.56	43119.9	1993.31	6249.39	0.001
1508.13	43120.4	1988.64	6255.96	0.001
1509.69	43149.6	1996.8	6269.81	0.001
1511.25	43180.2	2003.66	6283.85	0.001
1512.81	43218.7	2004.26	6299	0.001
1514.38	43245.8	2003.06	6313.52	0.001
1515.94	43236.4	1995.9	6325.65	0.001
1517.5	43230.5	1992.52	6338.5	0.001
1519.06	43232.1	1997	6352.96	0.001
1520.63	43211.1	2001.27	6365.19	0.001
1522.19	43155.9	2005.25	6373.74	0.001
1523.75	43083.8	2005.65	6381.2	0.001
1525.31	42993.2	2002.17	6387.42	0.001
1526.88	42915.6	1998.29	6394.67	0.001
1528.44	42848.3	1993.91	6402.58	0.001
1530	42824.7	2000.08	6408.79	0.001
1531.56	42825.7	2012.22	6414.01	0.001
1533.13	42797.1	2008.73	6421.13	0.001
1534.69	42756.9	1999.28	6428.82	0.001
1536.25	42731.8	2012.12	6441.89	0.001
1537.81	42710.4	2030.52	6456.28	0.001
1539.38	42675.1	2024.15	6472.77	0.001
1540.94	42638.1	2014.7	6489.42	0.001
1542.5	42571	2007.94	6504.25	0.001
1544.06	42502.7	2001.67	6518.53	0.001
1545.63	42427.5	2004.26	6525.2	0.001
1547.19	42346.8	2006.05	6532.04	0.001
1548.75	42232.9	2003.06	6540.96	0.001
1550.31	42125.4	2000.18	6552.04	0.001
1551.88	42039.6	1997.79	6570.73	0.001
1553.44	41965.9	2000.38	6587.87	0.001
1555	41918.3	2013.51	6601.75	0.001
1556.56	41852.1	2018.18	6612.77	0.001
1558.13	41758.5	2010.23	6619.63	0.001
1559.69	41659.1	1999.38	6627.43	0.001
1561.25	41553.9	1985.56	6636.31	0.001
1562.81	41528.9	1993.12	6642.72	0.001
1564.38	41561.4	2016.09	6647.48	0.001
1565.94	41816.5	2010.82	6656.56	0.001
1567.5	42179.5	1991.82	6667.79	0.001
1569.06	42596.8	1992.42	6673.45	0.001
1570.63	43030.8	1999.18	6677.58	0.001
1572.19	43395.6	1998.09	6681.06	0.001
1573.75	43748.9	1995.7	6684.51	0.001
1575.31	44004.4	1994.71	6692.16	0.001
1576.88	44249.3	1993.71	6700.33	0.001
1578.44	44374.2	1990.53	6712.22	0.001
1580	44488.4	1989.04	6724.76	0.001
1581.56	44535.7	1998.39	6741.3	0.001
1583.13	44557.5	2004.46	6757.67	0.001
1584.69	44495	1999.48	6773.08	0.001
1586.25	44406.1	1996.6	6787.29	0.001
1587.81	44262.7	1997.99	6798.97	0.001
1589.38	44097.6	1998.19	6811.07	0.001
1590.94	43903.2	1996.6	6823.56	0.001
1592.5	43665.4	1998.59	6835.78	0.001
1594.06	43387.8	2003.86	6847.71	0.001
1595.63	43091.6	2001.07	6861.03	0.001
1597.19	42783.9	1993.31	6875.06	0.001
1598.75	42488.6	1995.9	6886.97	0.001
1600.31	42198.1	2002.67	6897.99	0.001
1601.88	41899.8	2002.47	6903.19	0.001
1603.44	41599.9	2000.58	6906.79	0.001
1605	41301.6	1998.39	6914.61	0.001
1606.56	41003.3	1996.1	6922.63	0.001
1608.13	40688.8	1994.21	6928.6	0.001
1609.69	40375.8	1993.91	6935.11	0.001
1611.25	40074.3	2004.66	6947.3	0.001
1612.81	39756.6	2011.92	6959.13	0.001
1614.38	39382.9	2007.24	6969.93	0.001
1615.94	39019.4	2004.56	6982.61	0.001
1617.5	38677	2005.85	6999.57	0.001
1619.06	38328.5	2005.95	7012.93	0.001
1620.63	37971.7	2004.75	7021.42	0.001
1622.19	37584.4	2003.56	7029.15	0.001
1623.75	37170.4	2002.27	7036.22	0.001
1625.31	36754.7	2002.07	7039.19	0.001
1626.88	36338.1	2002.37	7039.73	0.001
1628.44	35914.1	2002.77	7043.01	0.001
1630	35487.7	2003.06	7047.09	0.001
1631.56	35058	1997	7062.09	0.001
1633.13	34627.7	1989.83	7079.18	0.001
1634.69	34111.2	2007.34	7081.33	0.001
1636.25	33584.8	2023.75	7082.91	0.001
