873.750	2041.10	2069.15	-614.46	0.001	 0.240640	 0.36012	40.81598	-5.29948
875.313	2058.83	2089.04	-365.845	0.001
876.875	2063	2090.03	-408.976	0.001
878.438	2063	2085.28	182.965	0.001
880	2061.92	2080.23	379.744	0.001
881.563	2060.44	2074.99	657.774	0.001
883.125	2058.96	2072.72	671.081	0.001
884.688	2057.48	2071.63	616.422	0.001
886.25	2059.99	2075.39	797.569	0.001
887.813	2064.42	2081.52	2374.95	0.001
889.375	2063.78	2086.07	105.411	0.001
890.938	2060.33	2089.73	-573.007	0.001
892.5	2063.54	2093.69	-765.145	0.001
894.063	2070.93	2097.84	7041.69	0.001
895.625	2074.29	2104.47	-1268.4	0.001
897.188	2074.78	2113.08	-724.594	0.001
898.75	2072.53	2110.8	-687.296	0.001
900.313	2068.09	2099.72	-1724.03	0.001
901.875	2067.3	2093.59	-1432.46	0.001
903.438	2069.77	2091.81	283.389	0.001
905	2068.04	2087.65	827.163	0.001
906.563	2062.12	2081.02	1727.47	0.001
908.125	2062.49	2082.71	3583.55	0.001
909.688	2069.89	2093.59	-304.685	0.001
911.25	2074	2101.3	-388.159	0.001
912.813	2074	2105.26	-660.883	0.001
914.375	2070.08	2102.19	-651.853	0.001
915.938	2060.7	2089.33	-408.699	0.001
917.5	2056.74	2082.01	-313.837	0.001
919.063	2061.18	2083.1	233.168	0.001
920.625	2065.44	2084.98	307.875	0.001
922.188	2069.39	2088.15	314.958	0.001
923.75	2074.01	2094.18	284.575	0.001
925.313	2079.93	2106.15	-469.461	0.001
926.875	2080.75	2110.31	-405.169	0.001
928.438	2070.38	2097.15	-574.155	0.001
930	2062.43	2086.37	-904.574	0.001
931.563	2060.45	2081.62	128.542	0.001
933.125	2059	2078.45	169.107	0.001
934.688	2059	2079.54	116.954	0.001
936.25	2061.13	2081.42	127.254	0.001
937.813	2070.02	2085.77	291.774	0.001
939.375	2078.28	2090.92	361.219	0.001
940.938	2084.21	2098.93	285.439	0.001
942.5	2085.41	2101.9	200.847	0.001
944.063	2066.63	2083.99	113.316	0.001
945.625	2053.57	2072.22	65.5337	0.001
947.188	2068.9	2090.72	14.8877	0.001
948.75	2081.28	2104.77	-9.31043	0.001
950.313	2076.34	2092.6	72.3443	0.001
951.875	2072.36	2081.32	121.865	0.001
953.438	2075.33	2077.36	164.055	0.001
955	2079.34	2075.58	191.171	0.001
956.563	2092.69	2094.28	144.817	0.001
958.125	2104.5	2110.31	109.365	0.001
959.688	2098.07	2095.47	133.297	0.001
961.25	2092.51	2081.32	151.053	0.001
962.813	2101.41	2079.05	169.963	0.001
964.375	2110.09	2076.87	183.243	0.001
965.938	2112.56	2082.31	154.524	0.001
967.5	2115.28	2087.75	132.325	0.001
969.063	2133.59	2096.16	138.912	0.001
970.625	2151.91	2104.57	144.375	0.001
972.188	2153.97	2091.81	153.075	0.001
973.75	2155.95	2078.95	160.227	0.001
975.313	2186.89	2082.51	181.564	0.001
976.875	2218.58	2086.37	199.514	0.001
978.438	2220	2089.73	178.983	0.001
980	2220	2092.99	160.731	0.001
981.563	2230.2	2082.41	166.422	0.001
983.125	2241.1	2070.93	172.695	0.001
984.688	2262	2076.67	174.217	0.001
986.25	2283.8	2083.99	175.4	0.001
987.813	2298.92	2084.09	176.681	0.001
989.375	2313.29	2083.4	178.005	0.001
990.938	2325.04	2077.07	181.9	0.001
992.5	2336.45	2069.95	185.962	0.001
994.063	2346.99	2070.04	185.336	0.001
995.625	2357.4	2071.33	184.18	0.001
997.188	2381.24	2078.25	187.843	0.001
998.75	2407.53	2086.37	192.119	0.001
1000.31	2420.23	2081.12	195.542	0.001
1001.88	2430.15	2073.21	198.713	0.001
1003.44	2452.17	2080.23	200.698	0.001
1005	2476.98	2090.62	202.472	0.001
1006.56	2501.79	2098.14	205.266	0.001
1008.13	2526.59	2104.96	208.274	0.001
1009.69	2537.43	2094.08	211.885	0.001
1011.25	2544.38	2078.25	215.589	0.001
1012.81	2568.46	2086.56	217.258	0.001
1014.38	2597.75	2102.29	218.35	0.001
1015.94	2618.45	2106.45	219.241	0.001
1017.5	2636.32	2106.94	220.075	0.001
1019.06	2660.79	2102.39	225.144	0.001
1020.63	2687.6	2095.96	231.535	0.001
1022.19	2712.98	2090.72	237.024	0.001
1023.75	2737.82	2085.87	242.129	0.001
1025.31	2772.54	2089.43	247.328	0.001
1026.88	2811.29	2096.46	252.484	0.001
1028.44	2824.04	2081.22	255.623	0.001
1030	2825.53	2056.49	257.898	0.001
1031.56	2853.58	2055.8	261.594	0.001
1033.13	2893.84	2066.29	265.856	0.001
1034.69	2930.42	2073.11	269.656	0.001
1036.25	2965.22	2078.16	273.224	0.001
1037.81	2997.39	2080.33	277.011	0.001
1039.38	3028.21	2081.12	280.878	0.001
1040.94	3052.57	2072.42	285.681	0.001
1042.5	3073.46	2058.57	290.952	0.001
1044.06	3096.26	2054.41	295.532	0.001
1045.63	3120.14	2055.7	299.765	0.001
1047.19	3132.44	2054.41	303.66	0.001
1048.75	3137.91	2051.45	307.43	0.001
1050.31	3147.08	2053.62	311.176	0.001
1051.88	3158.52	2058.96	314.936	0.001
1053.44	3173	2063.12	320.045	0.001
1055	3189.43	2066.68	326.025	0.001
1056.56	3201.67	2069.35	330.936	0.001
1058.13	3211.13	2071.43	335.148	0.001
1059.69	3220.59	2073.11	339.273	0.001
1061.25	3230.06	2074.5	343.36	0.001
1062.81	3241.26	2072.62	347.536	0.001
1064.38	3253.71	2068.36	351.801	0.001
1065.94	3273.04	2069.05	356.189	0.001
1067.5	3297.45	2073.21	360.723	0.001
1069.06	3324.7	2071.63	366.454	0.001
1070.63	3354.09	2065.49	373.114	0.001
1072.19	3382.94	2062.43	378.318	0.001
1073.75	3411.34	2061.73	382.423	0.001
1075.31	3447.5	2063.32	387.322	0.001
1076.88	3489.88	2066.68	392.854	0.001
1078.44	3530.07	2067.47	398.34	0.001
1080	3568.46	2066.09	403.813	0.001
1081.56	3604.42	2062.03	409.033	0.001
1083.13	3638.33	2055.9	414.02	0.001
1084.69	3674.93	2056.1	418.184	0.001
1086.25	3713.84	2061.73	421.681	0.001
1087.81	3761.28	2065.39	427.619	0.001
1089.38	3816.18	2067.27	435.643	0.001
1090.94	3860.5	2062.43	442.472	0.001
1092.5	3895.43	2051.55	448.3	0.001
1094.06	3938.51	2050.85	454.318	0.001
1095.63	3988.93	2059.46	460.51	0.001
1097.19	4035.18	2064.01	466.141	0.001
1098.75	4077.63	2065.1	471.239	0.001
1100.31	4121.37	2065.1	477.091	0.001
1101.88	4166.31	2064.11	483.645	0.001
1103.44	4205.32	2062.53	489.224	0.001
1105	4238.79	2060.25	493.963	0.001
1106.56	4279.99	2061.54	499.945	0.001
1108.13	4328.46	2066.09	507.117	0.001
1109.69	4375.65	2066.19	514.38	0.001
1111.25	4421.63	2062.03	521.742	0.001
1112.81	4466.85	2062.53	528.51	0.001
1114.38	4511.33	2067.57	534.733	0.001
1115.94	4556.85	2071.63	541.619	0.001
1117.5	4603.35	2074.79	549.135	0.001
1119.06	4646.01	2073.11	556.622	0.001
1120.63	4685.02	2066.88	564.1	0.001
1122.19	4721.22	2062.72	570.384	0.001
1123.75	4754.74	2060.55	575.564	0.001
1125.31	4797.53	2064.5	581.696	0.001
1126.88	4849.07	2074.1	588.772	0.001
1128.44	4896.73	2078.25	595.664	0.001
1130	4940.77	2077.36	602.39	0.001
1131.56	4980.67	2075.58	609.352	0.001
1133.13	5016.72	2073.11	616.544	0.001
1134.69	5054.08	2065.89	624.108	0.001
1136.25	5092.64	2054.41	632.001	0.001
1137.81	5136.71	2050.06	639.547	0.001
1139.38	5185.79	2052.24	646.8	0.001
1140.94	5237.79	2062.33	653.973	0.001
1142.5	5292.41	2079.54	661.105	0.001
1144.06	5332.12	2076.28	668.802	0.001
1145.63	5358.68	2054.81	677.045	0.001
1147.19	5399.2	2043.63	685.528	0.001
1148.75	5451.82	2041.26	694.245	0.001
1150.31	5506.63	2043.63	702.862	0.001
1151.88	5563.29	2049.96	711.449	0.001
1153.44	5610.91	2051.84	718.852	0.001
1155	5651.03	2049.96	725.31	0.001
1156.56	5704.45	2057.28	732.478	0.001
1158.13	5768.68	2072.02	740.255	0.001
1159.69	5821.96	2071.23	748.509	0.001
1161.25	5866.6	2058.17	757.158	0.001
1162.81	5918.07	2055.5	765.542	0.001
1164.38	5974.79	2060.94	773.729	0.001
1165.94	6029.79	2062.13	782.016	0.001
1167.5	6083.51	2060.15	790.386	0.001
1169.06	6140.45	2059.86	799.405	0.001
1170.63	6199.69	2060.55	808.954	0.001
1172.19	6250.07	2052.73	818.135	0.001
1173.75	6294.27	2038.88	827.093	0.001
1175.31	6360.13	2046.1	836.164	0.001
1176.88	6440.51	2067.37	845.356	0.001
1178.44	6510.83	2074.69	854.286	0.001
1180	6574.66	2073.01	863.064	0.001
1181.56	6633.51	2063.42	872.712	0.001
1183.13	6689.29	2048.78	882.939	0.001
1184.69	6752.06	2045.51	892.417	0.001
1186.25	6818.94	2048.87	901.482	0.001
1187.81	6891.95	2061.24	910.147	0.001
1189.38	6968.39	2078.55	918.64	0.001
1190.94	7043.2	2083.3	928.665	0.001
1192.5	7117.15	2081.42	939.485	0.001
1194.06	7175.41	2060.94	949.878	0.001
1195.63	7225.74	2030.97	960.081	0.001
1197.19	7302.96	2028.79	971.023	0.001
1198.75	7393.04	2039.77	982.335	0.001
1200.31	7471.7	2042.35	992.726	0.001
1201.88	7545.21	2041.16	1002.72	0.001
1203.44	7618.73	2041.65	1012.02	0.001
1205	7692.25	2042.84	1021.03	0.001
1206.56	7779.88	2058.27	1029.97	0.001
1208.13	7873.07	2079.15	1038.94	0.001
1209.69	7958.9	2082.8	1049.12	0.001
1211.25	8042.03	2080.13	1059.73	0.001
1212.81	8114.26	2053.72	1070.76	0.001
1214.38	8182.81	2019.4	1081.91	0.001
1215.94	8270.63	2023.35	1091.83	0.001
1217.5	8364.41	2039.08	1101.39	0.001
1219.06	8453.47	2043.73	1111.91	0.001
1220.63	8541.2	2045.31	1122.72	0.001
1222.19	8633.4	2050.36	1133.52	0.001
1223.75	8726.74	2056.2	1144.33	0.001
1225.31	8807.74	2059.86	1153.33	0.001
1226.88	8885.94	2063.12	1161.95	0.001
1228.44	8972.15	2061.04	1172.9	0.001
1230	9059.96	2057.88	1184.3	0.001
1231.56	9154.68	2062.53	1194.96	0.001
1233.13	9250.6	2068.46	1205.51	0.001
1234.69	9342.15	2065.39	1216.64	0.001
1236.25	9433.05	2060.84	1227.87	0.001
1237.81	9527.1	2064.31	1238.29	0.001
1239.38	9621.54	2068.76	1248.63	0.001
1240.94	9704.07	2054.51	1260.31	0.001
1242.5	9785.43	2038.39	1272.09	0.001
1244.06	9893.15	2049.57	1283.6	0.001
1245.63	10002.8	2062.92	1295.06	0.001
1247.19	10088.4	2056.29	1306.98	0.001
1248.75	10172.9	2048.68	1318.91	0.001
1250.31	10272.6	2052.44	1330.17	0.001
1251.88	10372.7	2056.49	1341.43	0.001
1253.44	10471.4	2051.94	1354.96	0.001
1255	10570.3	2047.49	1368.46	0.001
1256.56	10683.7	2055.8	1380.61	0.001
1258.13	10796.2	2062.92	1392.83	0.001
1259.69	10892.4	2044.23	1406.23	0.001
1261.25	10988.7	2027.41	1419.41	0.001
1262.81	11086.9	2034.33	1430.32	0.001
1264.38	11186.2	2042.25	1441.41	0.001
1265.94	11296.7	2059.56	1453.94	0.001
1267.5	11408.3	2075.68	1466.66	0.001
1269.06	11528.8	2083.7	1480.81	0.001
1270.63	11647	2088.25	1495.15	0.001
1272.19	11751.4	2071.82	1510.49	0.001
1273.75	11851.8	2057.38	1525.16	0.001
1275.31	11932.4	2052.04	1536.78	0.001
1276.88	12019.9	2051.94	1548.6	0.001
1278.44	12135.5	2072.91	1561.07	0.001
1280	12244.9	2087.26	1573.71	0.001
1281.56	12333.1	2078.95	1587	0.001
1283.13	12424.6	2074.1	1600.51	0.001
1284.69	12525.5	2079.44	1614.45	0.001
1286.25	12618.3	2077.17	1628.16	0.001
1287.81	12690.4	2055.5	1641.22	0.001
1289.38	12766.7	2039.77	1654.29	0.001
1290.94	12852.5	2037	1667.24	0.001
1292.5	12940.8	2039.97	1679.88	0.001
1294.06	13033.7	2053.92	1691.93	0.001
1295.63	13126.8	2058.96	1705.07	0.001
1297.19	13220.2	2049.27	1719.88	0.001
1298.75	13316	2040.66	1735.15	0.001
1300.31	13415	2033.64	1751.08	0.001
1301.88	13510.8	2028.4	1766.3	0.001
1303.44	13602.3	2025.23	1780.48	0.001
1305	13699.7	2026.91	1794.7	0.001
1306.56	13803.9	2034.04	1808.95	0.001
1308.13	13905.4	2040.37	1823.17	0.001
1309.69	14004	2046.01	1837.27	0.001
1311.25	14092.6	2043.73	1851.45	0.001
1312.81	14172.5	2034.43	1865.69	0.001
1314.38	14259	2031.07	1879.79	0.001
1315.94	14350.6	2032.26	1893.67	0.001
1317.5	14448.7	2037	1907.51	0.001
1319.06	14551	2044.03	1921.33	0.001
1320.63	14634.5	2035.12	1935.67	0.001
1322.19	14707.3	2017.32	1950.22	0.001
1323.75	14807.9	2024.84	1965.23	0.001
1325.31	14922	2044.72	1980.45	0.001
1326.88	15026.3	2055.9	1994.99	0.001
1328.44	15126.7	2063.52	2009.19	0.001
1330	15223.6	2069.45	2024.13	0.001
1331.56	15319.4	2074.79	2039.34	0.001
1333.13	15390	2058.87	2053.83	0.001
1334.69	15453.8	2037	2068.06	0.001
1336.25	15540.6	2026.32	2082.53	0.001
1337.81	15632.4	2017.91	2097.04	0.001
1339.38	15728.2	2026.32	2112.17	0.001
1340.94	15824.6	2037.3	2127.36	0.001
1342.5	15935.8	2047.98	2144.85	0.001
1344.06	16048.5	2058.67	2162.61	0.001
1345.63	16132.9	2055.8	2184.13	0.001
1347.19	16215.6	2052.04	2205.97	0.001
1348.75	16295.3	2049.07	2227.99	0.001
1350.31	16374.6	2045.91	2250.39	0.001
1351.88	16441.6	2036.51	2282.98	0.001
1353.44	16510.6	2028.4	2315.56	0.001
1355	16608.7	2039.08	2342.71	0.001
1356.56	16706.2	2048.18	2370.98	0.001
1358.13	16798.6	2044.03	2407.17	0.001
1359.69	16886.9	2040.86	2441.98	0.001
1361.25	16951.8	2043.24	2467.19	0.001
1362.81	17024.7	2046.8	2487.09	0.001
1364.38	17130.1	2055.21	2484.71	0.001
1365.94	17216.1	2060.94	2484.81	0.001
1367.5	17241.1	2058.27	2492.43	0.001
1369.06	17244.9	2054.32	2492.08	0.001
1370.63	17195.8	2047.29	2472.12	0.001
1372.19	17102.1	2040.07	2448.5	0.001
1373.75	16918.8	2032.26	2417.25	0.001
1375.31	16698.8	2026.82	2393.81	0.001
1376.88	16418.8	2025.33	2382.72	0.001
1378.44	16183.8	2031.46	2387.24	0.001
1380	16009.6	2047.69	2414.12	0.001
1381.56	15946.7	2050.06	2425.2	0.001
1383.13	16007.1	2036.81	2418.23	0.001
1384.69	16152.5	2034.63	2416.58	0.001
1386.25	16375.4	2042.54	2419.75	0.001
1387.81	16630.3	2043.43	2435.17	0.001
1389.38	16909.3	2039.08	2459.54	0.001
1390.94	17197.2	2041.85	2500.48	0.001
1392.5	17490.7	2049.07	2551.8	0.001
1394.06	17787.2	2037.3	2596.37	0.001
1395.63	18085.2	2016.43	2637.43	0.001
1397.19	18379.7	2014.94	2672.24	0.001
1398.75	18672.8	2020.88	2704.52	0.001
1400.31	18951.2	2026.62	2729.43	0.001
1401.88	19225.4	2032.16	2752.13	0.001
1403.44	19459.4	2035.72	2783.52	0.001
1405	19684.9	2038.78	2816.76	0.001
1406.56	19916.2	2047.39	2839.31	0.001
1408.13	20148.4	2056.79	2860.35	0.001
1409.69	20401.8	2048.68	2877.3	0.001
1411.25	20656.7	2039.28	2893.83	0.001
1412.81	20863.5	2043.04	2919.6	0.001
1414.38	21069.8	2046.6	2945.19	0.001
1415.94	21278.1	2040.47	2964.17	0.001
1417.5	21484.8	2036.61	2983.47	0.001
1419.06	21676.7	2053.92	3006.7	0.001
1420.63	21862.5	2067.37	3029.41	0.001
1422.19	22014.8	2059.56	3049.1	0.001
1423.75	22171.2	2051.64	3068.93	0.001
1425.31	22342.6	2043.53	3089.32	0.001
1426.88	22510.2	2036.01	3110.73	0.001
1428.44	22667.3	2029.88	3134.83	0.001
1430	22825.9	2030.67	3157.87	0.001
1431.56	22987.7	2045.71	3178.75	0.001
1433.13	23154.6	2057.38	3198.23	0.001
1434.69	23329.8	2063.71	3215.32	0.001
1436.25	23500.5	2064.41	3236.27	0.001
1437.81	23665.4	2057.98	3262.11	0.001
1439.38	23820.8	2049.86	3285.6	0.001
1440.94	23966.8	2040.17	3306.62	0.001
1442.5	24113.4	2041.06	3325.93	0.001
1444.06	24260.4	2049.96	3343.92	0.001
1445.63	24419.8	2050.56	3362.32	0.001
1447.19	24586.4	2046.1	3380.83	0.001
1448.75	24734.3	2043.43	3399.78	0.001
1450.31	24873.7	2041.46	3418.93	0.001
1451.88	25027.9	2043.53	3437.51	0.001
1453.44	25186.9	2046.9	3455.78	0.001
1455	25337.6	2046.2	3475.32	0.001
1456.56	25486.4	2044.52	3495.1	0.001
1458.13	25637.6	2043.14	3516.97	0.001
1459.69	25789	2041.75	3539.05	0.001
1461.25	25942.5	2044.62	3562.09	0.001
1462.81	26096.1	2047.49	3585.21	0.001
1464.38	26256.4	2042.94	3609.6	0.001
1465.94	26416.1	2038.29	3634.15	0.001
1467.5	26568.7	2033.94	3661.46	0.001
1469.06	26719.3	2030.87	3687.98	0.001
1470.63	26858	2035.62	3709.76	0.001
1472.19	26995.9	2039.38	3730.89	0.001
1473.75	27131.1	2040.07	3749.79	0.001
1475.31	27265.5	2036.51	3769.68	0.001
1476.88	27398.1	2022.17	3792.18	0.001
1478.44	27535.5	2021.77	3813.15	0.001
1480	27681.6	2046.8	3831.4	0.001
1481.56	27814.3	2054.91	3850.68	0.001
1483.13	27928.9	2039.67	3871.45	0.001
1484.69	28035.5	2034.14	3891.45	0.001
1486.25	28134.1	2038.59	3910.72	0.001
1487.81	28231.4	2047.59	3929.33	0.001
1489.38	28327.9	2060.15	3947.47	0.001
1490.94	28429.7	2061.73	3965	0.001
1492.5	28534.5	2056.99	3982.22	0.001
1494.06	28632.3	2056.89	4002.18	0.001
1495.63	28727.3	2058.57	4023.39	0.001
1497.19	28848.4	2062.33	4047.61	0.001
1498.75	28976.6	2066.58	4072.72	0.001
1500.31	29104.9	2057.38	4098.4	0.001
1501.88	29233.2	2046.01	4124.25	0.001
1503.44	29317	2046.8	4142.98	0.001
1505	29397.7	2048.48	4161.2	0.001
1506.56	29495.4	2042.84	4180.36	0.001
1508.13	29594.3	2038.29	4199.89	0.001
1509.69	29705.6	2045.21	4222.88	0.001
1511.25	29819.3	2051.35	4246.24	0.001
1512.81	29945.7	2053.92	4271.44	0.001
1514.38	30061.6	2051.74	4296.35	0.001
1515.94	30143.8	2034.93	4319.96	0.001
1517.5	30229.4	2026.22	4343.42	0.001
1519.06	30322	2035.03	4366.5	0.001
1520.63	30401.9	2044.82	4388.35	0.001
1522.19	30462.4	2055.9	4408.14	0.001
1523.75	30504.2	2058.27	4427.15	0.001
1525.31	30525.5	2051.25	4445.25	0.001
1526.88	30568.4	2047.29	4465.56	0.001
1528.44	30628.3	2045.71	4487.53	0.001
1530	30710.6	2050.06	4507.33	0.001
1531.56	30805.5	2057.88	4525.85	0.001
1533.13	30879.7	2054.32	4545.85	0.001
1534.69	30946	2046.2	4566.38	0.001
1536.25	31034.5	2065.89	4590.73	0.001
1537.81	31128.4	2092.4	4616.11	0.001
1539.38	31188.1	2081.82	4642.32	0.001
1540.94	31243.4	2066.58	4668.64	0.001
1542.5	31301.8	2057.68	4696.97	0.001
1544.06	31359	2049.67	4724.91	0.001
1545.63	31394.5	2052.04	4744.13	0.001
1547.19	31427.4	2054.02	4763.75	0.001
1548.75	31444.1	2053.82	4786.09	0.001
1550.31	31463.9	2052.24	4810.12	0.001
1551.88	31494.3	2046.4	4839.75	0.001
1553.44	31535	2046.01	4868.35	0.001
1555	31598.3	2057.38	4894.55	0.001
1556.56	31643	2059.95	4918.35	0.001
1558.13	31660.3	2049.67	4938.59	0.001
1559.69	31674.2	2037.89	4959.67	0.001
1561.25	31684.6	2024.74	4981.68	0.001
1562.81	31769.3	2036.41	5002.78	0.001
1564.38	31907	2065.99	5023.26	0.001
1565.94	32186.3	2056.39	5045.43	0.001
1567.5	32534.1	2027.9	5068.26	0.001
1569.06	32958.6	2032.65	5089.4	0.001
1570.63	33406.8	2047.69	5109.91	0.001
1572.19	33785.3	2043.34	5129.08	0.001
1573.75	34152.2	2035.72	5147.9	0.001
1575.31	34447.2	2039.18	5168.69	0.001
1576.88	34734.6	2042.94	5189.78	0.001
1578.44	34938.2	2037.99	5216.23	0.001
1580	35134.3	2035.42	5243.1	0.001
1581.56	35283.4	2047.59	5272.94	0.001
1583.13	35409.4	2055.5	5302.47	0.001
1584.69	35458.8	2049.17	5330.56	0.001
1586.25	35486.5	2046.2	5357.44	0.001
1587.81	35469.7	2050.16	5381.65	0.001
1589.38	35441.7	2052.53	5407.42	0.001
1590.94	35398.6	2052.73	5435.14	0.001
1592.5	35312.8	2051.64	5462.24	0.001
1594.06	35187.7	2049.47	5488.76	0.001
1595.63	35049.5	2043.53	5516.56	0.001
1597.19	34903.3	2035.32	5545.15	0.001
1598.75	34757.8	2039.87	5570.03	0.001
1600.31	34612.5	2049.27	5593.59	0.001
1601.88	34468.6	2042.44	5615.82	0.001
1603.44	34324.9	2031.96	5637.74	0.001
1605	34194.2	2041.36	5661.9	0.001
1606.56	34063.9	2052.34	5686.35	0.001
1608.13	33894.3	2051.84	5706.88	0.001
1609.69	33725	2051.25	5728.24	0.001
1611.25	33558.4	2049.96	5755.16	0.001
1612.81	33382.4	2048.48	5782.36	0.001
1614.38	33173.7	2046.4	5809.93	0.001
1615.94	32967.5	2046.6	5838.26	0.001
1617.5	32766.5	2051.35	5867.98	0.001
1619.06	32560	2054.02	5895.2	0.001
1620.63	32346.3	2053.72	5918.98	0.001
1622.19	32107.9	2052.44	5942.93	0.001
1623.75	31848.1	2050.26	5967.14	0.001
1625.31	31580.2	2048.48	5987.09	0.001
1626.88	31307.7	2047.09	6004.63	0.001
1628.44	31044.2	2049.47	6027.31	0.001
1630	30783.7	2053.23	6051.96	0.001
1631.56	30475.2	2039.28	6079.59	0.001
1633.13	30158.6	2022.26	6108.26	0.001
1634.69	29818.4	2053.92	6129.61	0.001
1636.25	29468.5	2083.6	6151.11	0.001
