873.750	2003.88	2031.55	-618.46	0.001	 0.012180	 0.36012	40.81598	-5.29948
875.313	2011.26	2041.73	-403.623	0.001
876.875	2020.16	2045.72	-315.968	0.001
878.438	2029.51	2047.81	1881.25	0.001
880	2031.28	2046.02	663.328	0.001
881.563	2030.29	2042.63	811.153	0.001
883.125	2027.23	2042.13	557.977	0.001
884.688	2023.29	2042.83	196.02	0.001
886.25	2023.99	2043.92	254.092	0.001
887.813	2026.95	2045.32	1657.51	0.001
889.375	2022.29	2045.12	-167.476	0.001
890.938	2013.42	2043.92	-710.325	0.001
892.5	2017.27	2047.21	-797.26	0.001
894.063	2029.09	2053.3	3245.16	0.001
895.625	2033.14	2057.19	-294.795	0.001
897.188	2031.66	2059.58	-262.138	0.001
898.75	2031	2058.49	-229.422	0.001
900.313	2031	2054.7	-267.609	0.001
901.875	2033.08	2052.7	1090.39	0.001
903.438	2037.03	2052.5	2789.77	0.001
905	2033.08	2048.41	1862.84	0.001
906.563	2021.25	2040.43	1389.65	0.001
908.125	2019.89	2040.83	1833.23	0.001
909.688	2030.25	2050.81	560.019	0.001
911.25	2033.59	2055.89	3.05241	0.001
912.813	2028.16	2055.1	-363	0.001
914.375	2022.52	2049.81	-352.275	0.001
915.938	2016.6	2038.44	21.9501	0.001
917.5	2015.9	2033.75	503.995	0.001
919.063	2023.3	2039.63	1897.59	0.001
920.625	2028.36	2045.22	529.729	0.001
922.188	2029.35	2050.21	113.625	0.001
923.75	2032.68	2054.1	99.435	0.001
925.313	2040.58	2055.59	1033.4	0.001
926.875	2043.52	2053.9	730.824	0.001
928.438	2035.62	2045.12	1836.09	0.001
930	2031.14	2038.44	10649.6	0.001
931.563	2035.09	2037.14	1769.69	0.001
933.125	2040.47	2036.14	1426.95	0.001
934.688	2049.86	2035.94	2046.71	0.001
936.25	2059.6	2036.34	2480.23	0.001
937.813	2070.47	2038.84	2269.47	0.001
939.375	2081.66	2042.43	2200.61	0.001
940.938	2094.01	2049.91	2342.86	0.001
942.5	2105.99	2053.7	2358.45	0.001
944.063	2116.36	2042.23	2065.25	0.001
945.625	2129.31	2034.35	1982.24	0.001
947.188	2155.02	2045.02	2182.72	0.001
948.75	2180.45	2053.6	2282.05	0.001
950.313	2204.17	2050.41	1964.52	0.001
951.875	2228.26	2047.02	1815.33	0.001
953.438	2254.97	2041.53	1881.81	0.001
955	2284.22	2037.84	1950.83	0.001
956.563	2336.14	2048.81	2117.58	0.001
958.125	2387.48	2058.19	2245.47	0.001
959.688	2432.01	2047.11	2139.03	0.001
961.25	2478.9	2036.84	2074.26	0.001
962.813	2565	2038.44	2074.31	0.001
964.375	2651.55	2039.93	2081.81	0.001
965.938	2750.53	2040.53	2139.57	0.001
967.5	2849.98	2041.23	2189.63	0.001
969.063	2979.16	2050.91	2193.02	0.001
970.625	3108.34	2060.48	2200.95	0.001
972.188	3241	2045.42	2196.02	0.001
973.75	3373.69	2030.06	2197.28	0.001
975.313	3547.4	2035.64	2192.78	0.001
976.875	3722.17	2041.73	2193.36	0.001
978.438	3902.67	2041.23	2203.91	0.001
980	4083.43	2040.53	2216.56	0.001
981.563	4273.06	2038.04	2204.19	0.001
983.125	4463.29	2035.44	2195.89	0.001
984.688	4647.16	2040.43	2202.88	0.001
986.25	4830.46	2046.02	2212.77	0.001
987.813	5001.79	2043.42	2217.17	0.001
989.375	5171.77	2039.83	2222.8	0.001
990.938	5331.75	2035.04	2230.8	0.001
992.5	5490.37	2030.06	2240.19	0.001
994.063	5649.86	2027.66	2254.81	0.001
995.625	5809.48	2025.67	2270.72	0.001
997.188	5970.83	2029.76	2285.61	0.001
998.75	6132.48	2035.04	2300.79	0.001
1000.31	6290.84	2033.75	2312.16	0.001
1001.88	6448.53	2031.05	2323.65	0.001
1003.44	6615.18	2033.55	2340.56	0.001
1005	6783.88	2037.24	2358.92	0.001
1006.56	6965.6	2044.52	2377.98	0.001
1008.13	7150.62	2052.7	2397.63	0.001
1009.69	7334.96	2046.72	2412.53	0.001
1011.25	7519.1	2036.64	2426.71	0.001
1012.81	7707.43	2036.84	2449.56	0.001
1014.38	7897.04	2040.13	2475.08	0.001
1015.94	8105.74	2042.83	2492.47	0.001
1017.5	8320.73	2045.42	2507.77	0.001
1019.06	8534.61	2046.12	2520.17	0.001
1020.63	8748.11	2046.12	2532.18	0.001
1022.19	8963.45	2041.33	2550.17	0.001
1023.75	9179.5	2034.75	2570.49	0.001
1025.31	9410.42	2037.34	2589.52	0.001
1026.88	9647.41	2043.62	2608.4	0.001
1028.44	9870.87	2035.64	2622.02	0.001
1030	10088.5	2021.48	2633.96	0.001
1031.56	10317.4	2020.18	2651.35	0.001
1033.13	10551.5	2024.77	2671.41	0.001
1034.69	10781.2	2029.36	2686.53	0.001
1036.25	11008.9	2033.75	2699.72	0.001
1037.81	11232.7	2033.15	2715.56	0.001
1039.38	11454.4	2029.86	2733.05	0.001
1040.94	11659.7	2023.77	2748.27	0.001
1042.5	11856.1	2016.09	2762.58	0.001
1044.06	12007.1	2018.59	2776.11	0.001
1045.63	12132.5	2026.77	2789.42	0.001
1047.19	12186.2	2025.57	2805.86	0.001
1048.75	12197.6	2018.89	2824.14	0.001
1050.31	12202	2018.89	2841.79	0.001
1051.88	12202	2023.07	2859.16	0.001
1053.44	12196.5	2025.47	2876.73	0.001
1055	12187.6	2026.67	2894.6	0.001
1056.56	12187.9	2028.56	2913.31	0.001
1058.13	12194.4	2030.86	2932.79	0.001
1059.69	12206.1	2030.86	2952.49	0.001
1061.25	12221.6	2029.16	2972.48	0.001
1062.81	12273.3	2028.76	2990.75	0.001
1064.38	12351	2029.36	3008	0.001
1065.94	12447.6	2027.86	3027.5	0.001
1067.5	12558.2	2024.87	3048.73	0.001
1069.06	12702.5	2023.67	3068.68	0.001
1070.63	12872.4	2023.87	3087.83	0.001
1072.19	13056	2022.18	3108.33	0.001
1073.75	13250.4	2018.98	3130	0.001
1075.31	13461.7	2017.89	3150.05	0.001
1076.88	13686.5	2018.49	3169.06	0.001
1078.44	13910.3	2019.68	3187.11	0.001
1080	14133.2	2021.38	3204.57	0.001
1081.56	14363.9	2017.79	3223.64	0.001
1083.13	14601.3	2009.91	3244.18	0.001
1084.69	14845.2	2010.01	3265.47	0.001
1086.25	15094.6	2016.89	3287.53	0.001
1087.81	15336.7	2021.38	3307.16	0.001
1089.38	15572.2	2023.77	3324.93	0.001
1090.94	15807.2	2021.18	3342.92	0.001
1092.5	16041.8	2014.2	3361.26	0.001
1094.06	16271.9	2011	3383.07	0.001
1095.63	16498	2011.4	3408.09	0.001
1097.19	16721.1	2013.1	3428.56	0.001
1098.75	16941.3	2016.19	3445.17	0.001
1100.31	17151.6	2020.18	3461.26	0.001
1101.88	17352.9	2025.17	3477.03	0.001
1103.44	17551.1	2024.47	3495.54	0.001
1105	17746.4	2018.39	3516.69	0.001
1106.56	17939.1	2016.29	3538.74	0.001
1108.13	18129.5	2017.99	3561.73	0.001
1109.69	18326.6	2019.08	3582.42	0.001
1111.25	18530	2019.58	3601.11	0.001
1112.81	18725.3	2021.38	3622.14	0.001
1114.38	18912.7	2024.47	3645.53	0.001
1115.94	19090.2	2025.07	3669.04	0.001
1117.5	19258.2	2023.27	3692.78	0.001
1119.06	19424.9	2023.87	3714.36	0.001
1120.63	19590.5	2026.77	3734.14	0.001
1122.19	19740.6	2024.87	3750.89	0.001
1123.75	19876.2	2018.29	3764.98	0.001
1125.31	20032.4	2019.78	3783.62	0.001
1126.88	20208	2028.86	3806.68	0.001
1128.44	20377	2033.45	3826.2	0.001
1130	20539.6	2033.95	3842.58	0.001
1131.56	20688.5	2030.36	3863	0.001
1133.13	20824.7	2022.97	3887.32	0.001
1134.69	20969.3	2015.79	3907.89	0.001
1136.25	21121.5	2008.71	3925.25	0.001
1137.81	21277.4	2007.41	3942.22	0.001
1139.38	21436.7	2011.6	3959.02	0.001
1140.94	21588.9	2018.29	3979.7	0.001
1142.5	21734.7	2027.26	4003.96	0.001
1144.06	21882.9	2025.47	4027.74	0.001
1145.63	22033.2	2014	4051.28	0.001
1147.19	22187.3	2008.11	4071.44	0.001
1148.75	22344.7	2007.11	4088.81	0.001
1150.31	22502.1	2009.21	4108.17	0.001
1151.88	22659.6	2014	4129.41	0.001
1153.44	22821.4	2014.1	4151.11	0.001
1155	22986.9	2010.21	4173.33	0.001
1156.56	23150.5	2012.8	4193.26	0.001
1158.13	23312.5	2020.68	4211.51	0.001
1159.69	23480.5	2021.38	4230.21	0.001
1161.25	23653	2016.49	4249.4	0.001
1162.81	23820	2013.5	4269.65	0.001
1164.38	23982.6	2011.8	4290.93	0.001
1165.94	24150.4	2012.3	4310.75	0.001
1167.5	24322.1	2014.2	4329.67	0.001
1169.06	24490	2013.1	4350.5	0.001
1170.63	24655.2	2009.61	4372.88	0.001
1172.19	24824.3	2005.02	4394.84	0.001
1173.75	24996.1	1999.53	4416.64	0.001
1175.31	25175.1	2004.32	4437.78	0.001
1176.88	25359	2016.09	4458.68	0.001
1178.44	25565.5	2022.18	4479.94	0.001
1180	25786.7	2024.77	4501.6	0.001
1181.56	25982	2020.08	4521.68	0.001
1183.13	26161.4	2010.91	4540.97	0.001
1184.69	26353.9	2009.31	4561.8	0.001
1186.25	26554	2012.2	4583.64	0.001
1187.81	26755.8	2018.19	4605.98	0.001
1189.38	26958.4	2025.97	4628.79	0.001
1190.94	27157.5	2027.86	4649.73	0.001
1192.5	27354.7	2026.47	4669.8	0.001
1194.06	27567.7	2013.5	4690.5	0.001
1195.63	27788.6	1994.65	4711.73	0.001
1197.19	28006.8	1992.05	4733.93	0.001
1198.75	28223.7	1997.14	4756.7	0.001
1200.31	28426.4	2002.83	4775.3	0.001
1201.88	28622.8	2008.81	4792.27	0.001
1203.44	28832.7	2010.21	4810.78	0.001
1205	29048.2	2009.51	4830.07	0.001
1206.56	29276.8	2014.4	4850.55	0.001
1208.13	29510.5	2021.38	4871.71	0.001
1209.69	29760.9	2020.08	4895.02	0.001
1211.25	30017.3	2015.79	4919.2	0.001
1212.81	30256.5	2006.91	4933.06	0.001
1214.38	30489.9	1996.44	4943.85	0.001
1215.94	30709.4	1996.64	4960.09	0.001
1217.5	30924.7	2000.03	4978.09	0.001
1219.06	31153.4	2000.93	4998.48	0.001
1220.63	31385.8	2001.13	5019.76	0.001
1222.19	31626	2008.11	5040.6	0.001
1223.75	31868.2	2016.79	5061.43	0.001
1225.31	32092.7	2015.39	5080.88	0.001
1226.88	32313.2	2011.8	5100.28	0.001
1228.44	32518.2	2008.31	5117.58	0.001
1230	32720	2004.72	5134.58	0.001
1231.56	32941.3	2009.11	5151.07	0.001
1233.13	33166	2014.99	5167.71	0.001
1234.69	33378.4	2012.3	5183.2	0.001
1236.25	33588.9	2008.51	5198.64	0.001
1237.81	33821.1	2013.9	5216.29	0.001
1239.38	34056	2020.48	5234.46	0.001
1240.94	34252.7	2011	5250.31	0.001
1242.5	34445.8	1999.93	5266.02	0.001
1244.06	34674.1	2004.72	5284.37	0.001
1245.63	34905.1	2010.71	5303.12	0.001
1247.19	35102.4	2008.41	5322.69	0.001
1248.75	35298.1	2005.62	5342.39	0.001
1250.31	35528.3	2010.21	5361.22	0.001
1251.88	35759.4	2014.99	5380.27	0.001
1253.44	36006.7	2007.41	5408.6	0.001
1255	36254.2	2000.03	5436.8	0.001
1256.56	36507.7	2004.12	5457.84	0.001
1258.13	36759.6	2007.91	5478.86	0.001
1259.69	36976.7	2003.02	5494.94	0.001
1261.25	37191.9	1998.44	5511.13	0.001
1262.81	37381.8	1998.54	5527.28	0.001
1264.38	37572.1	1999.63	5544.06	0.001
1265.94	37767.6	2010.41	5564.74	0.001
1267.5	37968.1	2020.08	5585.75	0.001
1269.06	38205.1	2021.68	5609.19	0.001
1270.63	38441.4	2022.28	5632.86	0.001
1272.19	38673.5	2016.99	5656.63	0.001
1273.75	38892.3	2011.9	5679.44	0.001
1275.31	39046.4	2008.31	5697.45	0.001
1276.88	39202.9	2009.21	5714.97	0.001
1278.44	39369.2	2028.76	5729.54	0.001
1280	39532.7	2040.63	5745.37	0.001
1281.56	39686.9	2026.27	5765.49	0.001
1283.13	39843	2016.89	5786.07	0.001
1284.69	40004.8	2021.98	5807.34	0.001
1286.25	40158.1	2022.58	5827.47	0.001
1287.81	40289.5	2011.4	5844.62	0.001
1289.38	40411.8	2003.22	5860.86	0.001
1290.94	40513.8	2001.63	5874.54	0.001
1292.5	40619.9	2001.63	5889.27	0.001
1294.06	40733.6	2004.92	5905.97	0.001
1295.63	40864.6	2006.72	5924.49	0.001
1297.19	41024.5	2006.02	5945.69	0.001
1298.75	41183.7	2003.32	5968.04	0.001
1300.31	41341.8	1997.54	5992.06	0.001
1301.88	41494.3	1994.35	6015.08	0.001
1303.44	41639.6	1994.35	6036.33	0.001
1305	41762.8	1994.94	6053.7	0.001
1306.56	41861	1996.14	6066.6	0.001
1308.13	41971.6	1997.74	6082.29	0.001
1309.69	42094.6	1999.83	6100.47	0.001
1311.25	42216.9	1999.53	6120.21	0.001
1312.81	42338.4	1997.24	6141.26	0.001
1314.38	42436.4	1995.74	6157.73	0.001
1315.94	42516.3	1994.74	6170.41	0.001
1317.5	42611.2	1999.53	6182.95	0.001
1319.06	42716.1	2008.01	6195.4	0.001
1320.63	42806.3	2000.73	6211.15	0.001
1322.19	42888.3	1984.47	6228.54	0.001
1323.75	42993.9	1988.56	6246.69	0.001
1325.31	43111.1	2002.43	6265.19	0.001
1326.88	43226.4	2005.22	6283.47	0.001
1328.44	43341.1	2003.52	6301.41	0.001
1330	43441.6	2012.9	6318.7	0.001
1331.56	43537.4	2025.97	6335.75	0.001
1333.13	43586	2017.49	6348.47	0.001
1334.69	43621.7	2003.02	6359.78	0.001
1336.25	43722.1	1994.15	6375.18	0.001
1337.81	43836.3	1986.47	6391.43	0.001
1339.38	43916.3	1990.76	6408.49	0.001
1340.94	43990.7	1996.84	6425.48	0.001
1342.5	44093.3	2002.53	6446.76	0.001
1344.06	44198.9	2008.21	6468.5	0.001
1345.63	44267.1	2004.72	6503.83	0.001
1347.19	44332.9	2000.73	6539.96	0.001
1348.75	44386.2	2001.93	6575.4	0.001
1350.31	44438.2	2002.92	6611.6	0.001
1351.88	44445.9	1993.85	6674.84	0.001
1353.44	44458.3	1985.97	6737.66	0.001
1355	44537.5	1996.14	6787.18	0.001
1356.56	44615.4	2005.32	6839.15	0.001
1358.13	44682.9	2006.02	6909.33	0.001
1359.69	44739	2005.82	6975.71	0.001
1361.25	44732.3	2001.23	7018.15	0.001
1362.81	44743.3	1999.53	7044.46	0.001
1364.38	44826.2	2009.31	7004.88	0.001
1365.94	44861.1	2015.89	6973.09	0.001
1367.5	44745.5	2012.1	6963.69	0.001
1369.06	44573.4	2007.11	6932.07	0.001
1370.63	44260.7	1999.33	6846.24	0.001
1372.19	43825.9	1995.54	6750.07	0.001
1373.75	43146.1	1999.53	6631.81	0.001
1375.31	42370.5	1999.13	6537.45	0.001
1376.88	41438.2	1991.85	6480.41	0.001
1378.44	40612.4	1992.35	6464.34	0.001
1380	39930	2003.42	6506.82	0.001
1381.56	39578	2006.02	6505.95	0.001
1383.13	39592.9	1999.43	6457.07	0.001
1384.69	39823.3	1998.54	6425.13	0.001
1386.25	40250.7	2003.12	6408.68	0.001
1387.81	40761.5	2002.83	6422.76	0.001
1389.38	41334.8	1999.03	6459.17	0.001
1390.94	41902.8	1999.13	6537.1	0.001
1392.5	42467.6	2001.73	6640.82	0.001
1394.06	43070.3	1995.44	6725.24	0.001
1395.63	43691.5	1984.97	6799.96	0.001
1397.19	44277	1981.38	6861.61	0.001
1398.75	44848.8	1980.48	6918.04	0.001
1400.31	45363.1	1985.17	6951.8	0.001
1401.88	45860.7	1991.55	6979.06	0.001
1403.44	46240.8	1992.75	7026.24	0.001
1405	46596.2	1992.85	7077.61	0.001
1406.56	46991	2000.93	7107.1	0.001
1408.13	47391.1	2010.11	7133.74	0.001
1409.69	47815	2005.62	7141.34	0.001
1411.25	48240.5	2000.03	7147.8	0.001
1412.81	48575.9	2002.03	7185.66	0.001
1414.38	48909.3	2003.82	7223.04	0.001
1415.94	49223.5	1998.54	7238.12	0.001
1417.5	49529.8	1994.94	7254.25	0.001
1419.06	49762.9	2007.81	7279.74	0.001
1420.63	49991.6	2017.49	7304.68	0.001
1422.19	50196.4	2009.91	7325.87	0.001
1423.75	50403.9	2004.02	7346.1	0.001
1425.31	50621.1	2003.92	7362.88	0.001
1426.88	50824.2	2002.83	7381.81	0.001
1428.44	50988.4	1998.54	7406.06	0.001
1430	51153.4	1997.94	7429.31	0.001
1431.56	51319.8	2004.92	7450.51	0.001
1433.13	51494.6	2010.51	7466.94	0.001
1434.69	51682.7	2013.9	7475.43	0.001
1436.25	51865.5	2013.6	7492.44	0.001
1437.81	52041.8	2008.81	7519.98	0.001
1439.38	52202	2003.12	7542.55	0.001
1440.94	52346.5	1996.74	7559.93	0.001
1442.5	52487.1	1998.64	7575.07	0.001
1444.06	52624.8	2006.82	7588.45	0.001
1445.63	52781.7	2012.2	7599.08	0.001
1447.19	52949.9	2015.99	7607.87	0.001
1448.75	53083.3	2011.1	7620.74	0.001
1450.31	53201	2002.33	7635.39	0.001
1451.88	53338.2	2002.73	7646.81	0.001
1453.44	53481.8	2006.02	7656.97	0.001
1455	53592.9	2005.62	7667.13	0.001
1456.56	53696.7	2004.32	7677.23	0.001
1458.13	53833.4	2000.23	7696.59	0.001
1459.69	53974.5	1995.84	7716.99	0.001
1461.25	54086.3	2000.43	7734.55	0.001
1462.81	54197	2005.42	7751.96	0.001
1464.38	54348	2001.73	7774.88	0.001
1465.94	54496.7	1998.04	7797.98	0.001
1467.5	54619.9	1994.35	7825.5	0.001
1469.06	54737.2	1991.25	7851.36	0.001
1470.63	54820.5	1992.55	7867.6	0.001
1472.19	54905.3	1994.45	7882.49	0.001
1473.75	54995.4	1998.44	7893.07	0.001
1475.31	55082.1	1998.93	7904.65	0.001
1476.88	55160.3	1990.46	7918.97	0.001
1478.44	55239.3	1988.96	7932.01	0.001
1480	55319.6	2000.03	7942.92	0.001
1481.56	55378.9	2004.62	7952.65	0.001
1483.13	55409.5	2000.43	7960.91	0.001
1484.69	55433.2	1997.54	7971.68	0.001
1486.25	55449.8	1996.14	7985.16	0.001
1487.81	55447.1	2001.03	7995.13	0.001
1489.38	55429.4	2010.71	8002.48	0.001
1490.94	55425.3	2017.79	8006.01	0.001
1492.5	55428.9	2023.37	8007.43	0.001
1494.06	55432.2	2020.28	8019.06	0.001
1495.63	55435.3	2013.8	8034.98	0.001
1497.19	55473	2013.1	8053.95	0.001
1498.75	55520.2	2014	8073.81	0.001
1500.31	55573.3	2009.41	8092.35	0.001
1501.88	55627.3	2003.82	8110.82	0.001
1503.44	55594.2	2004.12	8117.97	0.001
1505	55555	2004.72	8124.25	0.001
1506.56	55552.4	1998.83	8131.6	0.001
1508.13	55551.7	1994.15	8139.73	0.001
1509.69	55572.5	2002.33	8155.53	0.001
1511.25	55596.8	2009.21	8171.73	0.001
1512.81	55638.9	2009.81	8190.27	0.001
1514.38	55663.2	2008.61	8207.43	0.001
1515.94	55630.4	2001.43	8219.72	0.001
1517.5	55604.5	1998.04	8233.48	0.001
1519.06	55593.6	2002.53	8250.47	0.001
1520.63	55549.4	2006.82	8263.94	0.001
1522.19	55454.7	2010.81	8271.64	0.001
1523.75	55339.8	2011.2	8278.01	0.001
1525.31	55202.7	2007.71	8282.88	0.001
1526.88	55085.4	2003.82	8289.48	0.001
1528.44	54983.8	1999.43	8297.26	0.001
1530	54940	2005.62	8303.53	0.001
1531.56	54929.1	2017.79	8308.93	0.001
1533.13	54876.8	2014.3	8315.59	0.001
1534.69	54808.4	2004.82	8322.54	0.001
1536.25	54772.4	2017.69	8339.47	0.001
1537.81	54744.2	2036.14	8358.86	0.001
1539.38	54669.7	2029.76	8375.33	0.001
1540.94	54589.3	2020.28	8391.26	0.001
1542.5	54496.7	2013.5	8409.14	0.001
1544.06	54402.7	2007.21	8426.38	0.001
1545.63	54292	2009.81	8432.91	0.001
1547.19	54175.7	2011.6	8439.88	0.001
1548.75	54026.3	2008.61	8450.85	0.001
1550.31	53880.4	2005.72	8463.84	0.001
1551.88	53746.5	2003.32	8484.07	0.001
1553.44	53634.1	2005.92	8503.46	0.001
1555	53568.2	2019.08	8521.25	0.001
1556.56	53471.4	2023.77	8533.79	0.001
1558.13	53329.1	2015.79	8538.67	0.001
1559.69	53191.7	2004.92	8546.64	0.001
1561.25	53059.3	1991.05	8557.94	0.001
1562.81	53020.2	1998.64	8565.42	0.001
1564.38	53047.9	2021.68	8570.31	0.001
1565.94	53358.3	2016.39	8578.74	0.001
1567.5	53805.6	1997.34	8589.06	0.001
1569.06	54330.9	1997.94	8594.53	0.001
1570.63	54880.3	2004.72	8598.77	0.001
1572.19	55340.7	2003.62	8601.79	0.001
1573.75	55786.2	2001.23	8604.7	0.001
1575.31	56094.7	2000.23	8611.27	0.001
1576.88	56389.1	1999.23	8618.42	0.001
1578.44	56532.3	1996.04	8630.8	0.001
1580	56664.3	1994.55	8644.45	0.001
1581.56	56725.2	2003.92	8666.14	0.001
1583.13	56751.4	2010.01	8687.15	0.001
1584.69	56662.7	2005.02	8705.43	0.001
1586.25	56532.2	2002.13	8721.03	0.001
1587.81	56315.8	2003.52	8731	0.001
1589.38	56085.5	2003.72	8743.61	0.001
1590.94	55836.3	2002.13	8759.67	0.001
1592.5	55523.6	2004.12	8774.21	0.001
1594.06	55152.5	2009.41	8787.24	0.001
1595.63	54753.5	2006.62	8800.98	0.001
1597.19	54337.6	1998.83	8814.9	0.001
1598.75	53931.5	2001.43	8825.53	0.001
1600.31	53529.5	2008.21	8834.76	0.001
1601.88	53151.5	2008.01	8842	0.001
1603.44	52778.9	2006.12	8848.45	0.001
1605	52388.7	2003.92	8856.86	0.001
1606.56	51996.4	2001.63	8865.19	0.001
1608.13	51581.3	1999.73	8870.49	0.001
1609.69	51167.4	1999.43	8876.39	0.001
1611.25	50762.6	2010.21	8889.06	0.001
1612.81	50342.1	2017.49	8901.95	0.001
1614.38	49867.1	2012.8	8916.06	0.001
1615.94	49399.6	2010.11	8931.63	0.001
1617.5	48947.5	2011.4	8950.64	0.001
1619.06	48488.3	2011.5	8965.07	0.001
1620.63	48019.7	2010.31	8973.33	0.001
1622.19	47514.5	2009.11	8981.05	0.001
1623.75	46977.5	2007.81	8988.31	0.001
1625.31	46434.7	2007.61	8989.62	0.001
1626.88	45888.7	2007.91	8987.4	0.001
1628.44	45353.1	2008.31	8992.7	0.001
1630	44820.9	2008.61	9000.46	0.001
1631.56	44248.5	2002.53	9014.19	0.001
1633.13	43669.1	1995.34	9029.05	0.001
1634.69	43009.6	2012.9	9032.65	0.001
1636.25	42337.7	2029.36	9035.54	0.001
