452.692	2219	2126.64	1438.85	1.10748	28.516100	28.337675	0.001	
453.787	2252	2158.23	10.972	1.10748	28.516100	28.337675	0.001	
454.882	2227	2148.43	-1.74273	1.10748	28.516100	28.337675	0.001	
455.977	2230	2169.72	-209.853	1.10748	28.516100	28.337675	0.001	
457.072	2233	2135.16	4.19302	1.10748	28.516100	28.337675	0.001	
458.167	2247	2174.87	-69.899	1.10748	28.516100	28.337675	0.001	
459.263	2232	2149.42	-0.223858	1.10748	28.516100	28.337675	0.001	
460.358	2252	2162.99	3.236	1.10748	28.516100	28.337675	0.001	
461.453	2226	2154.57	-11.8378	1.10748	28.516100	28.337675	0.001	
462.549	2243	2153.08	5.98096	1.10748	28.516100	28.337675	0.001	
463.644	2223	2144.77	-22.7825	1.10748	28.516100	28.337675	0.001	
464.74	2241	2154.77	0.790165	1.10748	28.516100	28.337675	0.001	
465.835	2236	2155.86	-8.3216	1.10748	28.516100	28.337675	0.001	
466.931	2245	2158.33	3.03321	1.10748	28.516100	28.337675	0.001	
468.027	2229	2139.52	47.1581	1.10748	28.516100	28.337675	0.001	
469.123	2247	2164.77	-0.772413	1.10748	28.516100	28.337675	0.001	
470.219	2231	2139.91	6.33612	1.10748	28.516100	28.337675	0.001	
471.315	2236	2151.5	0.86229	1.10748	28.516100	28.337675	0.001	
472.411	2215	2144.77	-11.3463	1.10748	28.516100	28.337675	0.001	
473.507	2250	2164.27	1.80076	1.10748	28.516100	28.337675	0.001	
474.603	2232	2144.07	2.10658	1.10748	28.516100	28.337675	0.001	
475.699	2248	2153.18	-70.9711	1.10748	28.516100	28.337675	0.001	
476.795	2248	2155.96	4.8176	1.10748	28.516100	28.337675	0.001	
477.892	2262	2162.49	16.0878	1.10748	28.516100	28.337675	0.001	
478.988	2233	2156.15	-3.42713	1.10748	28.516100	28.337675	0.001	
480.084	2251	2154.07	9.34267	1.10748	28.516100	28.337675	0.001	
481.181	2242	2157.24	0.665823	1.10748	28.516100	28.337675	0.001	
482.277	2250	2162.79	7.79198	1.10748	28.516100	28.337675	0.001	
483.374	2237	2147.14	2.29232	1.10748	28.516100	28.337675	0.001	
484.47	2257	2155.96	49.363	1.10748	28.516100	28.337675	0.001	
485.567	2242	2151.8	3.34459	1.10748	28.516100	28.337675	0.001	
486.663	2243	2167.44	-2.58794	1.10748	28.516100	28.337675	0.001	
487.76	2260	2153.88	17.7355	1.10748	28.516100	28.337675	0.001	
488.857	2248	2166.75	-1.90224	1.10748	28.516100	28.337675	0.001	
489.954	2228	2146.65	-0.601667	1.10748	28.516100	28.337675	0.001	
491.05	2247	2153.68	3.90983	1.10748	28.516100	28.337675	0.001	
492.147	2248	2147.44	7.30729	1.10748	28.516100	28.337675	0.001	
493.244	2252	2156.75	3.50076	1.10748	28.516100	28.337675	0.001	
494.341	2255	2157.74	3.6283	1.10748	28.516100	28.337675	0.001	
495.438	2250	2171.01	-1.48199	1.10748	28.516100	28.337675	0.001	
496.535	2234	2143.87	2.0269	1.10748	28.516100	28.337675	0.001	
497.632	2250	2155.76	2.50465	1.10748	28.516100	28.337675	0.001	
498.729	2254	2155.86	3.09124	1.10748	28.516100	28.337675	0.001	
499.825	2253	2155.76	2.57015	1.10748	28.516100	28.337675	0.001	
500.922	2249	2154.07	1.67806	1.10748	28.516100	28.337675	0.001	
502.019	2259	2160.31	2.53089	1.10748	28.516100	28.337675	0.001	
503.117	2251	2152.79	2.19137	1.10748	28.516100	28.337675	0.001	
504.214	2257	2148.93	3.50811	1.10748	28.516100	28.337675	0.001	
505.311	2259	2144.27	4.26216	1.10748	28.516100	28.337675	0.001	
506.408	2267	2157.44	3.38412	1.10748	28.516100	28.337675	0.001	
507.505	2274	2159.72	3.48381	1.10748	28.516100	28.337675	0.001	
508.602	2267	2147.74	4.40451	1.10748	28.516100	28.337675	0.001	
509.699	2264	2151.9	3.05776	1.10748	28.516100	28.337675	0.001	
510.796	2271	2150.51	3.92467	1.10748	28.516100	28.337675	0.001	
511.893	2270	2156.35	2.81447	1.10748	28.516100	28.337675	0.001	
512.99	2297	2170.51	3.76011	1.10748	28.516100	28.337675	0.001	
514.087	2285	2149.22	4.40732	1.10748	28.516100	28.337675	0.001	
515.184	2291	2158.04	4.1428	1.10748	28.516100	28.337675	0.001	
516.281	2291	2150.11	3.96514	1.10748	28.516100	28.337675	0.001	
517.378	2293	2159.52	3.66557	1.10748	28.516100	28.337675	0.001	
518.475	2288	2153.68	3.45877	1.10748	28.516100	28.337675	0.001	
519.573	2316	2159.03	5.0231	1.10748	28.516100	28.337675	0.001	
520.67	2297	2149.52	4.05825	1.10748	28.516100	28.337675	0.001	
521.767	2304	2160.02	3.73584	1.10748	28.516100	28.337675	0.001	
522.864	2300	2159.72	3.51499	1.10748	28.516100	28.337675	0.001	
523.961	2339	2166.55	5.28947	1.10748	28.516100	28.337675	0.001	
525.058	2308	2147.04	4.48852	1.10748	28.516100	28.337675	0.001	
526.155	2344	2169.33	4.98616	1.10748	28.516100	28.337675	0.001	
527.252	2327	2149.92	4.86657	1.10748	28.516100	28.337675	0.001	
528.348	2371	2166.65	6.2148	1.10748	28.516100	28.337675	0.001	
529.445	2343	2150.61	5.3375	1.10748	28.516100	28.337675	0.001	
530.542	2352	2142.59	6.03853	1.10748	28.516100	28.337675	0.001	
531.639	2362	2149.62	5.95568	1.10748	28.516100	28.337675	0.001	
532.736	2390	2168.63	6.23919	1.10748	28.516100	28.337675	0.001	
533.833	2375	2153.58	6.07552	1.10748	28.516100	28.337675	0.001	
534.929	2400	2160.91	6.59158	1.10748	28.516100	28.337675	0.001	
536.026	2377	2134.57	6.63361	1.10748	28.516100	28.337675	0.001	
537.123	2399	2159.42	6.27911	1.10748	28.516100	28.337675	0.001	
538.22	2424	2143.48	7.7868	1.10748	28.516100	28.337675	0.001	
539.316	2417	2161.2	6.6035	1.10748	28.516100	28.337675	0.001	
540.413	2428	2155.76	7.08997	1.10748	28.516100	28.337675	0.001	
541.509	2443	2153.28	7.48866	1.10748	28.516100	28.337675	0.001	
542.606	2448	2139.32	7.97797	1.10748	28.516100	28.337675	0.001	
543.702	2476	2160.31	7.93525	1.10748	28.516100	28.337675	0.001	
544.799	2483	2137.83	8.82175	1.10748	28.516100	28.337675	0.001	
545.895	2505	2156.75	8.69861	1.10748	28.516100	28.337675	0.001	
546.991	2495	2148.53	8.48464	1.10748	28.516100	28.337675	0.001	
548.088	2542	2159.03	9.46307	1.10748	28.516100	28.337675	0.001	
549.184	2530	2145.16	9.35009	1.10748	28.516100	28.337675	0.001	
550.28	2552	2146.75	9.72542	1.10748	28.516100	28.337675	0.001	
551.376	2563	2143.08	9.99261	1.10748	28.516100	28.337675	0.001	
552.472	2585	2159.92	9.89328	1.10748	28.516100	28.337675	0.001	
553.568	2593	2151.2	10.1745	1.10748	28.516100	28.337675	0.001	
554.664	2624	2163.48	10.5356	1.10748	28.516100	28.337675	0.001	
555.76	2639	2152	11.086	1.10748	28.516100	28.337675	0.001	
556.856	2669	2161.3	11.4772	1.10748	28.516100	28.337675	0.001	
557.952	2667	2148.43	11.6277	1.10748	28.516100	28.337675	0.001	
559.047	2709	2166.55	12.0339	1.10748	28.516100	28.337675	0.001	
560.143	2701	2148.83	12.1253	1.10748	28.516100	28.337675	0.001	
561.239	2722	2134.57	12.943	1.10748	28.516100	28.337675	0.001	
562.334	2751	2141	13.367	1.10748	28.516100	28.337675	0.001	
563.43	2781	2151.8	13.6341	1.10748	28.516100	28.337675	0.001	
564.525	2796	2154.87	13.7443	1.10748	28.516100	28.337675	0.001	
565.62	2815	2156.85	14.1062	1.10748	28.516100	28.337675	0.001	
566.715	2832	2139.62	14.7639	1.10748	28.516100	28.337675	0.001	
567.811	2871	2164.67	15.0298	1.10748	28.516100	28.337675	0.001	
568.906	2873	2140.41	15.5105	1.10748	28.516100	28.337675	0.001	
570.001	2909	2157.44	15.8347	1.10748	28.516100	28.337675	0.001	
571.095	2922	2132.29	16.691	1.10748	28.516100	28.337675	0.001	
572.19	2951	2152.79	16.8367	1.10748	28.516100	28.337675	0.001	
573.285	2961	2140.01	17.2964	1.10748	28.516100	28.337675	0.001	
574.38	2998	2156.95	17.6593	1.10748	28.516100	28.337675	0.001	
575.474	3017	2136.05	18.5364	1.10748	28.516100	28.337675	0.001	
576.569	3036	2142.09	18.7785	1.10748	28.516100	28.337675	0.001	
577.663	3056	2139.62	19.2612	1.10748	28.516100	28.337675	0.001	
578.757	3087	2144.67	19.8547	1.10748	28.516100	28.337675	0.001	
579.851	3108	2141	20.3475	1.10748	28.516100	28.337675	0.001	
580.945	3144	2164.18	20.6485	1.10748	28.516100	28.337675	0.001	
582.039	3143	2136.35	21.2784	1.10748	28.516100	28.337675	0.001	
583.133	3180	2146.75	21.9423	1.10748	28.516100	28.337675	0.001	
584.227	3188	2128.72	22.6552	1.10748	28.516100	28.337675	0.001	
585.321	3221	2143.28	23.0817	1.10748	28.516100	28.337675	0.001	
586.414	3245	2139.91	23.8193	1.10748	28.516100	28.337675	0.001	
587.508	3264	2155.26	23.9959	1.10748	28.516100	28.337675	0.001	
588.601	3286	2143.97	24.8786	1.10748	28.516100	28.337675	0.001	
589.694	3312	2139.91	25.6872	1.10748	28.516100	28.337675	0.001	
590.787	3328	2140.01	26.2718	1.10748	28.516100	28.337675	0.001	
591.881	3366	2152.19	26.8797	1.10748	28.516100	28.337675	0.001	
592.973	3376	2142.19	27.4911	1.10748	28.516100	28.337675	0.001	
594.066	3397	2143.87	28.0619	1.10748	28.516100	28.337675	0.001	
595.159	3426	2153.28	28.6803	1.10748	28.516100	28.337675	0.001	
596.251	3443	2151.4	29.2978	1.10748	28.516100	28.337675	0.001	
597.344	3474	2151.7	30.14	1.10748	28.516100	28.337675	0.001	
598.436	3516	2161.5	31.0607	1.10748	28.516100	28.337675	0.001	
599.528	3523	2146.25	31.7676	1.10748	28.516100	28.337675	0.001	
600.621	3560	2150.31	32.5891	1.10748	28.516100	28.337675	0.001	
601.713	3593	2153.58	33.397	1.10748	28.516100	28.337675	0.001	
602.804	3612	2148.73	34.0038	1.10748	28.516100	28.337675	0.001	
603.896	3626	2145.36	34.6401	1.10748	28.516100	28.337675	0.001	
604.988	3668	2147.93	35.6178	1.10748	28.516100	28.337675	0.001	
606.079	3697	2150.61	36.3208	1.10748	28.516100	28.337675	0.001	
607.17	3738	2156.75	37.2142	1.10748	28.516100	28.337675	0.001	
608.262	3758	2138.73	38.2917	1.10748	28.516100	28.337675	0.001	
609.353	3807	2149.72	39.1374	1.10748	28.516100	28.337675	0.001	
610.443	3829	2149.02	39.6909	1.10748	28.516100	28.337675	0.001	
611.534	3881	2157.54	40.7527	1.10748	28.516100	28.337675	0.001	
612.625	3896	2144.86	41.4224	1.10748	28.516100	28.337675	0.001	
613.715	3954	2151.3	42.6429	1.10748	28.516100	28.337675	0.001	
614.806	4001	2156.85	43.5475	1.10748	28.516100	28.337675	0.001	
615.896	4044	2166.95	44.3995	1.10748	28.516100	28.337675	0.001	
616.986	4076	2152.99	45.411	1.10748	28.516100	28.337675	0.001	
618.076	4135	2155.86	46.8382	1.10748	28.516100	28.337675	0.001	
619.165	4180	2159.03	47.678	1.10748	28.516100	28.337675	0.001	
620.255	4223	2166.16	48.4584	1.10748	28.516100	28.337675	0.001	
621.344	4259	2148.53	49.5938	1.10748	28.516100	28.337675	0.001	
622.434	4322	2152.09	50.9494	1.10748	28.516100	28.337675	0.001	
623.523	4361	2150.91	51.8237	1.10748	28.516100	28.337675	0.001	
624.612	4417	2155.66	52.9954	1.10748	28.516100	28.337675	0.001	
625.701	4474	2147.93	54.4142	1.10748	28.516100	28.337675	0.001	
626.789	4545	2159.13	55.7559	1.10748	28.516100	28.337675	0.001	
627.878	4576	2150.21	56.6086	1.10748	28.516100	28.337675	0.001	
628.966	4640	2156.35	57.8531	1.10748	28.516100	28.337675	0.001	
630.054	4691	2150.51	59.2775	1.10748	28.516100	28.337675	0.001	
631.142	4750	2155.76	60.2897	1.10748	28.516100	28.337675	0.001	
632.23	4821	2154.77	61.8101	1.10748	28.516100	28.337675	0.001	
633.318	4875	2157.64	62.8731	1.10748	28.516100	28.337675	0.001	
634.405	4927	2151.8	64.2009	1.10748	28.516100	28.337675	0.001	
635.492	5013	2156.75	66.0103	1.10748	28.516100	28.337675	0.001	
636.579	5064	2152.89	67.1007	1.10748	28.516100	28.337675	0.001	
637.666	5128	2148.83	68.6264	1.10748	28.516100	28.337675	0.001	
638.753	5191	2154.67	69.7721	1.10748	28.516100	28.337675	0.001	
639.84	5256	2159.52	71.0877	1.10748	28.516100	28.337675	0.001	
640.926	5305	2151.6	72.4219	1.10748	28.516100	28.337675	0.001	
642.012	5380	2158.63	73.8514	1.10748	28.516100	28.337675	0.001	
643.098	5450	2154.57	75.3855	1.10748	28.516100	28.337675	0.001	
644.184	5547	2162.49	77.2807	1.10748	28.516100	28.337675	0.001	
645.27	5597	2155.26	78.5293	1.10748	28.516100	28.337675	0.001	
646.355	5687	2174.38	79.9718	1.10748	28.516100	28.337675	0.001	
647.441	5753	2158.63	81.7134	1.10748	28.516100	28.337675	0.001	
648.526	5822	2157.84	82.9991	1.10748	28.516100	28.337675	0.001	
649.611	5900	2148.63	85.1168	1.10748	28.516100	28.337675	0.001	
650.695	5986	2165.86	86.5261	1.10748	28.516100	28.337675	0.001	
651.78	6061	2153.18	88.3723	1.10748	28.516100	28.337675	0.001	
652.864	6144	2166.26	89.7909	1.10748	28.516100	28.337675	0.001	
653.948	6239	2154.87	92.2178	1.10748	28.516100	28.337675	0.001	
655.032	6302	2154.37	93.4535	1.10748	28.516100	28.337675	0.001	
656.116	6393	2157.44	95.2021	1.10748	28.516100	28.337675	0.001	
657.199	6483	2160.91	96.9832	1.10748	28.516100	28.337675	0.001	
658.283	6570	2148.43	99.1395	1.10748	28.516100	28.337675	0.001	
659.366	6668	2167.44	100.614	1.10748	28.516100	28.337675	0.001	
660.448	6752	2152.49	102.756	1.10748	28.516100	28.337675	0.001	
661.531	6843	2150.61	104.545	1.10748	28.516100	28.337675	0.001	
662.614	6917	2153.68	106.087	1.10748	28.516100	28.337675	0.001	
663.696	7045	2172	108.225	1.10748	28.516100	28.337675	0.001	
664.778	7125	2156.75	110.081	1.10748	28.516100	28.337675	0.001	
665.86	7225	2158.04	112.308	1.10748	28.516100	28.337675	0.001	
666.941	7328	2140.71	114.626	1.10748	28.516100	28.337675	0.001	
668.023	7415	2155.86	116.069	1.10748	28.516100	28.337675	0.001	
669.104	7527	2159.13	118.12	1.10748	28.516100	28.337675	0.001	
670.185	7624	2158.83	120.178	1.10748	28.516100	28.337675	0.001	
671.265	7736	2148.73	122.571	1.10748	28.516100	28.337675	0.001	
672.346	7842	2153.18	124.655	1.10748	28.516100	28.337675	0.001	
673.426	7941	2148.53	126.885	1.10748	28.516100	28.337675	0.001	
674.506	8066	2171.4	128.701	1.10748	28.516100	28.337675	0.001	
675.586	8156	2142.88	131.193	1.10748	28.516100	28.337675	0.001	
676.665	8301	2172.79	133.323	1.10748	28.516100	28.337675	0.001	
677.745	8406	2152	135.705	1.10748	28.516100	28.337675	0.001	
678.824	8535	2163.68	137.958	1.10748	28.516100	28.337675	0.001	
679.903	8660	2154.17	140.563	1.10748	28.516100	28.337675	0.001	
680.981	8796	2172	142.719	1.10748	28.516100	28.337675	0.001	
682.059	8908	2146.94	145.478	1.10748	28.516100	28.337675	0.001	
683.138	9051	2166.75	147.645	1.10748	28.516100	28.337675	0.001	
684.215	9191	2170.22	150.181	1.10748	28.516100	28.337675	0.001	
685.293	9325	2170.02	152.709	1.10748	28.516100	28.337675	0.001	
686.37	9452	2156.55	155.454	1.10748	28.516100	28.337675	0.001	
687.448	9610	2167.25	158.103	1.10748	28.516100	28.337675	0.001	
688.524	9768	2166.55	160.847	1.10748	28.516100	28.337675	0.001	
689.601	9918	2158.23	163.723	1.10748	28.516100	28.337675	0.001	
690.678	10062	2150.81	166.444	1.10748	28.516100	28.337675	0.001	
691.754	10207	2157.24	168.693	1.10748	28.516100	28.337675	0.001	
692.83	10365	2164.77	171.268	1.10748	28.516100	28.337675	0.001	
693.905	10552	2156.06	174.883	1.10748	28.516100	28.337675	0.001	
694.98	10680	2139.81	177.399	1.10748	28.516100	28.337675	0.001	
696.056	10855	2158.43	180.061	1.10748	28.516100	28.337675	0.001	
697.13	11021	2153.38	182.811	1.10748	28.516100	28.337675	0.001	
698.205	11201	2165.17	185.842	1.10748	28.516100	28.337675	0.001	
699.279	11367	2150.41	188.919	1.10748	28.516100	28.337675	0.001	
700.353	11570	2164.08	192.362	1.10748	28.516100	28.337675	0.001	
701.427	11731	2157.74	194.904	1.10748	28.516100	28.337675	0.001	
702.501	11932	2151	198.361	1.10748	28.516100	28.337675	0.001	
703.574	12116	2159.72	201.324	1.10748	28.516100	28.337675	0.001	
704.647	12327	2172.49	204.506	1.10748	28.516100	28.337675	0.001	
705.719	12493	2151.9	207.347	1.10748	28.516100	28.337675	0.001	
706.792	12729	2157.34	211.046	1.10748	28.516100	28.337675	0.001	
707.864	12923	2164.08	214.023	1.10748	28.516100	28.337675	0.001	
708.936	13132	2164.47	217.416	1.10748	28.516100	28.337675	0.001	
710.007	13317	2162.99	220.391	1.10748	28.516100	28.337675	0.001	
711.079	13528	2160.91	224.062	1.10748	28.516100	28.337675	0.001	
712.15	13738	2160.51	227.514	1.10748	28.516100	28.337675	0.001	
713.221	13942	2158.23	230.869	1.10748	28.516100	28.337675	0.001	
714.291	14171	2157.94	234.488	1.10748	28.516100	28.337675	0.001	
715.361	14398	2168.14	238.161	1.10748	28.516100	28.337675	0.001	
716.431	14620	2151.9	242.007	1.10748	28.516100	28.337675	0.001	
717.501	14839	2162.69	245.332	1.10748	28.516100	28.337675	0.001	
718.57	15063	2165.96	249.144	1.10748	28.516100	28.337675	0.001	
719.639	15283	2172.59	252.449	1.10748	28.516100	28.337675	0.001	
720.707	15489	2152.99	256.507	1.10748	28.516100	28.337675	0.001	
721.776	15723	2162.19	260.106	1.10748	28.516100	28.337675	0.001	
722.844	15943	2164.18	263.822	1.10748	28.516100	28.337675	0.001	
723.912	16169	2175.96	267.451	1.10748	28.516100	28.337675	0.001	
724.979	16368	2160.91	271.386	1.10748	28.516100	28.337675	0.001	
726.046	16580	2171.11	274.853	1.10748	28.516100	28.337675	0.001	
727.113	16810	2170.32	279.269	1.10748	28.516100	28.337675	0.001	
728.18	16981	2172.59	283.152	1.10748	28.516100	28.337675	0.001	
729.246	17162	2152.89	287.218	1.10748	28.516100	28.337675	0.001	
730.312	17339	2162.19	291.312	1.10748	28.516100	28.337675	0.001	
731.378	17515	2150.91	295.475	1.10748	28.516100	28.337675	0.001	
732.443	17728	2164.67	300.26	1.10748	28.516100	28.337675	0.001	
733.508	17884	2154.87	304.3	1.10748	28.516100	28.337675	0.001	
734.573	18072	2169.72	308.602	1.10748	28.516100	28.337675	0.001	
735.637	18223	2165.07	312.914	1.10748	28.516100	28.337675	0.001	
736.701	18386	2174.97	317.413	1.10748	28.516100	28.337675	0.001	
737.765	18527	2160.31	321.72	1.10748	28.516100	28.337675	0.001	
738.829	18670	2169.52	325.941	1.10748	28.516100	28.337675	0.001	
739.892	18799	2165.66	330.439	1.10748	28.516100	28.337675	0.001	
740.955	18922	2172.79	334.611	1.10748	28.516100	28.337675	0.001	
742.017	19025	2151.4	339.117	1.10748	28.516100	28.337675	0.001	
743.079	19149	2165.76	343.537	1.10748	28.516100	28.337675	0.001	
744.141	19262	2161.7	348.425	1.10748	28.516100	28.337675	0.001	
745.202	19357	2169.33	352.914	1.10748	28.516100	28.337675	0.001	
746.264	19459	2157.64	357.883	1.10748	28.516100	28.337675	0.001	
747.324	19568	2171.9	362.339	1.10748	28.516100	28.337675	0.001	
748.385	19696	2162.99	367.85	1.10748	28.516100	28.337675	0.001	
749.445	19784	2154.07	373.015	1.10748	28.516100	28.337675	0.001	
750.505	19872	2171.4	377.207	1.10748	28.516100	28.337675	0.001	
751.564	19983	2168.83	382.653	1.10748	28.516100	28.337675	0.001	
752.623	20081	2157.84	387.68	1.10748	28.516100	28.337675	0.001	
753.682	20201	2165.46	393.288	1.10748	28.516100	28.337675	0.001	
754.741	20289	2163.68	398.1	1.10748	28.516100	28.337675	0.001	
755.799	20375	2165.36	402.996	1.10748	28.516100	28.337675	0.001	
756.857	20512	2159.22	408.541	1.10748	28.516100	28.337675	0.001	
757.914	20609	2164.08	413.523	1.10748	28.516100	28.337675	0.001	
758.971	20736	2169.23	418.988	1.10748	28.516100	28.337675	0.001	
760.028	20830	2159.42	424.223	1.10748	28.516100	28.337675	0.001	
761.084	20929	2171.01	429.217	1.10748	28.516100	28.337675	0.001	
762.14	21000	2157.84	434.299	1.10748	28.516100	28.337675	0.001	
763.196	21084	2170.41	440.038	1.10748	28.516100	28.337675	0.001	
764.251	21160	2157.24	445.51	1.10748	28.516100	28.337675	0.001	
765.306	21260	2165.66	451.185	1.10748	28.516100	28.337675	0.001	
766.36	21361	2166.65	457.181	1.10748	28.516100	28.337675	0.001	
767.415	21445	2153.88	462.812	1.10748	28.516100	28.337675	0.001	
768.468	21547	2168.04	468.751	1.10748	28.516100	28.337675	0.001	
769.522	21646	2149.52	474.785	1.10748	28.516100	28.337675	0.001	
770.575	21753	2162.99	480.685	1.10748	28.516100	28.337675	0.001	
771.628	21836	2160.61	486.465	1.10748	28.516100	28.337675	0.001	
772.68	21935	2175.07	492.326	1.10748	28.516100	28.337675	0.001	
773.732	22005	2152.89	498.478	1.10748	28.516100	28.337675	0.001	
774.784	22110	2169.42	504.432	1.10748	28.516100	28.337675	0.001	
775.835	22199	2163.38	510.901	1.10748	28.516100	28.337675	0.001	
776.886	22260	2166.95	516.329	1.10748	28.516100	28.337675	0.001	
777.936	22363	2163.09	522.592	1.10748	28.516100	28.337675	0.001	
778.986	22476	2174.47	528.474	1.10748	28.516100	28.337675	0.001	
780.036	22539	2154.37	534.602	1.10748	28.516100	28.337675	0.001	
781.086	22558	2154.37	540.188	1.10748	28.516100	28.337675	0.001	
782.135	22607	2154.07	546.549	1.10748	28.516100	28.337675	0.001	
783.183	22677	2170.02	553.509	1.10748	28.516100	28.337675	0.001	
784.231	22706	2152.19	560.118	1.10748	28.516100	28.337675	0.001	
785.279	22748	2166.35	567.367	1.10748	28.516100	28.337675	0.001	
786.327	22767	2147.34	573.158	1.10748	28.516100	28.337675	0.001	
787.374	22810	2163.68	579.749	1.10748	28.516100	28.337675	0.001	
788.42	22862	2155.76	587.421	1.10748	28.516100	28.337675	0.001	
789.466	22908	2161.9	594.458	1.10748	28.516100	28.337675	0.001	
790.512	22931	2161.01	601.472	1.10748	28.516100	28.337675	0.001	
791.558	22978	2162.39	608.065	1.10748	28.516100	28.337675	0.001	
792.603	22977	2164.67	614.771	1.10748	28.516100	28.337675	0.001	
793.648	23026	2164.77	621.524	1.10748	28.516100	28.337675	0.001	
794.692	23053	2165.56	628.934	1.10748	28.516100	28.337675	0.001	
795.736	23089	2159.52	636.708	1.10748	28.516100	28.337675	0.001	
796.779	23117	2158.53	642.865	1.10748	28.516100	28.337675	0.001	
797.822	23134	2179.52	649.92	1.10748	28.516100	28.337675	0.001	
798.865	23125	2163.09	656.67	1.10748	28.516100	28.337675	0.001	
799.907	23151	2149.42	664.575	1.10748	28.516100	28.337675	0.001	
800.949	23163	2158.73	671.728	1.10748	28.516100	28.337675	0.001	
801.99	23146	2163.98	677.854	1.10748	28.516100	28.337675	0.001	
803.031	23121	2150.11	685.274	1.10748	28.516100	28.337675	0.001	
804.072	23125	2169.33	692.343	1.10748	28.516100	28.337675	0.001	
805.112	23136	2159.03	701.008	1.10748	28.516100	28.337675	0.001	
806.152	23176	2169.62	709.028	1.10748	28.516100	28.337675	0.001	
807.191	23160	2171.5	716.337	1.10748	28.516100	28.337675	0.001	
808.23	23150	2162.69	723.827	1.10748	28.516100	28.337675	0.001	
809.268	23178	2150.61	732.656	1.10748	28.516100	28.337675	0.001	
810.307	23226	2152.69	741.395	1.10748	28.516100	28.337675	0.001	
811.344	23225	2154.47	747.943	1.10748	28.516100	28.337675	0.001	
812.381	23251	2169.23	755.855	1.10748	28.516100	28.337675	0.001	
813.418	23265	2159.13	763.599	1.10748	28.516100	28.337675	0.001	
814.454	23295	2167.84	771.923	1.10748	28.516100	28.337675	0.001	
815.49	23304	2157.74	780.17	1.10748	28.516100	28.337675	0.001	
816.526	23335	2163.19	788.106	1.10748	28.516100	28.337675	0.001	
817.561	23322	2160.31	795.54	1.10748	28.516100	28.337675	0.001	
818.596	23361	2169.72	804.203	1.10748	28.516100	28.337675	0.001	
819.63	23384	2160.02	813.1	1.10748	28.516100	28.337675	0.001	
820.664	23432	2172.49	820.939	1.10748	28.516100	28.337675	0.001	
821.697	23391	2167.54	827.7	1.10748	28.516100	28.337675	0.001	
822.73	23424	2175.96	836.193	1.10748	28.516100	28.337675	0.001	
823.762	23419	2172.3	844.237	1.10748	28.516100	28.337675	0.001	
824.794	23424	2171.5	852.914	1.10748	28.516100	28.337675	0.001	
825.826	23430	2162.49	861.834	1.10748	28.516100	28.337675	0.001	
826.857	23395	2176.95	869.679	1.10748	28.516100	28.337675	0.001	
827.887	23428	2162.49	878.813	1.10748	28.516100	28.337675	0.001	
828.918	23442	2175.17	887.325	1.10748	28.516100	28.337675	0.001	
829.947	23430	2163.58	896.249	1.10748	28.516100	28.337675	0.001	
830.977	23507	2164.87	907.165	1.10748	28.516100	28.337675	0.001	
832.005	23520	2164.67	915.577	1.10748	28.516100	28.337675	0.001	
833.034	23551	2166.16	924.772	1.10748	28.516100	28.337675	0.001	
834.062	23545	2170.81	933.466	1.10748	28.516100	28.337675	0.001	
835.089	23558	2159.92	942.913	1.10748	28.516100	28.337675	0.001	
836.116	23603	2162.59	951.801	1.10748	28.516100	28.337675	0.001	
837.143	23632	2168.04	959.505	1.10748	28.516100	28.337675	0.001	
838.169	23697	2169.62	969.288	1.10748	28.516100	28.337675	0.001	
839.194	23751	2162.89	979.093	1.10748	28.516100	28.337675	0.001	
840.22	23793	2155.66	989.514	1.10748	28.516100	28.337675	0.001	
841.244	23851	2162.89	998.407	1.10748	28.516100	28.337675	0.001	
842.268	23877	2159.22	1007.86	1.10748	28.516100	28.337675	0.001	
843.292	23917	2174.77	1015.61	1.10748	28.516100	28.337675	0.001	
844.315	23945	2160.21	1025.27	1.10748	28.516100	28.337675	0.001	
845.338	24000	2173.09	1034.84	1.10748	28.516100	28.337675	0.001	
846.36	24001	2157.54	1044.39	1.10748	28.516100	28.337675	0.001	
847.382	24047	2160.81	1053.68	1.10748	28.516100	28.337675	0.001	
848.404	24056	2165.96	1063.37	1.10748	28.516100	28.337675	0.001	
849.425	24087	2170.12	1072.62	1.10748	28.516100	28.337675	0.001	
850.445	24094	2164.08	1082.33	1.10748	28.516100	28.337675	0.001	
851.465	24152	2175.96	1092.73	1.10748	28.516100	28.337675	0.001	
852.484	24206	2160.02	1103.95	1.10748	28.516100	28.337675	0.001	
853.503	24260	2155.86	1115.43	1.10748	28.516100	28.337675	0.001	
854.522	24284	2152.59	1123.99	1.10748	28.516100	28.337675	0.001	
855.54	24363	2170.91	1135.12	1.10748	28.516100	28.337675	0.001	
856.557	24385	2170.61	1143.64	1.10748	28.516100	28.337675	0.001	
857.574	24473	2163.88	1155.28	1.10748	28.516100	28.337675	0.001	
858.591	24520	2159.62	1164.52	1.10748	28.516100	28.337675	0.001	
859.607	24587	2160.41	1175.64	1.10748	28.516100	28.337675	0.001	
860.622	24648	2167.15	1185.91	1.10748	28.516100	28.337675	0.001	
861.637	24701	2159.13	1196.18	1.10748	28.516100	28.337675	0.001	
862.652	24734	2159.62	1206.43	1.10748	28.516100	28.337675	0.001	
863.666	24824	2163.38	1217.12	1.10748	28.516100	28.337675	0.001	
864.679	24841	2151.1	1227.03	1.10748	28.516100	28.337675	0.001	
865.692	24876	2159.03	1235.8	1.10748	28.516100	28.337675	0.001	
866.705	24920	2147.04	1247.39	1.10748	28.516100	28.337675	0.001	
867.717	24964	2152.69	1258.32	1.10748	28.516100	28.337675	0.001	
868.728	24984	2158.33	1268.71	1.10748	28.516100	28.337675	0.001	
869.739	25011	2151.5	1279.39	1.10748	28.516100	28.337675	0.001	
870.75	25037	2170.61	1288.76	1.10748	28.516100	28.337675	0.001	
871.76	25051	2152.69	1299.67	1.10748	28.516100	28.337675	0.001	
872.769	25085	2151.1	1310.68	1.10748	28.516100	28.337675	0.001	
873.778	25100	2154.17	1321.87	1.10748	28.516100	28.337675	0.001	
874.786	25125	2154.47	1332.84	1.10748	28.516100	28.337675	0.001	
875.794	25168	2163.48	1344.34	1.10748	28.516100	28.337675	0.001	
876.802	25177	2178.73	1354.85	1.10748	28.516100	28.337675	0.001	
877.809	25181	2166.26	1366.59	1.10748	28.516100	28.337675	0.001	
878.815	25206	2172.1	1377.62	1.10748	28.516100	28.337675	0.001	
879.821	25208	2159.42	1389.81	1.10748	28.516100	28.337675	0.001	
880.826	25262	2170.41	1401.04	1.10748	28.516100	28.337675	0.001	
881.831	25291	2169.82	1413.52	1.10748	28.516100	28.337675	0.001	
882.835	25301	2163.19	1425.1	1.10748	28.516100	28.337675	0.001	
883.839	25286	2161.5	1435.75	1.10748	28.516100	28.337675	0.001	
884.842	25296	2157.64	1446.51	1.10748	28.516100	28.337675	0.001	
885.844	25327	2163.09	1457.38	1.10748	28.516100	28.337675	0.001	
886.847	25359	2165.26	1469.69	1.10748	28.516100	28.337675	0.001	
887.848	25352	2161.9	1481.84	1.10748	28.516100	28.337675	0.001	
888.849	25308	2157.14	1492.29	1.10748	28.516100	28.337675	0.001	
889.85	25294	2160.61	1504.27	1.10748	28.516100	28.337675	0.001	
890.85	25273	2152.69	1517.55	1.10748	28.516100	28.337675	0.001	
891.849	25248	2152.29	1529.57	1.10748	28.516100	28.337675	0.001	
892.848	25242	2160.41	1540.51	1.10748	28.516100	28.337675	0.001	
893.846	25257	2163.28	1551.48	1.10748	28.516100	28.337675	0.001	
894.844	25230	2145.95	1562.65	1.10748	28.516100	28.337675	0.001	
895.841	25207	2160.81	1572.95	1.10748	28.516100	28.337675	0.001	
896.838	25211	2152.19	1586.42	1.10748	28.516100	28.337675	0.001	
897.834	25180	2155.86	1596.89	1.10748	28.516100	28.337675	0.001	
898.83	25112	2140.31	1608	1.10748	28.516100	28.337675	0.001	
899.825	25100	2163.38	1620.34	1.10748	28.516100	28.337675	0.001	
900.819	25046	2142.59	1631.63	1.10748	28.516100	28.337675	0.001	
901.813	25041	2158.93	1643.1	1.10748	28.516100	28.337675	0.001	
902.807	25011	2164.18	1656.75	1.10748	28.516100	28.337675	0.001	
903.799	25000	2160.71	1669.76	1.10748	28.516100	28.337675	0.001	
904.792	24939	2156.45	1682.62	1.10748	28.516100	28.337675	0.001	
905.783	24899	2165.86	1692.5	1.10748	28.516100	28.337675	0.001	
906.775	24884	2159.13	1706.91	1.10748	28.516100	28.337675	0.001	
907.765	24899	2176.46	1721.53	1.10748	28.516100	28.337675	0.001	
908.755	24864	2163.78	1733.7	1.10748	28.516100	28.337675	0.001	
909.745	24859	2167.84	1747.37	1.10748	28.516100	28.337675	0.001	
910.733	24821	2151.8	1759.57	1.10748	28.516100	28.337675	0.001	
911.722	24817	2164.87	1773.25	1.10748	28.516100	28.337675	0.001	
912.71	24795	2160.71	1786.28	1.10748	28.516100	28.337675	0.001	
913.697	24773	2167.54	1797.85	1.10748	28.516100	28.337675	0.001	
914.683	24745	2155.46	1809.49	1.10748	28.516100	28.337675	0.001	
915.669	24704	2146.55	1822.65	1.10748	28.516100	28.337675	0.001	
916.655	24661	2159.62	1835.2	1.10748	28.516100	28.337675	0.001	
917.64	24609	2160.61	1846.52	1.10748	28.516100	28.337675	0.001	
918.624	24545	2152.69	1859.21	1.10748	28.516100	28.337675	0.001	
919.608	24460	2159.42	1869.01	1.10748	28.516100	28.337675	0.001	
920.591	24386	2155.56	1881.94	1.10748	28.516100	28.337675	0.001	
921.573	24326	2172.2	1894.94	1.10748	28.516100	28.337675	0.001	
922.555	24255	2144.37	1908.16	1.10748	28.516100	28.337675	0.001	
923.537	24169	2151.5	1921.57	1.10748	28.516100	28.337675	0.001	
924.517	24091	2164.18	1934.38	1.10748	28.516100	28.337675	0.001	
925.498	23987	2157.05	1947.05	1.10748	28.516100	28.337675	0.001	
926.477	23881	2165.26	1956.49	1.10748	28.516100	28.337675	0.001	
927.456	23771	2152.69	1970.22	1.10748	28.516100	28.337675	0.001	
928.435	23681	2166.75	1982.04	1.10748	28.516100	28.337675	0.001	
929.412	23582	2156.85	1996.67	1.10748	28.516100	28.337675	0.001	
930.39	23485	2165.07	2010.81	1.10748	28.516100	28.337675	0.001	
931.366	23411	2163.68	2025.8	1.10748	28.516100	28.337675	0.001	
932.342	23280	2154.97	2039.27	1.10748	28.516100	28.337675	0.001	
933.318	23175	2163.88	2052.32	1.10748	28.516100	28.337675	0.001	
934.293	23091	2163.09	2068.05	1.10748	28.516100	28.337675	0.001	
935.267	22971	2158.93	2083.19	1.10748	28.516100	28.337675	0.001	
936.24	22835	2140.8	2097.65	1.10748	28.516100	28.337675	0.001	
937.213	22716	2169.42	2109.21	1.10748	28.516100	28.337675	0.001	
938.186	22575	2154.67	2123.94	1.10748	28.516100	28.337675	0.001	
939.158	22450	2176.46	2133.17	1.10748	28.516100	28.337675	0.001	
940.129	22296	2153.88	2147.16	1.10748	28.516100	28.337675	0.001	
941.099	22181	2165.86	2161.5	1.10748	28.516100	28.337675	0.001	
942.069	22036	2162.39	2175.28	1.10748	28.516100	28.337675	0.001	
943.039	21925	2159.13	2191.3	1.10748	28.516100	28.337675	0.001	
944.007	21770	2145.86	2202.23	1.10748	28.516100	28.337675	0.001	
944.975	21683	2175.07	2215.69	1.10748	28.516100	28.337675	0.001	
945.943	21532	2169.92	2225.68	1.10748	28.516100	28.337675	0.001	
946.91	21427	2164.87	2239.66	1.10748	28.516100	28.337675	0.001	
947.876	21300	2148.73	2253.45	1.10748	28.516100	28.337675	0.001	
948.842	21217	2159.72	2268.23	1.10748	28.516100	28.337675	0.001	
949.807	21109	2166.06	2281.91	1.10748	28.516100	28.337675	0.001	
950.771	20976	2166.16	2292.72	1.10748	28.516100	28.337675	0.001	
951.735	20876	2152.99	2307.86	1.10748	28.516100	28.337675	0.001	
952.698	20781	2182.59	2320	1.10748	28.516100	28.337675	0.001	
953.66	20634	2156.95	2334.3	1.10748	28.516100	28.337675	0.001	
954.622	20497	2160.12	2345.41	1.10748	28.516100	28.337675	0.001	
955.584	20364	2160.61	2358.67	1.10748	28.516100	28.337675	0.001	
956.544	20235	2164.27	2372.61	1.10748	28.516100	28.337675	0.001	
957.504	20084	2153.38	2386.02	1.10748	28.516100	28.337675	0.001	
958.463	19963	2174.38	2398.97	1.10748	28.516100	28.337675	0.001	
959.422	19767	2153.78	2410	1.10748	28.516100	28.337675	0.001	
960.38	19630	2159.72	2425.19	1.10748	28.516100	28.337675	0.001	
961.338	19478	2165.46	2441.1	1.10748	28.516100	28.337675	0.001	
962.294	19320	2158.23	2457.52	1.10748	28.516100	28.337675	0.001	
963.25	19151	2147.74	2470.06	1.10748	28.516100	28.337675	0.001	
964.206	19005	2165.96	2484.08	1.10748	28.516100	28.337675	0.001	
965.161	18870	2156.75	2502.79	1.10748	28.516100	28.337675	0.001	
966.115	18684	2161.01	2514.21	1.10748	28.516100	28.337675	0.001	
