452.692	2226	2130.01	1940.06	1.10748	28.516100	28.337675	0.001	
453.787	2253	2161.65	8.26538	1.10748	28.516100	28.337675	0.001	
454.882	2229	2151.83	-2.33101	1.10748	28.516100	28.337675	0.001	
455.977	2241	2173.16	-143.729	1.10748	28.516100	28.337675	0.001	
457.072	2231	2138.54	2.67833	1.10748	28.516100	28.337675	0.001	
458.167	2254	2178.31	-49.8324	1.10748	28.516100	28.337675	0.001	
459.263	2235	2152.82	-0.438715	1.10748	28.516100	28.337675	0.001	
460.358	2252	2166.41	1.0994	1.10748	28.516100	28.337675	0.001	
461.453	2244	2157.98	2.55951	1.10748	28.516100	28.337675	0.001	
462.549	2242	2156.49	1.90196	1.10748	28.516100	28.337675	0.001	
463.644	2234	2148.16	13.2906	1.10748	28.516100	28.337675	0.001	
464.74	2245	2158.18	0.916045	1.10748	28.516100	28.337675	0.001	
465.835	2239	2159.27	-9.71151	1.10748	28.516100	28.337675	0.001	
466.931	2235	2161.75	-9.78365	1.10748	28.516100	28.337675	0.001	
468.027	2228	2142.9	15.4932	1.10748	28.516100	28.337675	0.001	
469.123	2247	2168.2	-2.6386	1.10748	28.516100	28.337675	0.001	
470.219	2229	2143.3	2.13227	1.10748	28.516100	28.337675	0.001	
471.315	2236	2154.91	-1.4951	1.10748	28.516100	28.337675	0.001	
472.411	2229	2148.16	-2.00165	1.10748	28.516100	28.337675	0.001	
473.507	2254	2167.7	2.1949	1.10748	28.516100	28.337675	0.001	
474.603	2228	2147.47	-1.06458	1.10748	28.516100	28.337675	0.001	
475.699	2239	2156.59	6.07743	1.10748	28.516100	28.337675	0.001	
476.795	2236	2159.37	-3.81696	1.10748	28.516100	28.337675	0.001	
477.892	2264	2165.91	14.5188	1.10748	28.516100	28.337675	0.001	
478.988	2232	2159.57	-5.80771	1.10748	28.516100	28.337675	0.001	
480.084	2262	2157.48	14.4621	1.10748	28.516100	28.337675	0.001	
481.181	2237	2160.66	-3.59364	1.10748	28.516100	28.337675	0.001	
482.277	2259	2166.21	19.6424	1.10748	28.516100	28.337675	0.001	
483.374	2229	2150.54	-1.58622	1.10748	28.516100	28.337675	0.001	
484.47	2247	2159.37	11.5398	1.10748	28.516100	28.337675	0.001	
485.567	2235	2155.2	-1.69925	1.10748	28.516100	28.337675	0.001	
486.663	2258	2170.87	1.00392	1.10748	28.516100	28.337675	0.001	
487.76	2248	2157.29	5.66484	1.10748	28.516100	28.337675	0.001	
488.857	2247	2170.18	-5.33508	1.10748	28.516100	28.337675	0.001	
489.954	2236	2150.05	1.00609	1.10748	28.516100	28.337675	0.001	
491.05	2237	2157.09	-1.36516	1.10748	28.516100	28.337675	0.001	
492.147	2238	2150.84	1.66073	1.10748	28.516100	28.337675	0.001	
493.244	2251	2160.16	2.15924	1.10748	28.516100	28.337675	0.001	
494.341	2253	2161.15	2.17346	1.10748	28.516100	28.337675	0.001	
495.438	2256	2174.44	-0.751363	1.10748	28.516100	28.337675	0.001	
496.535	2231	2147.27	0.191855	1.10748	28.516100	28.337675	0.001	
497.632	2252	2159.17	2.15022	1.10748	28.516100	28.337675	0.001	
498.729	2257	2159.27	2.97845	1.10748	28.516100	28.337675	0.001	
499.825	2251	2159.17	1.54418	1.10748	28.516100	28.337675	0.001	
500.922	2247	2157.48	0.878683	1.10748	28.516100	28.337675	0.001	
502.019	2263	2163.73	2.60667	1.10748	28.516100	28.337675	0.001	
503.117	2261	2156.19	3.13876	1.10748	28.516100	28.337675	0.001	
504.214	2261	2152.33	3.57453	1.10748	28.516100	28.337675	0.001	
505.311	2252	2147.66	2.85167	1.10748	28.516100	28.337675	0.001	
506.408	2253	2160.86	1.11223	1.10748	28.516100	28.337675	0.001	
507.505	2258	2163.14	1.27064	1.10748	28.516100	28.337675	0.001	
508.602	2261	2151.14	3.24534	1.10748	28.516100	28.337675	0.001	
509.699	2258	2155.3	2.04849	1.10748	28.516100	28.337675	0.001	
510.796	2278	2153.91	4.28958	1.10748	28.516100	28.337675	0.001	
511.893	2275	2159.77	2.95032	1.10748	28.516100	28.337675	0.001	
512.99	2292	2173.95	3.00379	1.10748	28.516100	28.337675	0.001	
514.087	2286	2152.62	4.19573	1.10748	28.516100	28.337675	0.001	
515.184	2288	2161.45	3.59537	1.10748	28.516100	28.337675	0.001	
516.281	2308	2153.52	4.89042	1.10748	28.516100	28.337675	0.001	
517.378	2307	2162.94	4.43251	1.10748	28.516100	28.337675	0.001	
518.475	2293	2157.09	3.55805	1.10748	28.516100	28.337675	0.001	
519.573	2311	2162.44	4.43906	1.10748	28.516100	28.337675	0.001	
520.67	2302	2152.92	4.15108	1.10748	28.516100	28.337675	0.001	
521.767	2313	2163.44	4.07291	1.10748	28.516100	28.337675	0.001	
522.864	2316	2163.14	4.28627	1.10748	28.516100	28.337675	0.001	
523.961	2335	2169.98	4.83874	1.10748	28.516100	28.337675	0.001	
525.058	2314	2150.44	4.63117	1.10748	28.516100	28.337675	0.001	
526.155	2337	2172.76	4.40622	1.10748	28.516100	28.337675	0.001	
527.252	2325	2153.32	4.58011	1.10748	28.516100	28.337675	0.001	
528.348	2355	2170.08	5.20674	1.10748	28.516100	28.337675	0.001	
529.445	2341	2154.01	5.06723	1.10748	28.516100	28.337675	0.001	
530.542	2358	2145.98	6.15707	1.10748	28.516100	28.337675	0.001	
531.639	2358	2153.02	5.60873	1.10748	28.516100	28.337675	0.001	
532.736	2381	2172.06	5.66933	1.10748	28.516100	28.337675	0.001	
533.833	2373	2156.99	5.83208	1.10748	28.516100	28.337675	0.001	
534.929	2401	2164.33	6.48366	1.10748	28.516100	28.337675	0.001	
536.026	2377	2137.94	6.48821	1.10748	28.516100	28.337675	0.001	
537.123	2417	2162.84	6.86083	1.10748	28.516100	28.337675	0.001	
538.22	2407	2146.87	6.97816	1.10748	28.516100	28.337675	0.001	
539.316	2425	2164.63	6.77429	1.10748	28.516100	28.337675	0.001	
540.413	2431	2159.17	7.06978	1.10748	28.516100	28.337675	0.001	
541.509	2439	2156.69	7.21534	1.10748	28.516100	28.337675	0.001	
542.606	2456	2142.71	8.13655	1.10748	28.516100	28.337675	0.001	
543.702	2477	2163.73	7.84825	1.10748	28.516100	28.337675	0.001	
544.799	2480	2141.22	8.60296	1.10748	28.516100	28.337675	0.001	
545.895	2513	2160.16	8.84519	1.10748	28.516100	28.337675	0.001	
546.991	2501	2151.93	8.56439	1.10748	28.516100	28.337675	0.001	
548.088	2541	2162.44	9.3195	1.10748	28.516100	28.337675	0.001	
549.184	2537	2148.56	9.45795	1.10748	28.516100	28.337675	0.001	
550.28	2547	2150.14	9.46812	1.10748	28.516100	28.337675	0.001	
551.376	2567	2146.47	10.007	1.10748	28.516100	28.337675	0.001	
552.472	2607	2163.34	10.4281	1.10748	28.516100	28.337675	0.001	
553.568	2608	2154.61	10.5001	1.10748	28.516100	28.337675	0.001	
554.664	2631	2166.91	10.6321	1.10748	28.516100	28.337675	0.001	
555.76	2651	2155.4	11.3187	1.10748	28.516100	28.337675	0.001	
556.856	2663	2164.72	11.2188	1.10748	28.516100	28.337675	0.001	
557.952	2672	2151.83	11.6672	1.10748	28.516100	28.337675	0.001	
559.047	2725	2169.98	12.3607	1.10748	28.516100	28.337675	0.001	
560.143	2719	2152.23	12.4998	1.10748	28.516100	28.337675	0.001	
561.239	2731	2137.94	13.0841	1.10748	28.516100	28.337675	0.001	
562.334	2761	2144.39	13.5316	1.10748	28.516100	28.337675	0.001	
563.43	2799	2155.2	13.9958	1.10748	28.516100	28.337675	0.001	
564.525	2805	2158.28	13.8792	1.10748	28.516100	28.337675	0.001	
565.62	2832	2160.26	14.437	1.10748	28.516100	28.337675	0.001	
566.715	2835	2143	14.7516	1.10748	28.516100	28.337675	0.001	
567.811	2886	2168.1	15.3065	1.10748	28.516100	28.337675	0.001	
568.906	2909	2143.8	16.2869	1.10748	28.516100	28.337675	0.001	
570.001	2915	2160.86	15.8932	1.10748	28.516100	28.337675	0.001	
571.095	2933	2135.66	16.8683	1.10748	28.516100	28.337675	0.001	
572.19	2962	2156.19	17.0129	1.10748	28.516100	28.337675	0.001	
573.285	2989	2143.4	17.871	1.10748	28.516100	28.337675	0.001	
574.38	3020	2160.36	18.0902	1.10748	28.516100	28.337675	0.001	
575.474	3037	2139.43	18.92	1.10748	28.516100	28.337675	0.001	
576.569	3057	2145.48	19.184	1.10748	28.516100	28.337675	0.001	
577.663	3071	2143	19.5271	1.10748	28.516100	28.337675	0.001	
578.757	3107	2148.06	20.2361	1.10748	28.516100	28.337675	0.001	
579.851	3119	2144.39	20.5202	1.10748	28.516100	28.337675	0.001	
580.945	3169	2167.6	21.1436	1.10748	28.516100	28.337675	0.001	
582.039	3167	2139.73	21.7512	1.10748	28.516100	28.337675	0.001	
583.133	3213	2150.14	22.6242	1.10748	28.516100	28.337675	0.001	
584.227	3200	2132.09	22.853	1.10748	28.516100	28.337675	0.001	
585.321	3247	2146.67	23.6043	1.10748	28.516100	28.337675	0.001	
586.414	3240	2143.3	23.6209	1.10748	28.516100	28.337675	0.001	
587.508	3285	2158.67	24.4054	1.10748	28.516100	28.337675	0.001	
588.601	3300	2147.37	25.1255	1.10748	28.516100	28.337675	0.001	
589.694	3334	2143.3	26.1242	1.10748	28.516100	28.337675	0.001	
590.787	3333	2143.4	26.3074	1.10748	28.516100	28.337675	0.001	
591.881	3376	2155.6	27.034	1.10748	28.516100	28.337675	0.001	
592.973	3400	2145.58	27.9815	1.10748	28.516100	28.337675	0.001	
594.066	3420	2147.27	28.5302	1.10748	28.516100	28.337675	0.001	
595.159	3444	2156.69	29.03	1.10748	28.516100	28.337675	0.001	
596.251	3473	2154.81	29.9411	1.10748	28.516100	28.337675	0.001	
597.344	3497	2155.1	30.6147	1.10748	28.516100	28.337675	0.001	
598.436	3527	2164.92	31.2434	1.10748	28.516100	28.337675	0.001	
599.528	3542	2149.65	32.1487	1.10748	28.516100	28.337675	0.001	
600.621	3584	2153.71	33.0934	1.10748	28.516100	28.337675	0.001	
601.713	3609	2156.99	33.705	1.10748	28.516100	28.337675	0.001	
602.804	3640	2152.13	34.6083	1.10748	28.516100	28.337675	0.001	
603.896	3669	2148.76	35.6211	1.10748	28.516100	28.337675	0.001	
604.988	3692	2151.33	36.1267	1.10748	28.516100	28.337675	0.001	
606.079	3733	2154.01	37.1289	1.10748	28.516100	28.337675	0.001	
607.17	3776	2160.16	38.0727	1.10748	28.516100	28.337675	0.001	
608.262	3781	2142.11	38.7789	1.10748	28.516100	28.337675	0.001	
609.353	3839	2153.12	39.8473	1.10748	28.516100	28.337675	0.001	
610.443	3865	2152.43	40.5004	1.10748	28.516100	28.337675	0.001	
611.534	3909	2160.96	41.3623	1.10748	28.516100	28.337675	0.001	
612.625	3931	2148.26	42.2064	1.10748	28.516100	28.337675	0.001	
613.715	3986	2154.71	43.3511	1.10748	28.516100	28.337675	0.001	
614.806	4038	2160.26	44.3776	1.10748	28.516100	28.337675	0.001	
615.896	4072	2170.38	45.0066	1.10748	28.516100	28.337675	0.001	
616.986	4117	2156.39	46.3386	1.10748	28.516100	28.337675	0.001	
618.076	4176	2159.27	47.7666	1.10748	28.516100	28.337675	0.001	
619.165	4214	2162.44	48.4298	1.10748	28.516100	28.337675	0.001	
620.255	4268	2169.58	49.4793	1.10748	28.516100	28.337675	0.001	
621.344	4303	2151.93	50.5869	1.10748	28.516100	28.337675	0.001	
622.434	4369	2155.5	52.0139	1.10748	28.516100	28.337675	0.001	
623.523	4423	2154.31	53.2526	1.10748	28.516100	28.337675	0.001	
624.612	4467	2159.07	54.1293	1.10748	28.516100	28.337675	0.001	
625.701	4519	2151.33	55.4235	1.10748	28.516100	28.337675	0.001	
626.789	4593	2162.54	56.8357	1.10748	28.516100	28.337675	0.001	
627.878	4615	2153.62	57.4684	1.10748	28.516100	28.337675	0.001	
628.966	4693	2159.77	59.0487	1.10748	28.516100	28.337675	0.001	
630.054	4730	2153.91	60.1357	1.10748	28.516100	28.337675	0.001	
631.142	4803	2159.17	61.4808	1.10748	28.516100	28.337675	0.001	
632.23	4860	2158.18	62.6613	1.10748	28.516100	28.337675	0.001	
633.318	4940	2161.05	64.344	1.10748	28.516100	28.337675	0.001	
634.405	4979	2155.2	65.36	1.10748	28.516100	28.337675	0.001	
635.492	5060	2160.16	67.0477	1.10748	28.516100	28.337675	0.001	
636.579	5119	2156.29	68.325	1.10748	28.516100	28.337675	0.001	
637.666	5178	2152.23	69.7304	1.10748	28.516100	28.337675	0.001	
638.753	5250	2158.08	71.0857	1.10748	28.516100	28.337675	0.001	
639.84	5330	2162.94	72.7537	1.10748	28.516100	28.337675	0.001	
640.926	5381	2155	74.1351	1.10748	28.516100	28.337675	0.001	
642.012	5457	2162.05	75.5838	1.10748	28.516100	28.337675	0.001	
643.098	5522	2157.98	76.9954	1.10748	28.516100	28.337675	0.001	
644.184	5614	2165.91	78.7689	1.10748	28.516100	28.337675	0.001	
645.27	5659	2158.67	79.8988	1.10748	28.516100	28.337675	0.001	
646.355	5769	2177.82	81.804	1.10748	28.516100	28.337675	0.001	
647.441	5821	2162.05	83.2159	1.10748	28.516100	28.337675	0.001	
648.526	5902	2161.25	84.7737	1.10748	28.516100	28.337675	0.001	
649.611	5963	2152.03	86.4985	1.10748	28.516100	28.337675	0.001	
650.695	6074	2169.29	88.4837	1.10748	28.516100	28.337675	0.001	
651.78	6132	2156.59	89.9328	1.10748	28.516100	28.337675	0.001	
652.864	6224	2169.68	91.555	1.10748	28.516100	28.337675	0.001	
653.948	6310	2158.28	93.7739	1.10748	28.516100	28.337675	0.001	
655.032	6399	2157.78	95.6036	1.10748	28.516100	28.337675	0.001	
656.116	6476	2160.86	97.0247	1.10748	28.516100	28.337675	0.001	
657.199	6573	2164.33	98.9619	1.10748	28.516100	28.337675	0.001	
658.283	6636	2151.83	100.567	1.10748	28.516100	28.337675	0.001	
659.366	6760	2170.87	102.628	1.10748	28.516100	28.337675	0.001	
660.448	6843	2155.9	104.746	1.10748	28.516100	28.337675	0.001	
661.531	6925	2154.01	106.325	1.10748	28.516100	28.337675	0.001	
662.614	7025	2157.09	108.455	1.10748	28.516100	28.337675	0.001	
663.696	7124	2175.44	109.929	1.10748	28.516100	28.337675	0.001	
664.778	7221	2160.16	112.164	1.10748	28.516100	28.337675	0.001	
665.86	7314	2161.45	114.233	1.10748	28.516100	28.337675	0.001	
666.941	7400	2144.09	116.163	1.10748	28.516100	28.337675	0.001	
668.023	7504	2159.27	117.984	1.10748	28.516100	28.337675	0.001	
669.104	7629	2162.54	120.319	1.10748	28.516100	28.337675	0.001	
670.185	7742	2162.24	122.732	1.10748	28.516100	28.337675	0.001	
671.265	7842	2152.13	124.851	1.10748	28.516100	28.337675	0.001	
672.346	7961	2156.59	127.221	1.10748	28.516100	28.337675	0.001	
673.426	8052	2151.93	129.273	1.10748	28.516100	28.337675	0.001	
674.506	8181	2174.84	131.168	1.10748	28.516100	28.337675	0.001	
675.586	8277	2146.28	133.791	1.10748	28.516100	28.337675	0.001	
676.665	8429	2176.23	136.066	1.10748	28.516100	28.337675	0.001	
677.745	8520	2155.4	138.134	1.10748	28.516100	28.337675	0.001	
678.824	8646	2167.1	140.315	1.10748	28.516100	28.337675	0.001	
679.903	8782	2157.58	143.155	1.10748	28.516100	28.337675	0.001	
680.981	8916	2175.44	145.261	1.10748	28.516100	28.337675	0.001	
682.059	9034	2150.34	148.147	1.10748	28.516100	28.337675	0.001	
683.138	9186	2170.18	150.501	1.10748	28.516100	28.337675	0.001	
684.215	9323	2173.65	152.965	1.10748	28.516100	28.337675	0.001	
685.293	9489	2173.45	156.178	1.10748	28.516100	28.337675	0.001	
686.37	9589	2159.96	158.335	1.10748	28.516100	28.337675	0.001	
687.448	9745	2170.68	160.932	1.10748	28.516100	28.337675	0.001	
688.524	9895	2169.98	163.494	1.10748	28.516100	28.337675	0.001	
689.601	10047	2161.65	166.406	1.10748	28.516100	28.337675	0.001	
690.678	10200	2154.21	169.311	1.10748	28.516100	28.337675	0.001	
691.754	10360	2160.66	171.868	1.10748	28.516100	28.337675	0.001	
692.83	10526	2168.2	174.603	1.10748	28.516100	28.337675	0.001	
693.905	10684	2159.47	177.597	1.10748	28.516100	28.337675	0.001	
694.98	10850	2143.2	180.907	1.10748	28.516100	28.337675	0.001	
696.056	11009	2161.85	183.222	1.10748	28.516100	28.337675	0.001	
697.13	11189	2156.79	186.251	1.10748	28.516100	28.337675	0.001	
698.205	11370	2168.59	189.296	1.10748	28.516100	28.337675	0.001	
699.279	11547	2153.81	192.592	1.10748	28.516100	28.337675	0.001	
700.353	11724	2167.5	195.487	1.10748	28.516100	28.337675	0.001	
701.427	11904	2161.15	198.408	1.10748	28.516100	28.337675	0.001	
702.501	12091	2154.41	201.564	1.10748	28.516100	28.337675	0.001	
703.574	12298	2163.14	204.991	1.10748	28.516100	28.337675	0.001	
704.647	12503	2175.93	208.035	1.10748	28.516100	28.337675	0.001	
705.719	12710	2155.3	211.698	1.10748	28.516100	28.337675	0.001	
706.792	12914	2160.76	214.728	1.10748	28.516100	28.337675	0.001	
707.864	13121	2167.5	217.956	1.10748	28.516100	28.337675	0.001	
708.936	13345	2167.9	221.638	1.10748	28.516100	28.337675	0.001	
710.007	13525	2166.41	224.499	1.10748	28.516100	28.337675	0.001	
711.079	13735	2164.33	228.141	1.10748	28.516100	28.337675	0.001	
712.15	13945	2163.93	231.581	1.10748	28.516100	28.337675	0.001	
713.221	14169	2161.65	235.322	1.10748	28.516100	28.337675	0.001	
714.291	14385	2161.35	238.667	1.10748	28.516100	28.337675	0.001	
715.361	14624	2171.57	242.567	1.10748	28.516100	28.337675	0.001	
716.431	14821	2155.3	245.906	1.10748	28.516100	28.337675	0.001	
717.501	15055	2166.11	249.515	1.10748	28.516100	28.337675	0.001	
718.57	15288	2169.39	253.496	1.10748	28.516100	28.337675	0.001	
719.639	15513	2176.03	256.885	1.10748	28.516100	28.337675	0.001	
720.707	15724	2156.39	261.036	1.10748	28.516100	28.337675	0.001	
721.776	15974	2165.62	264.935	1.10748	28.516100	28.337675	0.001	
722.844	16168	2167.6	268.136	1.10748	28.516100	28.337675	0.001	
723.912	16429	2179.4	272.438	1.10748	28.516100	28.337675	0.001	
724.979	16637	2164.33	276.545	1.10748	28.516100	28.337675	0.001	
726.046	16837	2174.54	279.772	1.10748	28.516100	28.337675	0.001	
727.113	17060	2173.75	284.052	1.10748	28.516100	28.337675	0.001	
728.18	17253	2176.03	288.375	1.10748	28.516100	28.337675	0.001	
729.246	17445	2156.29	292.66	1.10748	28.516100	28.337675	0.001	
730.312	17622	2165.62	296.771	1.10748	28.516100	28.337675	0.001	
731.378	17797	2154.31	300.926	1.10748	28.516100	28.337675	0.001	
732.443	17993	2168.1	305.395	1.10748	28.516100	28.337675	0.001	
733.508	18158	2158.28	309.627	1.10748	28.516100	28.337675	0.001	
734.573	18344	2173.16	313.906	1.10748	28.516100	28.337675	0.001	
735.637	18486	2168.49	318.063	1.10748	28.516100	28.337675	0.001	
736.701	18682	2178.41	323.246	1.10748	28.516100	28.337675	0.001	
737.765	18818	2163.73	327.476	1.10748	28.516100	28.337675	0.001	
738.829	18956	2172.96	331.625	1.10748	28.516100	28.337675	0.001	
739.892	19083	2169.09	336.116	1.10748	28.516100	28.337675	0.001	
740.955	19231	2176.23	340.829	1.10748	28.516100	28.337675	0.001	
742.017	19313	2154.81	344.944	1.10748	28.516100	28.337675	0.001	
743.079	19453	2169.19	349.732	1.10748	28.516100	28.337675	0.001	
744.141	19536	2165.12	354.043	1.10748	28.516100	28.337675	0.001	
745.202	19656	2172.76	359.098	1.10748	28.516100	28.337675	0.001	
746.264	19755	2161.05	364.051	1.10748	28.516100	28.337675	0.001	
747.324	19865	2175.34	368.571	1.10748	28.516100	28.337675	0.001	
748.385	20017	2166.41	374.642	1.10748	28.516100	28.337675	0.001	
749.445	20073	2157.48	379.175	1.10748	28.516100	28.337675	0.001	
750.505	20184	2174.84	383.911	1.10748	28.516100	28.337675	0.001	
751.564	20285	2172.26	389.192	1.10748	28.516100	28.337675	0.001	
752.623	20398	2161.25	394.597	1.10748	28.516100	28.337675	0.001	
753.682	20508	2168.89	400.039	1.10748	28.516100	28.337675	0.001	
754.741	20593	2167.1	404.833	1.10748	28.516100	28.337675	0.001	
755.799	20678	2168.79	409.759	1.10748	28.516100	28.337675	0.001	
756.857	20836	2162.64	415.822	1.10748	28.516100	28.337675	0.001	
757.914	20930	2167.5	420.787	1.10748	28.516100	28.337675	0.001	
758.971	21028	2172.66	425.633	1.10748	28.516100	28.337675	0.001	
760.028	21136	2162.84	431.239	1.10748	28.516100	28.337675	0.001	
761.084	21253	2174.44	436.704	1.10748	28.516100	28.337675	0.001	
762.14	21315	2161.25	441.63	1.10748	28.516100	28.337675	0.001	
763.196	21402	2173.85	447.509	1.10748	28.516100	28.337675	0.001	
764.251	21489	2160.66	453.302	1.10748	28.516100	28.337675	0.001	
765.306	21578	2169.09	458.774	1.10748	28.516100	28.337675	0.001	
766.36	21659	2170.08	464.344	1.10748	28.516100	28.337675	0.001	
767.415	21759	2157.29	470.421	1.10748	28.516100	28.337675	0.001	
768.468	21848	2171.47	476.101	1.10748	28.516100	28.337675	0.001	
769.522	21955	2152.92	482.385	1.10748	28.516100	28.337675	0.001	
770.575	22079	2166.41	488.77	1.10748	28.516100	28.337675	0.001	
771.628	22149	2164.03	494.283	1.10748	28.516100	28.337675	0.001	
772.68	22257	2178.51	500.434	1.10748	28.516100	28.337675	0.001	
773.732	22334	2156.29	506.83	1.10748	28.516100	28.337675	0.001	
774.784	22431	2172.86	512.64	1.10748	28.516100	28.337675	0.001	
775.835	22527	2166.81	519.357	1.10748	28.516100	28.337675	0.001	
776.886	22608	2170.38	525.376	1.10748	28.516100	28.337675	0.001	
777.936	22698	2166.51	531.358	1.10748	28.516100	28.337675	0.001	
778.986	22805	2177.92	537.135	1.10748	28.516100	28.337675	0.001	
780.036	22886	2157.78	543.811	1.10748	28.516100	28.337675	0.001	
781.086	22900	2157.78	549.349	1.10748	28.516100	28.337675	0.001	
782.135	22963	2157.48	556.179	1.10748	28.516100	28.337675	0.001	
783.183	23002	2173.45	562.38	1.10748	28.516100	28.337675	0.001	
784.231	23041	2155.6	569.354	1.10748	28.516100	28.337675	0.001	
785.279	23060	2169.78	576.062	1.10748	28.516100	28.337675	0.001	
786.327	23122	2150.74	583.148	1.10748	28.516100	28.337675	0.001	
787.374	23163	2167.1	589.783	1.10748	28.516100	28.337675	0.001	
788.42	23214	2159.17	597.53	1.10748	28.516100	28.337675	0.001	
789.466	23243	2165.32	604.17	1.10748	28.516100	28.337675	0.001	
790.512	23255	2164.43	610.963	1.10748	28.516100	28.337675	0.001	
791.558	23324	2165.82	618.296	1.10748	28.516100	28.337675	0.001	
792.603	23311	2168.1	624.753	1.10748	28.516100	28.337675	0.001	
793.648	23370	2168.2	631.898	1.10748	28.516100	28.337675	0.001	
794.692	23380	2168.99	638.895	1.10748	28.516100	28.337675	0.001	
795.736	23422	2162.94	646.959	1.10748	28.516100	28.337675	0.001	
796.779	23456	2161.95	653.389	1.10748	28.516100	28.337675	0.001	
797.822	23490	2182.97	661.1	1.10748	28.516100	28.337675	0.001	
798.865	23459	2166.51	667.258	1.10748	28.516100	28.337675	0.001	
799.907	23481	2152.82	675.141	1.10748	28.516100	28.337675	0.001	
800.949	23485	2162.15	682.144	1.10748	28.516100	28.337675	0.001	
801.99	23477	2167.4	688.674	1.10748	28.516100	28.337675	0.001	
803.031	23467	2153.52	696.72	1.10748	28.516100	28.337675	0.001	
804.072	23456	2172.76	703.408	1.10748	28.516100	28.337675	0.001	
805.112	23476	2162.44	712.508	1.10748	28.516100	28.337675	0.001	
806.152	23480	2173.06	719.4	1.10748	28.516100	28.337675	0.001	
807.191	23465	2174.94	726.86	1.10748	28.516100	28.337675	0.001	
808.23	23478	2166.11	735.272	1.10748	28.516100	28.337675	0.001	
809.268	23494	2154.01	743.792	1.10748	28.516100	28.337675	0.001	
810.307	23539	2156.1	752.531	1.10748	28.516100	28.337675	0.001	
811.344	23562	2157.88	760.05	1.10748	28.516100	28.337675	0.001	
812.381	23575	2172.66	767.606	1.10748	28.516100	28.337675	0.001	
813.418	23606	2162.54	776.087	1.10748	28.516100	28.337675	0.001	
814.454	23636	2171.27	784.535	1.10748	28.516100	28.337675	0.001	
815.49	23634	2161.15	792.49	1.10748	28.516100	28.337675	0.001	
816.526	23669	2166.61	800.689	1.10748	28.516100	28.337675	0.001	
817.561	23676	2163.73	809.016	1.10748	28.516100	28.337675	0.001	
818.596	23678	2173.16	816.371	1.10748	28.516100	28.337675	0.001	
819.63	23689	2163.44	824.914	1.10748	28.516100	28.337675	0.001	
820.664	23748	2175.93	833.281	1.10748	28.516100	28.337675	0.001	
821.697	23730	2170.97	841.082	1.10748	28.516100	28.337675	0.001	
822.73	23757	2179.4	849.455	1.10748	28.516100	28.337675	0.001	
823.762	23741	2175.73	857.181	1.10748	28.516100	28.337675	0.001	
824.794	23767	2174.94	866.849	1.10748	28.516100	28.337675	0.001	
825.826	23760	2165.91	875.367	1.10748	28.516100	28.337675	0.001	
826.857	23729	2180.4	883.533	1.10748	28.516100	28.337675	0.001	
827.887	23773	2165.91	893.248	1.10748	28.516100	28.337675	0.001	
828.918	23793	2178.61	902.155	1.10748	28.516100	28.337675	0.001	
829.947	23769	2167.01	910.712	1.10748	28.516100	28.337675	0.001	
830.977	23833	2168.3	921.187	1.10748	28.516100	28.337675	0.001	
832.005	23826	2168.1	928.843	1.10748	28.516100	28.337675	0.001	
833.034	23880	2169.58	939.17	1.10748	28.516100	28.337675	0.001	
834.062	23870	2174.25	947.828	1.10748	28.516100	28.337675	0.001	
835.089	23878	2163.34	957.18	1.10748	28.516100	28.337675	0.001	
836.116	23939	2166.01	966.9	1.10748	28.516100	28.337675	0.001	
837.143	23983	2171.47	975.396	1.10748	28.516100	28.337675	0.001	
838.169	24016	2173.06	983.82	1.10748	28.516100	28.337675	0.001	
839.194	24067	2166.31	993.593	1.10748	28.516100	28.337675	0.001	
840.22	24114	2159.07	1004.37	1.10748	28.516100	28.337675	0.001	
841.244	24169	2166.31	1013.22	1.10748	28.516100	28.337675	0.001	
842.268	24199	2162.64	1022.98	1.10748	28.516100	28.337675	0.001	
843.292	24248	2178.21	1031.26	1.10748	28.516100	28.337675	0.001	
844.315	24291	2163.63	1041.76	1.10748	28.516100	28.337675	0.001	
845.338	24326	2176.53	1050.48	1.10748	28.516100	28.337675	0.001	
846.36	24345	2160.96	1061.05	1.10748	28.516100	28.337675	0.001	
847.382	24367	2164.23	1069.27	1.10748	28.516100	28.337675	0.001	
848.404	24368	2169.39	1078.7	1.10748	28.516100	28.337675	0.001	
849.425	24423	2173.55	1089.27	1.10748	28.516100	28.337675	0.001	
850.445	24437	2167.5	1099.47	1.10748	28.516100	28.337675	0.001	
851.465	24474	2179.4	1108.94	1.10748	28.516100	28.337675	0.001	
852.484	24531	2163.44	1120.43	1.10748	28.516100	28.337675	0.001	
853.503	24555	2159.27	1130.48	1.10748	28.516100	28.337675	0.001	
854.522	24600	2156	1140.23	1.10748	28.516100	28.337675	0.001	
855.54	24680	2174.35	1151.53	1.10748	28.516100	28.337675	0.001	
856.557	24726	2174.05	1161.42	1.10748	28.516100	28.337675	0.001	
857.574	24798	2167.3	1172.32	1.10748	28.516100	28.337675	0.001	
858.591	24840	2163.04	1181.39	1.10748	28.516100	28.337675	0.001	
859.607	24903	2163.83	1192.41	1.10748	28.516100	28.337675	0.001	
860.622	24944	2170.58	1201.7	1.10748	28.516100	28.337675	0.001	
861.637	25014	2162.54	1212.99	1.10748	28.516100	28.337675	0.001	
862.652	25071	2163.04	1224.68	1.10748	28.516100	28.337675	0.001	
863.666	25147	2166.81	1234.68	1.10748	28.516100	28.337675	0.001	
864.679	25174	2154.51	1245.27	1.10748	28.516100	28.337675	0.001	
865.692	25220	2162.44	1254.76	1.10748	28.516100	28.337675	0.001	
866.705	25247	2150.44	1265.53	1.10748	28.516100	28.337675	0.001	
867.717	25283	2156.1	1276.13	1.10748	28.516100	28.337675	0.001	
868.728	25313	2161.75	1287.23	1.10748	28.516100	28.337675	0.001	
869.739	25320	2154.91	1296.9	1.10748	28.516100	28.337675	0.001	
870.75	25370	2174.05	1307.77	1.10748	28.516100	28.337675	0.001	
871.76	25396	2156.1	1319.52	1.10748	28.516100	28.337675	0.001	
872.769	25415	2154.51	1329.79	1.10748	28.516100	28.337675	0.001	
873.778	25440	2157.58	1341.72	1.10748	28.516100	28.337675	0.001	
874.786	25439	2157.88	1351.29	1.10748	28.516100	28.337675	0.001	
875.794	25495	2166.91	1363.69	1.10748	28.516100	28.337675	0.001	
876.802	25493	2182.18	1373.7	1.10748	28.516100	28.337675	0.001	
877.809	25528	2169.68	1387.47	1.10748	28.516100	28.337675	0.001	
878.815	25541	2175.54	1397.92	1.10748	28.516100	28.337675	0.001	
879.821	25549	2162.84	1410.65	1.10748	28.516100	28.337675	0.001	
880.826	25607	2173.85	1422.25	1.10748	28.516100	28.337675	0.001	
881.831	25629	2173.25	1434.45	1.10748	28.516100	28.337675	0.001	
882.835	25625	2166.61	1445.31	1.10748	28.516100	28.337675	0.001	
883.839	25611	2164.92	1456.18	1.10748	28.516100	28.337675	0.001	
884.842	25635	2161.05	1467.98	1.10748	28.516100	28.337675	0.001	
885.844	25662	2166.51	1478.73	1.10748	28.516100	28.337675	0.001	
886.847	25688	2168.69	1490.81	1.10748	28.516100	28.337675	0.001	
887.848	25667	2165.32	1502.22	1.10748	28.516100	28.337675	0.001	
888.849	25635	2160.56	1513.64	1.10748	28.516100	28.337675	0.001	
889.85	25631	2164.03	1526.47	1.10748	28.516100	28.337675	0.001	
890.85	25591	2156.1	1538.68	1.10748	28.516100	28.337675	0.001	
891.849	25552	2155.7	1549.95	1.10748	28.516100	28.337675	0.001	
892.848	25567	2163.83	1562.48	1.10748	28.516100	28.337675	0.001	
893.846	25553	2166.71	1571.6	1.10748	28.516100	28.337675	0.001	
894.844	25553	2149.35	1584.79	1.10748	28.516100	28.337675	0.001	
895.841	25538	2164.23	1595.83	1.10748	28.516100	28.337675	0.001	
896.838	25512	2155.6	1607.37	1.10748	28.516100	28.337675	0.001	
897.834	25505	2159.27	1619.72	1.10748	28.516100	28.337675	0.001	
898.83	25437	2143.7	1631.04	1.10748	28.516100	28.337675	0.001	
899.825	25425	2166.81	1643.59	1.10748	28.516100	28.337675	0.001	
900.819	25375	2145.98	1655.37	1.10748	28.516100	28.337675	0.001	
901.813	25363	2162.34	1666.51	1.10748	28.516100	28.337675	0.001	
902.807	25316	2167.6	1679.14	1.10748	28.516100	28.337675	0.001	
903.799	25315	2164.13	1693.07	1.10748	28.516100	28.337675	0.001	
904.792	25244	2159.86	1705.42	1.10748	28.516100	28.337675	0.001	
905.783	25232	2169.29	1717.61	1.10748	28.516100	28.337675	0.001	
906.775	25211	2162.54	1731.78	1.10748	28.516100	28.337675	0.001	
907.765	25202	2179.9	1744.76	1.10748	28.516100	28.337675	0.001	
908.755	25164	2167.2	1756.88	1.10748	28.516100	28.337675	0.001	
909.745	25169	2171.27	1771.53	1.10748	28.516100	28.337675	0.001	
910.733	25141	2155.2	1784.72	1.10748	28.516100	28.337675	0.001	
911.722	25111	2168.3	1796.52	1.10748	28.516100	28.337675	0.001	
912.71	25086	2164.13	1809.5	1.10748	28.516100	28.337675	0.001	
913.697	25065	2170.97	1821.34	1.10748	28.516100	28.337675	0.001	
914.683	25053	2158.87	1834.46	1.10748	28.516100	28.337675	0.001	
915.669	25012	2149.95	1847.83	1.10748	28.516100	28.337675	0.001	
916.655	24959	2163.04	1859.78	1.10748	28.516100	28.337675	0.001	
917.64	24934	2164.03	1873.59	1.10748	28.516100	28.337675	0.001	
918.624	24847	2156.1	1884.57	1.10748	28.516100	28.337675	0.001	
919.608	24774	2162.84	1895.64	1.10748	28.516100	28.337675	0.001	
920.591	24675	2158.97	1906.68	1.10748	28.516100	28.337675	0.001	
921.573	24643	2175.64	1922.38	1.10748	28.516100	28.337675	0.001	
922.555	24546	2147.76	1933.55	1.10748	28.516100	28.337675	0.001	
923.537	24448	2154.91	1946.17	1.10748	28.516100	28.337675	0.001	
924.517	24367	2167.6	1958.98	1.10748	28.516100	28.337675	0.001	
925.498	24277	2160.46	1973.2	1.10748	28.516100	28.337675	0.001	
926.477	24199	2168.69	1985.48	1.10748	28.516100	28.337675	0.001	
927.456	24067	2156.1	1997.49	1.10748	28.516100	28.337675	0.001	
928.435	23970	2170.18	2008.94	1.10748	28.516100	28.337675	0.001	
929.412	23884	2160.26	2025.13	1.10748	28.516100	28.337675	0.001	
930.39	23775	2168.49	2038.45	1.10748	28.516100	28.337675	0.001	
931.366	23701	2167.1	2053.74	1.10748	28.516100	28.337675	0.001	
932.342	23548	2158.38	2065.39	1.10748	28.516100	28.337675	0.001	
933.318	23462	2167.3	2080.64	1.10748	28.516100	28.337675	0.001	
934.293	23355	2166.51	2094.37	1.10748	28.516100	28.337675	0.001	
935.267	23259	2162.34	2112.31	1.10748	28.516100	28.337675	0.001	
936.24	23122	2144.19	2127.04	1.10748	28.516100	28.337675	0.001	
937.213	23000	2172.86	2138.64	1.10748	28.516100	28.337675	0.001	
938.186	22833	2158.08	2151	1.10748	28.516100	28.337675	0.001	
939.158	22739	2179.9	2163.88	1.10748	28.516100	28.337675	0.001	
940.129	22574	2157.29	2177.06	1.10748	28.516100	28.337675	0.001	
941.099	22443	2169.29	2190.03	1.10748	28.516100	28.337675	0.001	
942.069	22283	2165.82	2202.51	1.10748	28.516100	28.337675	0.001	
943.039	22177	2162.54	2219.45	1.10748	28.516100	28.337675	0.001	
944.007	22059	2149.25	2234.96	1.10748	28.516100	28.337675	0.001	
944.975	21940	2178.51	2245.1	1.10748	28.516100	28.337675	0.001	
945.943	21796	2173.35	2256.26	1.10748	28.516100	28.337675	0.001	
946.91	21680	2168.3	2269.29	1.10748	28.516100	28.337675	0.001	
947.876	21572	2152.13	2285.72	1.10748	28.516100	28.337675	0.001	
948.842	21465	2163.14	2297.95	1.10748	28.516100	28.337675	0.001	
949.807	21340	2169.49	2309.89	1.10748	28.516100	28.337675	0.001	
950.771	21220	2169.58	2322.65	1.10748	28.516100	28.337675	0.001	
951.735	21115	2156.39	2337.5	1.10748	28.516100	28.337675	0.001	
952.698	21027	2186.05	2350.88	1.10748	28.516100	28.337675	0.001	
953.66	20874	2160.36	2364.8	1.10748	28.516100	28.337675	0.001	
954.622	20747	2163.53	2377.58	1.10748	28.516100	28.337675	0.001	
955.584	20596	2164.03	2388.87	1.10748	28.516100	28.337675	0.001	
956.544	20464	2167.7	2402.81	1.10748	28.516100	28.337675	0.001	
957.504	20309	2156.79	2416.08	1.10748	28.516100	28.337675	0.001	
958.463	20180	2177.82	2428.34	1.10748	28.516100	28.337675	0.001	
959.422	20011	2157.19	2443.56	1.10748	28.516100	28.337675	0.001	
960.38	19866	2163.14	2458.09	1.10748	28.516100	28.337675	0.001	
961.338	19696	2168.89	2471.93	1.10748	28.516100	28.337675	0.001	
962.294	19540	2161.65	2489.11	1.10748	28.516100	28.337675	0.001	
963.25	19386	2151.14	2504.33	1.10748	28.516100	28.337675	0.001	
964.206	19215	2169.39	2515.12	1.10748	28.516100	28.337675	0.001	
965.161	19079	2160.16	2534.15	1.10748	28.516100	28.337675	0.001	
966.115	18918	2164.43	2549.94	1.10748	28.516100	28.337675	0.001	
