452.692	2217	2129.63	710.898	1.10748	28.516100	28.337675	0.001	
453.787	2244	2161.26	-0.887827	1.10748	28.516100	28.337675	0.001	
454.882	2237	2151.45	0.904717	1.10748	28.516100	28.337675	0.001	
455.977	2239	2172.77	-157.927	1.10748	28.516100	28.337675	0.001	
457.072	2231	2138.16	2.78747	1.10748	28.516100	28.337675	0.001	
458.167	2254	2177.92	-47.4685	1.10748	28.516100	28.337675	0.001	
459.263	2233	2152.44	-1.08916	1.10748	28.516100	28.337675	0.001	
460.358	2254	2166.02	2.54473	1.10748	28.516100	28.337675	0.001	
461.453	2247	2157.59	5.94448	1.10748	28.516100	28.337675	0.001	
462.549	2232	2156.11	-6.73366	1.10748	28.516100	28.337675	0.001	
463.644	2226	2147.78	-23.3739	1.10748	28.516100	28.337675	0.001	
464.74	2247	2157.79	1.56944	1.10748	28.516100	28.337675	0.001	
465.835	2242	2158.88	-0.942744	1.10748	28.516100	28.337675	0.001	
466.931	2241	2161.36	-3.72577	1.10748	28.516100	28.337675	0.001	
468.027	2238	2142.52	88.458	1.10748	28.516100	28.337675	0.001	
469.123	2260	2167.81	4.39949	1.10748	28.516100	28.337675	0.001	
470.219	2227	2142.92	0.91045	1.10748	28.516100	28.337675	0.001	
471.315	2249	2154.52	7.44867	1.10748	28.516100	28.337675	0.001	
472.411	2233	2147.78	1.92085	1.10748	28.516100	28.337675	0.001	
473.507	2255	2167.31	3.43084	1.10748	28.516100	28.337675	0.001	
474.603	2243	2147.08	5.42899	1.10748	28.516100	28.337675	0.001	
475.699	2252	2156.21	-76.2901	1.10748	28.516100	28.337675	0.001	
476.795	2240	2158.98	-1.37175	1.10748	28.516100	28.337675	0.001	
477.892	2266	2165.53	16.9503	1.10748	28.516100	28.337675	0.001	
478.988	2248	2159.18	2.79286	1.10748	28.516100	28.337675	0.001	
480.084	2257	2157.1	11.3071	1.10748	28.516100	28.337675	0.001	
481.181	2248	2160.27	2.09173	1.10748	28.516100	28.337675	0.001	
482.277	2258	2165.82	18.3412	1.10748	28.516100	28.337675	0.001	
483.374	2229	2150.16	-1.45198	1.10748	28.516100	28.337675	0.001	
484.47	2261	2158.98	51.7698	1.10748	28.516100	28.337675	0.001	
485.567	2263	2154.82	11.9011	1.10748	28.516100	28.337675	0.001	
486.663	2255	2170.49	0.188543	1.10748	28.516100	28.337675	0.001	
487.76	2249	2156.9	6.75282	1.10748	28.516100	28.337675	0.001	
488.857	2250	2169.79	-2.7718	1.10748	28.516100	28.337675	0.001	
489.954	2240	2149.66	2.5862	1.10748	28.516100	28.337675	0.001	
491.05	2244	2156.7	1.51873	1.10748	28.516100	28.337675	0.001	
492.147	2247	2150.45	5.58464	1.10748	28.516100	28.337675	0.001	
493.244	2258	2159.78	4.34586	1.10748	28.516100	28.337675	0.001	
494.341	2269	2160.77	6.47899	1.10748	28.516100	28.337675	0.001	
495.438	2266	2174.06	2.36877	1.10748	28.516100	28.337675	0.001	
496.535	2244	2146.88	3.96315	1.10748	28.516100	28.337675	0.001	
497.632	2265	2158.78	5.23641	1.10748	28.516100	28.337675	0.001	
498.729	2261	2158.88	3.89931	1.10748	28.516100	28.337675	0.001	
499.825	2270	2158.78	5.13774	1.10748	28.516100	28.337675	0.001	
500.922	2262	2157.1	3.10234	1.10748	28.516100	28.337675	0.001	
502.019	2272	2163.35	4.17716	1.10748	28.516100	28.337675	0.001	
503.117	2276	2155.81	5.39512	1.10748	28.516100	28.337675	0.001	
504.214	2273	2151.94	5.31712	1.10748	28.516100	28.337675	0.001	
505.311	2280	2147.28	6.65928	1.10748	28.516100	28.337675	0.001	
506.408	2272	2160.47	3.62492	1.10748	28.516100	28.337675	0.001	
507.505	2293	2162.75	5.27931	1.10748	28.516100	28.337675	0.001	
508.602	2288	2150.75	6.57963	1.10748	28.516100	28.337675	0.001	
509.699	2289	2154.92	5.37304	1.10748	28.516100	28.337675	0.001	
510.796	2302	2153.53	6.85575	1.10748	28.516100	28.337675	0.001	
511.893	2312	2159.38	6.42927	1.10748	28.516100	28.337675	0.001	
512.99	2327	2173.56	6.13095	1.10748	28.516100	28.337675	0.001	
514.087	2310	2152.24	6.23817	1.10748	28.516100	28.337675	0.001	
515.184	2319	2161.06	6.22288	1.10748	28.516100	28.337675	0.001	
516.281	2341	2153.13	7.18472	1.10748	28.516100	28.337675	0.001	
517.378	2344	2162.55	7.17627	1.10748	28.516100	28.337675	0.001	
518.475	2339	2156.7	6.7032	1.10748	28.516100	28.337675	0.001	
519.573	2351	2162.06	7.20094	1.10748	28.516100	28.337675	0.001	
520.67	2345	2152.54	6.88856	1.10748	28.516100	28.337675	0.001	
521.767	2367	2163.05	7.43489	1.10748	28.516100	28.337675	0.001	
522.864	2360	2162.75	7.03593	1.10748	28.516100	28.337675	0.001	
523.961	2386	2169.59	7.90515	1.10748	28.516100	28.337675	0.001	
525.058	2385	2150.06	8.74505	1.10748	28.516100	28.337675	0.001	
526.155	2410	2172.37	8.4375	1.10748	28.516100	28.337675	0.001	
527.252	2394	2152.93	8.17614	1.10748	28.516100	28.337675	0.001	
528.348	2430	2169.69	9.09382	1.10748	28.516100	28.337675	0.001	
529.445	2418	2153.63	8.85055	1.10748	28.516100	28.337675	0.001	
530.542	2443	2145.59	10.2334	1.10748	28.516100	28.337675	0.001	
531.639	2446	2152.64	9.68319	1.10748	28.516100	28.337675	0.001	
532.736	2479	2171.68	10.1348	1.10748	28.516100	28.337675	0.001	
533.833	2470	2156.6	10.1171	1.10748	28.516100	28.337675	0.001	
534.929	2493	2163.94	10.4008	1.10748	28.516100	28.337675	0.001	
536.026	2496	2137.56	11.4444	1.10748	28.516100	28.337675	0.001	
537.123	2527	2162.45	11.304	1.10748	28.516100	28.337675	0.001	
538.22	2524	2146.49	11.6057	1.10748	28.516100	28.337675	0.001	
539.316	2563	2164.24	12.0829	1.10748	28.516100	28.337675	0.001	
540.413	2574	2158.78	12.4549	1.10748	28.516100	28.337675	0.001	
541.509	2597	2156.3	12.9637	1.10748	28.516100	28.337675	0.001	
542.606	2605	2142.32	13.4146	1.10748	28.516100	28.337675	0.001	
543.702	2640	2163.35	13.4363	1.10748	28.516100	28.337675	0.001	
544.799	2634	2140.83	13.795	1.10748	28.516100	28.337675	0.001	
545.895	2681	2159.78	14.3792	1.10748	28.516100	28.337675	0.001	
546.991	2691	2151.54	14.7017	1.10748	28.516100	28.337675	0.001	
548.088	2728	2162.06	15.2447	1.10748	28.516100	28.337675	0.001	
549.184	2737	2148.17	15.6693	1.10748	28.516100	28.337675	0.001	
550.28	2782	2149.76	16.5781	1.10748	28.516100	28.337675	0.001	
551.376	2791	2146.09	16.6653	1.10748	28.516100	28.337675	0.001	
552.472	2842	2162.95	17.2522	1.10748	28.516100	28.337675	0.001	
553.568	2850	2154.22	17.3835	1.10748	28.516100	28.337675	0.001	
554.664	2885	2166.52	17.7504	1.10748	28.516100	28.337675	0.001	
555.76	2917	2155.02	18.6398	1.10748	28.516100	28.337675	0.001	
556.856	2952	2164.34	19.0579	1.10748	28.516100	28.337675	0.001	
557.952	2964	2151.45	19.4826	1.10748	28.516100	28.337675	0.001	
559.047	3032	2169.59	20.4349	1.10748	28.516100	28.337675	0.001	
560.143	3031	2151.84	20.5847	1.10748	28.516100	28.337675	0.001	
561.239	3056	2137.56	21.4363	1.10748	28.516100	28.337675	0.001	
562.334	3079	2144.01	21.6149	1.10748	28.516100	28.337675	0.001	
563.43	3138	2154.82	22.4825	1.10748	28.516100	28.337675	0.001	
564.525	3167	2157.89	22.8211	1.10748	28.516100	28.337675	0.001	
565.62	3197	2159.88	23.418	1.10748	28.516100	28.337675	0.001	
566.715	3235	2142.62	24.4632	1.10748	28.516100	28.337675	0.001	
567.811	3278	2167.71	24.7935	1.10748	28.516100	28.337675	0.001	
568.906	3301	2143.41	25.669	1.10748	28.516100	28.337675	0.001	
570.001	3348	2160.47	26.182	1.10748	28.516100	28.337675	0.001	
571.095	3382	2135.28	27.4933	1.10748	28.516100	28.337675	0.001	
572.19	3432	2155.81	28.1107	1.10748	28.516100	28.337675	0.001	
573.285	3441	2143.02	28.4908	1.10748	28.516100	28.337675	0.001	
574.38	3498	2159.97	29.2626	1.10748	28.516100	28.337675	0.001	
575.474	3516	2139.05	30.0736	1.10748	28.516100	28.337675	0.001	
576.569	3554	2145.1	30.7241	1.10748	28.516100	28.337675	0.001	
577.663	3585	2142.62	31.4375	1.10748	28.516100	28.337675	0.001	
578.757	3635	2147.68	32.4706	1.10748	28.516100	28.337675	0.001	
579.851	3655	2144.01	32.8914	1.10748	28.516100	28.337675	0.001	
580.945	3720	2167.21	33.8777	1.10748	28.516100	28.337675	0.001	
582.039	3745	2139.35	35.1022	1.10748	28.516100	28.337675	0.001	
583.133	3786	2149.76	35.897	1.10748	28.516100	28.337675	0.001	
584.227	3801	2131.71	36.8335	1.10748	28.516100	28.337675	0.001	
585.321	3851	2146.29	37.6625	1.10748	28.516100	28.337675	0.001	
586.414	3877	2142.92	38.5088	1.10748	28.516100	28.337675	0.001	
587.508	3924	2158.29	39.4069	1.10748	28.516100	28.337675	0.001	
588.601	3945	2146.98	40.3255	1.10748	28.516100	28.337675	0.001	
589.694	3984	2142.92	41.5021	1.10748	28.516100	28.337675	0.001	
590.787	4008	2143.02	42.405	1.10748	28.516100	28.337675	0.001	
591.881	4059	2155.21	43.326	1.10748	28.516100	28.337675	0.001	
592.973	4090	2145.2	44.5179	1.10748	28.516100	28.337675	0.001	
594.066	4120	2146.88	45.3732	1.10748	28.516100	28.337675	0.001	
595.159	4159	2156.3	46.3286	1.10748	28.516100	28.337675	0.001	
596.251	4216	2154.42	48.0172	1.10748	28.516100	28.337675	0.001	
597.344	4242	2154.72	48.7988	1.10748	28.516100	28.337675	0.001	
598.436	4283	2164.54	49.7833	1.10748	28.516100	28.337675	0.001	
599.528	4322	2149.26	51.3684	1.10748	28.516100	28.337675	0.001	
600.621	4386	2153.33	52.8656	1.10748	28.516100	28.337675	0.001	
601.713	4411	2156.6	53.525	1.10748	28.516100	28.337675	0.001	
602.804	4442	2151.74	54.4377	1.10748	28.516100	28.337675	0.001	
603.896	4483	2148.37	55.868	1.10748	28.516100	28.337675	0.001	
604.988	4535	2150.95	57.0963	1.10748	28.516100	28.337675	0.001	
606.079	4592	2153.63	58.5282	1.10748	28.516100	28.337675	0.001	
607.17	4642	2159.78	59.6661	1.10748	28.516100	28.337675	0.001	
608.262	4673	2141.73	61.0882	1.10748	28.516100	28.337675	0.001	
609.353	4758	2152.73	62.7785	1.10748	28.516100	28.337675	0.001	
610.443	4799	2152.04	63.7992	1.10748	28.516100	28.337675	0.001	
611.534	4865	2160.57	65.2027	1.10748	28.516100	28.337675	0.001	
612.625	4921	2147.88	66.8774	1.10748	28.516100	28.337675	0.001	
613.715	4980	2154.32	68.0897	1.10748	28.516100	28.337675	0.001	
614.806	5054	2159.88	69.5944	1.10748	28.516100	28.337675	0.001	
615.896	5113	2169.99	70.8704	1.10748	28.516100	28.337675	0.001	
616.986	5184	2156.01	72.7672	1.10748	28.516100	28.337675	0.001	
618.076	5260	2158.88	74.6402	1.10748	28.516100	28.337675	0.001	
619.165	5317	2162.06	75.6639	1.10748	28.516100	28.337675	0.001	
620.255	5403	2169.2	77.4466	1.10748	28.516100	28.337675	0.001	
621.344	5472	2151.54	79.2768	1.10748	28.516100	28.337675	0.001	
622.434	5552	2155.11	80.9908	1.10748	28.516100	28.337675	0.001	
623.523	5625	2153.92	82.6318	1.10748	28.516100	28.337675	0.001	
624.612	5698	2158.69	84.1732	1.10748	28.516100	28.337675	0.001	
625.701	5773	2150.95	85.9348	1.10748	28.516100	28.337675	0.001	
626.789	5882	2162.16	88.1384	1.10748	28.516100	28.337675	0.001	
627.878	5944	2153.23	89.6712	1.10748	28.516100	28.337675	0.001	
628.966	6042	2159.38	91.6483	1.10748	28.516100	28.337675	0.001	
630.054	6108	2153.53	93.4607	1.10748	28.516100	28.337675	0.001	
631.142	6207	2158.78	95.273	1.10748	28.516100	28.337675	0.001	
632.23	6309	2157.79	97.4139	1.10748	28.516100	28.337675	0.001	
633.318	6401	2160.67	99.2918	1.10748	28.516100	28.337675	0.001	
634.405	6464	2154.82	100.846	1.10748	28.516100	28.337675	0.001	
635.492	6597	2159.78	103.703	1.10748	28.516100	28.337675	0.001	
636.579	6675	2155.91	105.308	1.10748	28.516100	28.337675	0.001	
637.666	6771	2151.84	107.537	1.10748	28.516100	28.337675	0.001	
638.753	6856	2157.69	109.084	1.10748	28.516100	28.337675	0.001	
639.84	6985	2162.55	111.849	1.10748	28.516100	28.337675	0.001	
640.926	7052	2154.62	113.596	1.10748	28.516100	28.337675	0.001	
642.012	7174	2161.66	116.032	1.10748	28.516100	28.337675	0.001	
643.098	7279	2157.59	118.264	1.10748	28.516100	28.337675	0.001	
644.184	7395	2165.53	120.492	1.10748	28.516100	28.337675	0.001	
645.27	7497	2158.29	122.899	1.10748	28.516100	28.337675	0.001	
646.355	7621	2177.43	125.016	1.10748	28.516100	28.337675	0.001	
647.441	7726	2161.66	127.564	1.10748	28.516100	28.337675	0.001	
648.526	7843	2160.87	129.77	1.10748	28.516100	28.337675	0.001	
649.611	7938	2151.64	132.327	1.10748	28.516100	28.337675	0.001	
650.695	8063	2168.9	134.54	1.10748	28.516100	28.337675	0.001	
651.78	8183	2156.21	137.317	1.10748	28.516100	28.337675	0.001	
652.864	8306	2169.3	139.551	1.10748	28.516100	28.337675	0.001	
653.948	8447	2157.89	143.016	1.10748	28.516100	28.337675	0.001	
655.032	8549	2157.4	145.022	1.10748	28.516100	28.337675	0.001	
656.116	8684	2160.47	147.631	1.10748	28.516100	28.337675	0.001	
657.199	8812	2163.94	150.172	1.10748	28.516100	28.337675	0.001	
658.283	8926	2151.45	152.876	1.10748	28.516100	28.337675	0.001	
659.366	9082	2170.49	155.503	1.10748	28.516100	28.337675	0.001	
660.448	9202	2155.51	158.401	1.10748	28.516100	28.337675	0.001	
661.531	9335	2153.63	160.973	1.10748	28.516100	28.337675	0.001	
662.614	9479	2156.7	164.071	1.10748	28.516100	28.337675	0.001	
663.696	9657	2175.05	167.166	1.10748	28.516100	28.337675	0.001	
664.778	9779	2159.78	169.811	1.10748	28.516100	28.337675	0.001	
665.86	9904	2161.06	172.612	1.10748	28.516100	28.337675	0.001	
666.941	10075	2143.71	176.254	1.10748	28.516100	28.337675	0.001	
668.023	10213	2158.88	178.767	1.10748	28.516100	28.337675	0.001	
669.104	10383	2162.16	181.926	1.10748	28.516100	28.337675	0.001	
670.185	10557	2161.86	185.658	1.10748	28.516100	28.337675	0.001	
671.265	10686	2151.74	188.263	1.10748	28.516100	28.337675	0.001	
672.346	10858	2156.21	191.744	1.10748	28.516100	28.337675	0.001	
673.426	11013	2151.54	195.198	1.10748	28.516100	28.337675	0.001	
674.506	11188	2174.45	197.915	1.10748	28.516100	28.337675	0.001	
675.586	11320	2145.89	201.274	1.10748	28.516100	28.337675	0.001	
676.665	11525	2175.84	204.552	1.10748	28.516100	28.337675	0.001	
677.745	11693	2155.02	208.135	1.10748	28.516100	28.337675	0.001	
678.824	11879	2166.72	211.504	1.10748	28.516100	28.337675	0.001	
679.903	12055	2157.2	215.072	1.10748	28.516100	28.337675	0.001	
680.981	12255	2175.05	218.446	1.10748	28.516100	28.337675	0.001	
682.059	12430	2149.96	222.481	1.10748	28.516100	28.337675	0.001	
683.138	12636	2169.79	225.796	1.10748	28.516100	28.337675	0.001	
684.215	12831	2173.26	229.34	1.10748	28.516100	28.337675	0.001	
685.293	13055	2173.06	233.663	1.10748	28.516100	28.337675	0.001	
686.37	13224	2159.58	237.194	1.10748	28.516100	28.337675	0.001	
687.448	13459	2170.29	241.278	1.10748	28.516100	28.337675	0.001	
688.524	13673	2169.59	244.922	1.10748	28.516100	28.337675	0.001	
689.601	13881	2161.26	248.812	1.10748	28.516100	28.337675	0.001	
690.678	14100	2153.83	252.911	1.10748	28.516100	28.337675	0.001	
691.754	14339	2160.27	256.848	1.10748	28.516100	28.337675	0.001	
692.83	14578	2167.81	260.871	1.10748	28.516100	28.337675	0.001	
693.905	14792	2159.08	264.826	1.10748	28.516100	28.337675	0.001	
694.98	15002	2142.82	268.837	1.10748	28.516100	28.337675	0.001	
696.056	15264	2161.46	273.062	1.10748	28.516100	28.337675	0.001	
697.13	15502	2156.4	276.934	1.10748	28.516100	28.337675	0.001	
698.205	15759	2168.2	281.377	1.10748	28.516100	28.337675	0.001	
699.279	15997	2153.43	285.64	1.10748	28.516100	28.337675	0.001	
700.353	16265	2167.11	290.234	1.10748	28.516100	28.337675	0.001	
701.427	16533	2160.77	294.567	1.10748	28.516100	28.337675	0.001	
702.501	16825	2154.02	299.527	1.10748	28.516100	28.337675	0.001	
703.574	17095	2162.75	303.98	1.10748	28.516100	28.337675	0.001	
704.647	17386	2175.54	308.405	1.10748	28.516100	28.337675	0.001	
705.719	17655	2154.92	312.898	1.10748	28.516100	28.337675	0.001	
706.792	17970	2160.37	317.755	1.10748	28.516100	28.337675	0.001	
707.864	18251	2167.11	322.132	1.10748	28.516100	28.337675	0.001	
708.936	18560	2167.51	327.184	1.10748	28.516100	28.337675	0.001	
710.007	18856	2166.02	332.05	1.10748	28.516100	28.337675	0.001	
711.079	19128	2163.94	336.689	1.10748	28.516100	28.337675	0.001	
712.15	19443	2163.54	341.918	1.10748	28.516100	28.337675	0.001	
713.221	19735	2161.26	346.7	1.10748	28.516100	28.337675	0.001	
714.291	20071	2160.97	352.04	1.10748	28.516100	28.337675	0.001	
715.361	20381	2171.18	357.108	1.10748	28.516100	28.337675	0.001	
716.431	20693	2154.92	362.363	1.10748	28.516100	28.337675	0.001	
717.501	21015	2165.73	367.4	1.10748	28.516100	28.337675	0.001	
718.57	21322	2169	372.649	1.10748	28.516100	28.337675	0.001	
719.639	21673	2175.64	378.165	1.10748	28.516100	28.337675	0.001	
720.707	21952	2156.01	383.534	1.10748	28.516100	28.337675	0.001	
721.776	22265	2165.23	388.359	1.10748	28.516100	28.337675	0.001	
722.844	22584	2167.21	393.818	1.10748	28.516100	28.337675	0.001	
723.912	22917	2179.01	399.346	1.10748	28.516100	28.337675	0.001	
724.979	23197	2163.94	404.81	1.10748	28.516100	28.337675	0.001	
726.046	23508	2174.16	410.056	1.10748	28.516100	28.337675	0.001	
727.113	23796	2173.36	415.64	1.10748	28.516100	28.337675	0.001	
728.18	24065	2175.64	421.792	1.10748	28.516100	28.337675	0.001	
729.246	24316	2155.91	427.361	1.10748	28.516100	28.337675	0.001	
730.312	24572	2165.23	433.466	1.10748	28.516100	28.337675	0.001	
731.378	24831	2153.92	439.563	1.10748	28.516100	28.337675	0.001	
732.443	25081	2167.71	445.569	1.10748	28.516100	28.337675	0.001	
733.508	25305	2157.89	451.383	1.10748	28.516100	28.337675	0.001	
734.573	25595	2172.77	458.206	1.10748	28.516100	28.337675	0.001	
735.637	25782	2168.11	463.877	1.10748	28.516100	28.337675	0.001	
736.701	26017	2178.02	470.576	1.10748	28.516100	28.337675	0.001	
737.765	26213	2163.35	476.612	1.10748	28.516100	28.337675	0.001	
738.829	26399	2172.57	482.487	1.10748	28.516100	28.337675	0.001	
739.892	26597	2168.7	489.306	1.10748	28.516100	28.337675	0.001	
740.955	26763	2175.84	495.274	1.10748	28.516100	28.337675	0.001	
742.017	26884	2154.42	501.123	1.10748	28.516100	28.337675	0.001	
743.079	27053	2168.8	507.553	1.10748	28.516100	28.337675	0.001	
744.141	27193	2164.73	514.216	1.10748	28.516100	28.337675	0.001	
745.202	27346	2172.37	521.23	1.10748	28.516100	28.337675	0.001	
746.264	27483	2160.67	528.204	1.10748	28.516100	28.337675	0.001	
747.324	27624	2174.95	534.546	1.10748	28.516100	28.337675	0.001	
748.385	27774	2166.02	541.802	1.10748	28.516100	28.337675	0.001	
749.445	27884	2157.1	548.928	1.10748	28.516100	28.337675	0.001	
750.505	28025	2174.45	555.57	1.10748	28.516100	28.337675	0.001	
751.564	28164	2171.87	563.072	1.10748	28.516100	28.337675	0.001	
752.623	28316	2160.87	570.574	1.10748	28.516100	28.337675	0.001	
753.682	28445	2168.5	577.891	1.10748	28.516100	28.337675	0.001	
754.741	28555	2166.72	584.547	1.10748	28.516100	28.337675	0.001	
755.799	28686	2168.4	591.904	1.10748	28.516100	28.337675	0.001	
756.857	28836	2162.25	598.87	1.10748	28.516100	28.337675	0.001	
757.914	28979	2167.11	606.291	1.10748	28.516100	28.337675	0.001	
758.971	29121	2172.27	613.39	1.10748	28.516100	28.337675	0.001	
760.028	29262	2162.45	621.074	1.10748	28.516100	28.337675	0.001	
761.084	29383	2174.06	627.995	1.10748	28.516100	28.337675	0.001	
762.14	29500	2160.87	635.636	1.10748	28.516100	28.337675	0.001	
763.196	29591	2173.46	643.449	1.10748	28.516100	28.337675	0.001	
764.251	29699	2160.27	651.267	1.10748	28.516100	28.337675	0.001	
765.306	29822	2168.7	659.143	1.10748	28.516100	28.337675	0.001	
766.36	29925	2169.69	666.868	1.10748	28.516100	28.337675	0.001	
767.415	30064	2156.9	675.393	1.10748	28.516100	28.337675	0.001	
768.468	30176	2171.08	683.353	1.10748	28.516100	28.337675	0.001	
769.522	30312	2152.54	691.782	1.10748	28.516100	28.337675	0.001	
770.575	30455	2166.02	700.265	1.10748	28.516100	28.337675	0.001	
771.628	30546	2163.64	707.938	1.10748	28.516100	28.337675	0.001	
772.68	30670	2178.12	716.172	1.10748	28.516100	28.337675	0.001	
773.732	30791	2155.91	725.402	1.10748	28.516100	28.337675	0.001	
774.784	30937	2172.47	734.145	1.10748	28.516100	28.337675	0.001	
775.835	31011	2166.42	742.071	1.10748	28.516100	28.337675	0.001	
776.886	31118	2169.99	750.525	1.10748	28.516100	28.337675	0.001	
777.936	31230	2166.12	758.632	1.10748	28.516100	28.337675	0.001	
778.986	31375	2177.53	766.862	1.10748	28.516100	28.337675	0.001	
780.036	31460	2157.4	775.374	1.10748	28.516100	28.337675	0.001	
781.086	31496	2157.4	783.719	1.10748	28.516100	28.337675	0.001	
782.135	31522	2157.1	791.725	1.10748	28.516100	28.337675	0.001	
783.183	31592	2173.06	801.169	1.10748	28.516100	28.337675	0.001	
784.231	31645	2155.21	810.844	1.10748	28.516100	28.337675	0.001	
785.279	31639	2169.4	819.632	1.10748	28.516100	28.337675	0.001	
786.327	31725	2150.35	829.458	1.10748	28.516100	28.337675	0.001	
787.374	31760	2166.72	838.441	1.10748	28.516100	28.337675	0.001	
788.42	31817	2158.78	848.932	1.10748	28.516100	28.337675	0.001	
789.466	31864	2164.93	858.634	1.10748	28.516100	28.337675	0.001	
790.512	31845	2164.04	867.2	1.10748	28.516100	28.337675	0.001	
791.558	31922	2165.43	877.035	1.10748	28.516100	28.337675	0.001	
792.603	31909	2167.71	886.383	1.10748	28.516100	28.337675	0.001	
793.648	31990	2167.81	896.475	1.10748	28.516100	28.337675	0.001	
794.692	32002	2168.6	906.35	1.10748	28.516100	28.337675	0.001	
795.736	32013	2162.55	916.205	1.10748	28.516100	28.337675	0.001	
796.779	32064	2161.56	925.411	1.10748	28.516100	28.337675	0.001	
797.822	32052	2182.58	934.699	1.10748	28.516100	28.337675	0.001	
798.865	32051	2166.12	944.557	1.10748	28.516100	28.337675	0.001	
799.907	32057	2152.44	954.721	1.10748	28.516100	28.337675	0.001	
800.949	32031	2161.76	963.703	1.10748	28.516100	28.337675	0.001	
801.99	32018	2167.01	972.937	1.10748	28.516100	28.337675	0.001	
803.031	31971	2153.13	982.989	1.10748	28.516100	28.337675	0.001	
804.072	31994	2172.37	994.006	1.10748	28.516100	28.337675	0.001	
805.112	31961	2162.06	1004.61	1.10748	28.516100	28.337675	0.001	
806.152	31990	2172.67	1015.3	1.10748	28.516100	28.337675	0.001	
807.191	31955	2174.55	1025.35	1.10748	28.516100	28.337675	0.001	
808.23	31945	2165.73	1036.09	1.10748	28.516100	28.337675	0.001	
809.268	31976	2153.63	1048.23	1.10748	28.516100	28.337675	0.001	
810.307	32013	2155.71	1059.65	1.10748	28.516100	28.337675	0.001	
811.344	32015	2157.5	1069.16	1.10748	28.516100	28.337675	0.001	
812.381	32031	2172.27	1079.94	1.10748	28.516100	28.337675	0.001	
813.418	32053	2162.16	1090.93	1.10748	28.516100	28.337675	0.001	
814.454	32099	2170.88	1103.1	1.10748	28.516100	28.337675	0.001	
815.49	32078	2160.77	1113.44	1.10748	28.516100	28.337675	0.001	
816.526	32107	2166.22	1124.29	1.10748	28.516100	28.337675	0.001	
817.561	32080	2163.35	1134.5	1.10748	28.516100	28.337675	0.001	
818.596	32103	2172.77	1145.76	1.10748	28.516100	28.337675	0.001	
819.63	32114	2163.05	1157.43	1.10748	28.516100	28.337675	0.001	
820.664	32184	2175.54	1168.91	1.10748	28.516100	28.337675	0.001	
821.697	32124	2170.59	1178.35	1.10748	28.516100	28.337675	0.001	
822.73	32165	2179.01	1190.37	1.10748	28.516100	28.337675	0.001	
823.762	32130	2175.35	1200.6	1.10748	28.516100	28.337675	0.001	
824.794	32125	2174.55	1212.43	1.10748	28.516100	28.337675	0.001	
825.826	32106	2165.53	1223.8	1.10748	28.516100	28.337675	0.001	
826.857	32089	2180.01	1236.55	1.10748	28.516100	28.337675	0.001	
827.887	32100	2165.53	1247.77	1.10748	28.516100	28.337675	0.001	
828.918	32112	2178.22	1259.76	1.10748	28.516100	28.337675	0.001	
829.947	32101	2166.62	1272.47	1.10748	28.516100	28.337675	0.001	
830.977	32162	2167.91	1285.93	1.10748	28.516100	28.337675	0.001	
832.005	32163	2167.71	1297.09	1.10748	28.516100	28.337675	0.001	
833.034	32179	2169.2	1308.92	1.10748	28.516100	28.337675	0.001	
834.062	32178	2173.86	1321.64	1.10748	28.516100	28.337675	0.001	
835.089	32196	2162.95	1334.81	1.10748	28.516100	28.337675	0.001	
836.116	32237	2165.63	1346.44	1.10748	28.516100	28.337675	0.001	
837.143	32290	2171.08	1358.03	1.10748	28.516100	28.337675	0.001	
838.169	32345	2172.67	1370.24	1.10748	28.516100	28.337675	0.001	
839.194	32401	2165.92	1383.07	1.10748	28.516100	28.337675	0.001	
840.22	32450	2158.69	1397.2	1.10748	28.516100	28.337675	0.001	
841.244	32513	2165.92	1409.05	1.10748	28.516100	28.337675	0.001	
842.268	32537	2162.25	1421.74	1.10748	28.516100	28.337675	0.001	
843.292	32588	2177.82	1432.76	1.10748	28.516100	28.337675	0.001	
844.315	32623	2163.25	1445.9	1.10748	28.516100	28.337675	0.001	
845.338	32661	2176.14	1457.76	1.10748	28.516100	28.337675	0.001	
846.36	32683	2160.57	1471.93	1.10748	28.516100	28.337675	0.001	
847.382	32712	2163.84	1483.35	1.10748	28.516100	28.337675	0.001	
848.404	32707	2169	1496.21	1.10748	28.516100	28.337675	0.001	
849.425	32736	2173.16	1508.6	1.10748	28.516100	28.337675	0.001	
850.445	32745	2167.11	1522.09	1.10748	28.516100	28.337675	0.001	
851.465	32804	2179.01	1535.87	1.10748	28.516100	28.337675	0.001	
852.484	32893	2163.05	1552.06	1.10748	28.516100	28.337675	0.001	
853.503	32902	2158.88	1564.65	1.10748	28.516100	28.337675	0.001	
854.522	32958	2155.61	1577.79	1.10748	28.516100	28.337675	0.001	
855.54	33023	2173.96	1591.47	1.10748	28.516100	28.337675	0.001	
856.557	33097	2173.66	1605.74	1.10748	28.516100	28.337675	0.001	
857.574	33172	2166.92	1619.42	1.10748	28.516100	28.337675	0.001	
858.591	33238	2162.65	1632.35	1.10748	28.516100	28.337675	0.001	
859.607	33302	2163.45	1646.4	1.10748	28.516100	28.337675	0.001	
860.622	33347	2170.19	1658.78	1.10748	28.516100	28.337675	0.001	
861.637	33441	2162.16	1674.13	1.10748	28.516100	28.337675	0.001	
862.652	33465	2162.65	1687.3	1.10748	28.516100	28.337675	0.001	
863.666	33601	2166.42	1702.99	1.10748	28.516100	28.337675	0.001	
864.679	33599	2154.12	1715.16	1.10748	28.516100	28.337675	0.001	
865.692	33665	2162.06	1728.61	1.10748	28.516100	28.337675	0.001	
866.705	33685	2150.06	1742.24	1.10748	28.516100	28.337675	0.001	
867.717	33731	2155.71	1756.8	1.10748	28.516100	28.337675	0.001	
868.728	33751	2161.36	1771	1.10748	28.516100	28.337675	0.001	
869.739	33770	2154.52	1784.7	1.10748	28.516100	28.337675	0.001	
870.75	33817	2173.66	1798.87	1.10748	28.516100	28.337675	0.001	
871.76	33838	2155.71	1813.79	1.10748	28.516100	28.337675	0.001	
872.769	33837	2154.12	1826.29	1.10748	28.516100	28.337675	0.001	
873.778	33847	2157.2	1841.31	1.10748	28.516100	28.337675	0.001	
874.786	33867	2157.5	1855.75	1.10748	28.516100	28.337675	0.001	
875.794	33888	2166.52	1869.66	1.10748	28.516100	28.337675	0.001	
876.802	33901	2181.79	1884.68	1.10748	28.516100	28.337675	0.001	
877.809	33930	2169.3	1902.16	1.10748	28.516100	28.337675	0.001	
878.815	33952	2175.15	1916.89	1.10748	28.516100	28.337675	0.001	
879.821	33933	2162.45	1932.19	1.10748	28.516100	28.337675	0.001	
880.826	34001	2173.46	1947.68	1.10748	28.516100	28.337675	0.001	
881.831	33998	2172.87	1962.3	1.10748	28.516100	28.337675	0.001	
882.835	34015	2166.22	1978.44	1.10748	28.516100	28.337675	0.001	
883.839	33981	2164.54	1992.31	1.10748	28.516100	28.337675	0.001	
884.842	34002	2160.67	2007.62	1.10748	28.516100	28.337675	0.001	
885.844	34048	2166.12	2023.08	1.10748	28.516100	28.337675	0.001	
886.847	34033	2168.3	2036.36	1.10748	28.516100	28.337675	0.001	
887.848	34024	2164.93	2053.14	1.10748	28.516100	28.337675	0.001	
888.849	34006	2160.17	2070.32	1.10748	28.516100	28.337675	0.001	
889.85	33936	2163.64	2083.58	1.10748	28.516100	28.337675	0.001	
890.85	33893	2155.71	2100.8	1.10748	28.516100	28.337675	0.001	
891.849	33834	2155.31	2115.72	1.10748	28.516100	28.337675	0.001	
892.848	33833	2163.45	2131.56	1.10748	28.516100	28.337675	0.001	
893.846	33832	2166.32	2145.32	1.10748	28.516100	28.337675	0.001	
894.844	33797	2148.97	2160.42	1.10748	28.516100	28.337675	0.001	
895.841	33762	2163.84	2174.8	1.10748	28.516100	28.337675	0.001	
896.838	33721	2155.21	2189.87	1.10748	28.516100	28.337675	0.001	
897.834	33698	2158.88	2205.81	1.10748	28.516100	28.337675	0.001	
898.83	33623	2143.31	2222	1.10748	28.516100	28.337675	0.001	
899.825	33529	2166.42	2233.99	1.10748	28.516100	28.337675	0.001	
900.819	33484	2145.59	2251.08	1.10748	28.516100	28.337675	0.001	
901.813	33463	2161.96	2266.3	1.10748	28.516100	28.337675	0.001	
902.807	33389	2167.21	2282.78	1.10748	28.516100	28.337675	0.001	
903.799	33375	2163.74	2300.68	1.10748	28.516100	28.337675	0.001	
904.792	33288	2159.48	2317.95	1.10748	28.516100	28.337675	0.001	
905.783	33249	2168.9	2333.01	1.10748	28.516100	28.337675	0.001	
906.775	33209	2162.16	2351.15	1.10748	28.516100	28.337675	0.001	
907.765	33181	2179.51	2367.99	1.10748	28.516100	28.337675	0.001	
908.755	33153	2166.82	2385.9	1.10748	28.516100	28.337675	0.001	
909.745	33107	2170.88	2401.7	1.10748	28.516100	28.337675	0.001	
910.733	33090	2154.82	2420.77	1.10748	28.516100	28.337675	0.001	
911.722	33043	2167.91	2436.6	1.10748	28.516100	28.337675	0.001	
912.71	32980	2163.74	2451.66	1.10748	28.516100	28.337675	0.001	
913.697	32979	2170.59	2470.12	1.10748	28.516100	28.337675	0.001	
914.683	32936	2158.49	2485.32	1.10748	28.516100	28.337675	0.001	
915.669	32866	2149.56	2501.9	1.10748	28.516100	28.337675	0.001	
916.655	32779	2162.65	2517.1	1.10748	28.516100	28.337675	0.001	
917.64	32711	2163.64	2532.85	1.10748	28.516100	28.337675	0.001	
918.624	32606	2155.71	2548.41	1.10748	28.516100	28.337675	0.001	
919.608	32513	2162.45	2563.96	1.10748	28.516100	28.337675	0.001	
920.591	32386	2158.59	2579.21	1.10748	28.516100	28.337675	0.001	
921.573	32303	2175.25	2597.4	1.10748	28.516100	28.337675	0.001	
922.555	32191	2147.38	2613.17	1.10748	28.516100	28.337675	0.001	
923.537	32055	2154.52	2629.97	1.10748	28.516100	28.337675	0.001	
924.517	31928	2167.21	2645.94	1.10748	28.516100	28.337675	0.001	
925.498	31784	2160.07	2662.69	1.10748	28.516100	28.337675	0.001	
926.477	31630	2168.3	2674.84	1.10748	28.516100	28.337675	0.001	
927.456	31480	2155.71	2693.03	1.10748	28.516100	28.337675	0.001	
928.435	31370	2169.79	2710.75	1.10748	28.516100	28.337675	0.001	
929.412	31213	2159.88	2728.16	1.10748	28.516100	28.337675	0.001	
930.39	31072	2168.11	2746.77	1.10748	28.516100	28.337675	0.001	
931.366	30950	2166.72	2765	1.10748	28.516100	28.337675	0.001	
932.342	30773	2157.99	2783.02	1.10748	28.516100	28.337675	0.001	
933.318	30637	2166.92	2801.7	1.10748	28.516100	28.337675	0.001	
934.293	30493	2166.12	2819.99	1.10748	28.516100	28.337675	0.001	
935.267	30301	2161.96	2837.33	1.10748	28.516100	28.337675	0.001	
936.24	30149	2143.81	2859.59	1.10748	28.516100	28.337675	0.001	
937.213	29964	2172.47	2873.79	1.10748	28.516100	28.337675	0.001	
938.186	29769	2157.69	2892.73	1.10748	28.516100	28.337675	0.001	
939.158	29616	2179.51	2907.81	1.10748	28.516100	28.337675	0.001	
940.129	29387	2156.9	2923.59	1.10748	28.516100	28.337675	0.001	
941.099	29201	2168.9	2940.11	1.10748	28.516100	28.337675	0.001	
942.069	28996	2165.43	2957.56	1.10748	28.516100	28.337675	0.001	
943.039	28851	2162.16	2979.69	1.10748	28.516100	28.337675	0.001	
944.007	28662	2148.87	2996.24	1.10748	28.516100	28.337675	0.001	
944.975	28508	2178.12	3011.44	1.10748	28.516100	28.337675	0.001	
945.943	28315	2172.97	3025.97	1.10748	28.516100	28.337675	0.001	
946.91	28177	2167.91	3045.14	1.10748	28.516100	28.337675	0.001	
947.876	27988	2151.74	3060.97	1.10748	28.516100	28.337675	0.001	
948.842	27865	2162.75	3080.11	1.10748	28.516100	28.337675	0.001	
949.807	27703	2169.1	3096.85	1.10748	28.516100	28.337675	0.001	
950.771	27532	2169.2	3112.47	1.10748	28.516100	28.337675	0.001	
951.735	27367	2156.01	3128.52	1.10748	28.516100	28.337675	0.001	
952.698	27231	2185.66	3145.22	1.10748	28.516100	28.337675	0.001	
953.66	27016	2159.97	3161.09	1.10748	28.516100	28.337675	0.001	
954.622	26853	2163.15	3178.98	1.10748	28.516100	28.337675	0.001	
955.584	26672	2163.64	3196.62	1.10748	28.516100	28.337675	0.001	
956.544	26483	2167.31	3213.51	1.10748	28.516100	28.337675	0.001	
957.504	26240	2156.4	3225.57	1.10748	28.516100	28.337675	0.001	
958.463	26069	2177.43	3242.83	1.10748	28.516100	28.337675	0.001	
959.422	25846	2156.8	3262.23	1.10748	28.516100	28.337675	0.001	
960.38	25651	2162.75	3281.44	1.10748	28.516100	28.337675	0.001	
961.338	25418	2168.5	3298.97	1.10748	28.516100	28.337675	0.001	
962.294	25196	2161.26	3319.2	1.10748	28.516100	28.337675	0.001	
963.25	24985	2150.75	3337.8	1.10748	28.516100	28.337675	0.001	
964.206	24777	2169	3355.78	1.10748	28.516100	28.337675	0.001	
965.161	24593	2159.78	3380.02	1.10748	28.516100	28.337675	0.001	
966.115	24360	2164.04	3398.1	1.10748	28.516100	28.337675	0.001	
