452.692	2217	2131.03	503.902	1.10748	28.516100	28.337675	0.001	
453.787	2249	2162.68	2.86917	1.10748	28.516100	28.337675	0.001	
454.882	2233	2152.86	-1.20022	1.10748	28.516100	28.337675	0.001	
455.977	2240	2174.19	-162.18	1.10748	28.516100	28.337675	0.001	
457.072	2227	2139.56	1.28657	1.10748	28.516100	28.337675	0.001	
458.167	2254	2179.35	-56.1387	1.10748	28.516100	28.337675	0.001	
459.263	2246	2153.85	3.59866	1.10748	28.516100	28.337675	0.001	
460.358	2249	2167.44	-1.35069	1.10748	28.516100	28.337675	0.001	
461.453	2238	2159.01	-4.47621	1.10748	28.516100	28.337675	0.001	
462.549	2244	2157.52	2.74107	1.10748	28.516100	28.337675	0.001	
463.644	2231	2149.19	-6.30592	1.10748	28.516100	28.337675	0.001	
464.74	2240	2159.21	-0.735599	1.10748	28.516100	28.337675	0.001	
465.835	2248	2160.3	10.7407	1.10748	28.516100	28.337675	0.001	
466.931	2253	2162.78	6.23902	1.10748	28.516100	28.337675	0.001	
468.027	2235	2143.93	57.1742	1.10748	28.516100	28.337675	0.001	
469.123	2258	2169.23	2.57456	1.10748	28.516100	28.337675	0.001	
470.219	2234	2144.32	5.13618	1.10748	28.516100	28.337675	0.001	
471.315	2261	2155.93	14.4798	1.10748	28.516100	28.337675	0.001	
472.411	2235	2149.19	2.40106	1.10748	28.516100	28.337675	0.001	
473.507	2256	2168.73	3.01255	1.10748	28.516100	28.337675	0.001	
474.603	2245	2148.49	5.65627	1.10748	28.516100	28.337675	0.001	
475.699	2248	2157.62	-42.6845	1.10748	28.516100	28.337675	0.001	
476.795	2236	2160.4	-4.41068	1.10748	28.516100	28.337675	0.001	
477.892	2259	2166.95	8.37204	1.10748	28.516100	28.337675	0.001	
478.988	2257	2160.6	6.74225	1.10748	28.516100	28.337675	0.001	
480.084	2255	2158.51	8.92861	1.10748	28.516100	28.337675	0.001	
481.181	2241	2161.69	-2.13204	1.10748	28.516100	28.337675	0.001	
482.277	2261	2167.25	21.6608	1.10748	28.516100	28.337675	0.001	
483.374	2243	2151.57	2.76717	1.10748	28.516100	28.337675	0.001	
484.47	2260	2160.4	44.8719	1.10748	28.516100	28.337675	0.001	
485.567	2251	2156.23	5.4522	1.10748	28.516100	28.337675	0.001	
486.663	2255	2171.91	-0.275068	1.10748	28.516100	28.337675	0.001	
487.76	2256	2158.31	11.0512	1.10748	28.516100	28.337675	0.001	
488.857	2237	2171.22	-13.6772	1.10748	28.516100	28.337675	0.001	
489.954	2241	2151.07	2.42007	1.10748	28.516100	28.337675	0.001	
491.05	2236	2158.12	-2.17092	1.10748	28.516100	28.337675	0.001	
492.147	2249	2151.86	5.80879	1.10748	28.516100	28.337675	0.001	
493.244	2263	2161.19	5.38901	1.10748	28.516100	28.337675	0.001	
494.341	2261	2162.18	3.99289	1.10748	28.516100	28.337675	0.001	
495.438	2267	2175.48	2.22501	1.10748	28.516100	28.337675	0.001	
496.535	2240	2148.29	2.42603	1.10748	28.516100	28.337675	0.001	
497.632	2249	2160.2	1.21332	1.10748	28.516100	28.337675	0.001	
498.729	2265	2160.3	4.42893	1.10748	28.516100	28.337675	0.001	
499.825	2270	2160.2	4.86566	1.10748	28.516100	28.337675	0.001	
500.922	2266	2158.51	3.468	1.10748	28.516100	28.337675	0.001	
502.019	2280	2164.77	5.26769	1.10748	28.516100	28.337675	0.001	
503.117	2275	2157.22	5.0337	1.10748	28.516100	28.337675	0.001	
504.214	2269	2153.35	4.54917	1.10748	28.516100	28.337675	0.001	
505.311	2271	2148.69	5.25668	1.10748	28.516100	28.337675	0.001	
506.408	2272	2161.89	3.43454	1.10748	28.516100	28.337675	0.001	
507.505	2289	2164.17	4.65972	1.10748	28.516100	28.337675	0.001	
508.602	2275	2152.16	4.8195	1.10748	28.516100	28.337675	0.001	
509.699	2283	2156.33	4.58253	1.10748	28.516100	28.337675	0.001	
510.796	2293	2154.94	5.75509	1.10748	28.516100	28.337675	0.001	
511.893	2297	2160.8	4.89729	1.10748	28.516100	28.337675	0.001	
512.99	2312	2174.99	4.67535	1.10748	28.516100	28.337675	0.001	
514.087	2306	2153.65	5.78075	1.10748	28.516100	28.337675	0.001	
515.184	2310	2162.48	5.34675	1.10748	28.516100	28.337675	0.001	
516.281	2316	2154.54	5.36677	1.10748	28.516100	28.337675	0.001	
517.378	2333	2163.97	6.26136	1.10748	28.516100	28.337675	0.001	
518.475	2333	2158.12	6.19703	1.10748	28.516100	28.337675	0.001	
519.573	2351	2163.48	7.10039	1.10748	28.516100	28.337675	0.001	
520.67	2337	2153.95	6.29156	1.10748	28.516100	28.337675	0.001	
521.767	2353	2164.47	6.47872	1.10748	28.516100	28.337675	0.001	
522.864	2356	2164.17	6.6971	1.10748	28.516100	28.337675	0.001	
523.961	2379	2171.02	7.3995	1.10748	28.516100	28.337675	0.001	
525.058	2368	2151.47	7.6812	1.10748	28.516100	28.337675	0.001	
526.155	2393	2173.8	7.42264	1.10748	28.516100	28.337675	0.001	
527.252	2384	2154.35	7.58205	1.10748	28.516100	28.337675	0.001	
528.348	2416	2171.12	8.29597	1.10748	28.516100	28.337675	0.001	
529.445	2409	2155.04	8.33899	1.10748	28.516100	28.337675	0.001	
530.542	2430	2147	9.54316	1.10748	28.516100	28.337675	0.001	
531.639	2429	2154.05	8.83209	1.10748	28.516100	28.337675	0.001	
532.736	2467	2173.1	9.52315	1.10748	28.516100	28.337675	0.001	
533.833	2456	2158.02	9.43657	1.10748	28.516100	28.337675	0.001	
534.929	2487	2165.36	10.084	1.10748	28.516100	28.337675	0.001	
536.026	2472	2138.96	10.3877	1.10748	28.516100	28.337675	0.001	
537.123	2511	2163.87	10.6008	1.10748	28.516100	28.337675	0.001	
538.22	2520	2147.9	11.3905	1.10748	28.516100	28.337675	0.001	
539.316	2539	2165.66	11.1058	1.10748	28.516100	28.337675	0.001	
540.413	2548	2160.2	11.4232	1.10748	28.516100	28.337675	0.001	
541.509	2571	2157.72	11.9668	1.10748	28.516100	28.337675	0.001	
542.606	2587	2143.73	12.7271	1.10748	28.516100	28.337675	0.001	
543.702	2616	2164.77	12.5651	1.10748	28.516100	28.337675	0.001	
544.799	2617	2142.24	13.1743	1.10748	28.516100	28.337675	0.001	
545.895	2658	2161.19	13.575	1.10748	28.516100	28.337675	0.001	
546.991	2680	2152.96	14.2999	1.10748	28.516100	28.337675	0.001	
548.088	2699	2163.48	14.2811	1.10748	28.516100	28.337675	0.001	
549.184	2700	2149.58	14.4769	1.10748	28.516100	28.337675	0.001	
550.28	2725	2151.17	14.8119	1.10748	28.516100	28.337675	0.001	
551.376	2746	2147.5	15.2864	1.10748	28.516100	28.337675	0.001	
552.472	2794	2164.37	15.8177	1.10748	28.516100	28.337675	0.001	
553.568	2817	2155.64	16.4046	1.10748	28.516100	28.337675	0.001	
554.664	2842	2167.94	16.5057	1.10748	28.516100	28.337675	0.001	
555.76	2873	2156.43	17.3899	1.10748	28.516100	28.337675	0.001	
556.856	2912	2165.76	17.9341	1.10748	28.516100	28.337675	0.001	
557.952	2919	2152.86	18.2403	1.10748	28.516100	28.337675	0.001	
559.047	2974	2171.02	18.8722	1.10748	28.516100	28.337675	0.001	
560.143	2989	2153.25	19.4594	1.10748	28.516100	28.337675	0.001	
561.239	3017	2138.96	20.3975	1.10748	28.516100	28.337675	0.001	
562.334	3044	2145.41	20.6889	1.10748	28.516100	28.337675	0.001	
563.43	3088	2156.23	21.1951	1.10748	28.516100	28.337675	0.001	
564.525	3122	2159.31	21.674	1.10748	28.516100	28.337675	0.001	
565.62	3150	2161.29	22.2262	1.10748	28.516100	28.337675	0.001	
566.715	3166	2144.03	22.7534	1.10748	28.516100	28.337675	0.001	
567.811	3218	2169.13	23.3066	1.10748	28.516100	28.337675	0.001	
568.906	3253	2144.82	24.4859	1.10748	28.516100	28.337675	0.001	
570.001	3288	2161.89	24.722	1.10748	28.516100	28.337675	0.001	
571.095	3309	2136.68	25.7321	1.10748	28.516100	28.337675	0.001	
572.19	3354	2157.22	26.2349	1.10748	28.516100	28.337675	0.001	
573.285	3376	2144.42	26.9299	1.10748	28.516100	28.337675	0.001	
574.38	3423	2161.39	27.4758	1.10748	28.516100	28.337675	0.001	
575.474	3460	2140.45	28.7361	1.10748	28.516100	28.337675	0.001	
576.569	3482	2146.51	29.0188	1.10748	28.516100	28.337675	0.001	
577.663	3508	2144.03	29.6198	1.10748	28.516100	28.337675	0.001	
578.757	3565	2149.09	30.815	1.10748	28.516100	28.337675	0.001	
579.851	3592	2145.41	31.4039	1.10748	28.516100	28.337675	0.001	
580.945	3631	2168.64	31.787	1.10748	28.516100	28.337675	0.001	
582.039	3657	2140.75	33.036	1.10748	28.516100	28.337675	0.001	
583.133	3713	2151.17	34.1723	1.10748	28.516100	28.337675	0.001	
584.227	3706	2133.11	34.5899	1.10748	28.516100	28.337675	0.001	
585.321	3762	2147.7	35.5571	1.10748	28.516100	28.337675	0.001	
586.414	3794	2144.32	36.5348	1.10748	28.516100	28.337675	0.001	
587.508	3835	2159.7	37.283	1.10748	28.516100	28.337675	0.001	
588.601	3852	2148.39	38.0993	1.10748	28.516100	28.337675	0.001	
589.694	3893	2144.32	39.3147	1.10748	28.516100	28.337675	0.001	
590.787	3914	2144.42	40.1284	1.10748	28.516100	28.337675	0.001	
591.881	3970	2156.63	41.168	1.10748	28.516100	28.337675	0.001	
592.973	3999	2146.61	42.3019	1.10748	28.516100	28.337675	0.001	
594.066	4023	2148.29	43.0039	1.10748	28.516100	28.337675	0.001	
595.159	4063	2157.72	43.9704	1.10748	28.516100	28.337675	0.001	
596.251	4096	2155.83	45.0619	1.10748	28.516100	28.337675	0.001	
597.344	4119	2156.13	45.7606	1.10748	28.516100	28.337675	0.001	
598.436	4179	2165.96	47.1965	1.10748	28.516100	28.337675	0.001	
599.528	4205	2150.67	48.4492	1.10748	28.516100	28.337675	0.001	
600.621	4254	2154.74	49.575	1.10748	28.516100	28.337675	0.001	
601.713	4289	2158.02	50.4735	1.10748	28.516100	28.337675	0.001	
602.804	4340	2153.15	51.8795	1.10748	28.516100	28.337675	0.001	
603.896	4372	2149.78	53.0706	1.10748	28.516100	28.337675	0.001	
604.988	4406	2152.36	53.851	1.10748	28.516100	28.337675	0.001	
606.079	4467	2155.04	55.3777	1.10748	28.516100	28.337675	0.001	
607.17	4527	2161.19	56.762	1.10748	28.516100	28.337675	0.001	
608.262	4549	2143.13	57.9505	1.10748	28.516100	28.337675	0.001	
609.353	4620	2154.15	59.2987	1.10748	28.516100	28.337675	0.001	
610.443	4677	2153.45	60.7196	1.10748	28.516100	28.337675	0.001	
611.534	4731	2161.99	61.8247	1.10748	28.516100	28.337675	0.001	
612.625	4775	2149.28	63.203	1.10748	28.516100	28.337675	0.001	
613.715	4826	2155.73	64.2211	1.10748	28.516100	28.337675	0.001	
614.806	4905	2161.29	65.8605	1.10748	28.516100	28.337675	0.001	
615.896	4977	2171.41	67.4556	1.10748	28.516100	28.337675	0.001	
616.986	5022	2157.42	68.7194	1.10748	28.516100	28.337675	0.001	
618.076	5101	2160.3	70.6633	1.10748	28.516100	28.337675	0.001	
619.165	5155	2163.48	71.6292	1.10748	28.516100	28.337675	0.001	
620.255	5236	2170.62	73.297	1.10748	28.516100	28.337675	0.001	
621.344	5310	2152.96	75.2669	1.10748	28.516100	28.337675	0.001	
622.434	5363	2156.53	76.3278	1.10748	28.516100	28.337675	0.001	
623.523	5454	2155.34	78.4189	1.10748	28.516100	28.337675	0.001	
624.612	5533	2160.1	80.113	1.10748	28.516100	28.337675	0.001	
625.701	5609	2152.36	81.9117	1.10748	28.516100	28.337675	0.001	
626.789	5685	2163.57	83.3222	1.10748	28.516100	28.337675	0.001	
627.878	5764	2154.64	85.2776	1.10748	28.516100	28.337675	0.001	
628.966	5851	2160.8	87.0011	1.10748	28.516100	28.337675	0.001	
630.054	5916	2154.94	88.7861	1.10748	28.516100	28.337675	0.001	
631.142	6009	2160.2	90.4766	1.10748	28.516100	28.337675	0.001	
632.23	6097	2159.21	92.2991	1.10748	28.516100	28.337675	0.001	
633.318	6197	2162.09	94.3819	1.10748	28.516100	28.337675	0.001	
634.405	6270	2156.23	96.1804	1.10748	28.516100	28.337675	0.001	
635.492	6360	2161.19	98.0221	1.10748	28.516100	28.337675	0.001	
636.579	6455	2157.32	100.05	1.10748	28.516100	28.337675	0.001	
637.666	6553	2153.25	102.334	1.10748	28.516100	28.337675	0.001	
638.753	6626	2159.11	103.614	1.10748	28.516100	28.337675	0.001	
639.84	6746	2163.97	106.175	1.10748	28.516100	28.337675	0.001	
640.926	6823	2156.03	108.16	1.10748	28.516100	28.337675	0.001	
642.012	6923	2163.08	110.091	1.10748	28.516100	28.337675	0.001	
643.098	7020	2159.01	112.153	1.10748	28.516100	28.337675	0.001	
644.184	7135	2166.95	114.373	1.10748	28.516100	28.337675	0.001	
645.27	7239	2159.7	116.835	1.10748	28.516100	28.337675	0.001	
646.355	7368	2178.86	119.085	1.10748	28.516100	28.337675	0.001	
647.441	7454	2163.08	121.204	1.10748	28.516100	28.337675	0.001	
648.526	7560	2162.28	123.182	1.10748	28.516100	28.337675	0.001	
649.611	7657	2153.06	125.778	1.10748	28.516100	28.337675	0.001	
650.695	7769	2170.32	127.703	1.10748	28.516100	28.337675	0.001	
651.78	7905	2157.62	130.864	1.10748	28.516100	28.337675	0.001	
652.864	8008	2170.72	132.651	1.10748	28.516100	28.337675	0.001	
653.948	8134	2159.31	135.773	1.10748	28.516100	28.337675	0.001	
655.032	8243	2158.81	137.957	1.10748	28.516100	28.337675	0.001	
656.116	8385	2161.89	140.745	1.10748	28.516100	28.337675	0.001	
657.199	8493	2165.36	142.842	1.10748	28.516100	28.337675	0.001	
658.283	8604	2152.86	145.486	1.10748	28.516100	28.337675	0.001	
659.366	8756	2171.91	148.043	1.10748	28.516100	28.337675	0.001	
660.448	8889	2156.93	151.244	1.10748	28.516100	28.337675	0.001	
661.531	9001	2155.04	153.36	1.10748	28.516100	28.337675	0.001	
662.614	9124	2158.12	155.985	1.10748	28.516100	28.337675	0.001	
663.696	9288	2176.47	158.785	1.10748	28.516100	28.337675	0.001	
664.778	9424	2161.19	161.767	1.10748	28.516100	28.337675	0.001	
665.86	9548	2162.48	164.542	1.10748	28.516100	28.337675	0.001	
666.941	9686	2145.12	167.468	1.10748	28.516100	28.337675	0.001	
668.023	9830	2160.3	170.124	1.10748	28.516100	28.337675	0.001	
669.104	10003	2163.57	173.374	1.10748	28.516100	28.337675	0.001	
670.185	10148	2163.28	176.461	1.10748	28.516100	28.337675	0.001	
671.265	10288	2153.15	179.334	1.10748	28.516100	28.337675	0.001	
672.346	10461	2157.62	182.845	1.10748	28.516100	28.337675	0.001	
673.426	10600	2152.96	185.944	1.10748	28.516100	28.337675	0.001	
674.506	10763	2175.88	188.419	1.10748	28.516100	28.337675	0.001	
675.586	10912	2147.3	192.165	1.10748	28.516100	28.337675	0.001	
676.665	11100	2177.27	195.087	1.10748	28.516100	28.337675	0.001	
677.745	11247	2156.43	198.229	1.10748	28.516100	28.337675	0.001	
678.824	11430	2168.14	201.549	1.10748	28.516100	28.337675	0.001	
679.903	11608	2158.61	205.182	1.10748	28.516100	28.337675	0.001	
680.981	11783	2176.47	208.029	1.10748	28.516100	28.337675	0.001	
682.059	11949	2151.37	211.88	1.10748	28.516100	28.337675	0.001	
683.138	12170	2171.22	215.554	1.10748	28.516100	28.337675	0.001	
684.215	12358	2174.69	218.97	1.10748	28.516100	28.337675	0.001	
685.293	12569	2174.49	223.03	1.10748	28.516100	28.337675	0.001	
686.37	12716	2160.99	226.099	1.10748	28.516100	28.337675	0.001	
687.448	12939	2171.71	229.954	1.10748	28.516100	28.337675	0.001	
688.524	13154	2171.02	233.662	1.10748	28.516100	28.337675	0.001	
689.601	13356	2162.68	237.455	1.10748	28.516100	28.337675	0.001	
690.678	13568	2155.24	241.434	1.10748	28.516100	28.337675	0.001	
691.754	13800	2161.69	245.264	1.10748	28.516100	28.337675	0.001	
692.83	14008	2169.23	248.662	1.10748	28.516100	28.337675	0.001	
693.905	14233	2160.5	252.885	1.10748	28.516100	28.337675	0.001	
694.98	14427	2144.22	256.59	1.10748	28.516100	28.337675	0.001	
696.056	14705	2162.88	261.19	1.10748	28.516100	28.337675	0.001	
697.13	14906	2157.82	264.333	1.10748	28.516100	28.337675	0.001	
698.205	15177	2169.63	269.099	1.10748	28.516100	28.337675	0.001	
699.279	15394	2154.84	272.964	1.10748	28.516100	28.337675	0.001	
700.353	15643	2168.54	277.187	1.10748	28.516100	28.337675	0.001	
701.427	15889	2162.18	281.119	1.10748	28.516100	28.337675	0.001	
702.501	16162	2155.44	285.736	1.10748	28.516100	28.337675	0.001	
703.574	16426	2164.17	290.104	1.10748	28.516100	28.337675	0.001	
704.647	16742	2176.97	295.098	1.10748	28.516100	28.337675	0.001	
705.719	16971	2156.33	298.828	1.10748	28.516100	28.337675	0.001	
706.792	17284	2161.79	303.703	1.10748	28.516100	28.337675	0.001	
707.864	17547	2168.54	307.76	1.10748	28.516100	28.337675	0.001	
708.936	17847	2168.93	312.675	1.10748	28.516100	28.337675	0.001	
710.007	18101	2167.44	316.735	1.10748	28.516100	28.337675	0.001	
711.079	18391	2165.36	321.771	1.10748	28.516100	28.337675	0.001	
712.15	18685	2164.96	326.618	1.10748	28.516100	28.337675	0.001	
713.221	18975	2162.68	331.402	1.10748	28.516100	28.337675	0.001	
714.291	19265	2162.38	335.872	1.10748	28.516100	28.337675	0.001	
715.361	19583	2172.6	341.132	1.10748	28.516100	28.337675	0.001	
716.431	19902	2156.33	346.575	1.10748	28.516100	28.337675	0.001	
717.501	20189	2167.15	350.956	1.10748	28.516100	28.337675	0.001	
718.57	20499	2170.42	356.289	1.10748	28.516100	28.337675	0.001	
719.639	20815	2177.07	361.158	1.10748	28.516100	28.337675	0.001	
720.707	21100	2157.42	366.661	1.10748	28.516100	28.337675	0.001	
721.776	21430	2166.65	371.863	1.10748	28.516100	28.337675	0.001	
722.844	21698	2168.64	376.342	1.10748	28.516100	28.337675	0.001	
723.912	22026	2180.44	381.795	1.10748	28.516100	28.337675	0.001	
724.979	22312	2165.36	387.384	1.10748	28.516100	28.337675	0.001	
726.046	22589	2175.58	391.982	1.10748	28.516100	28.337675	0.001	
727.113	22882	2174.79	397.659	1.10748	28.516100	28.337675	0.001	
728.18	23129	2177.07	403.331	1.10748	28.516100	28.337675	0.001	
729.246	23387	2157.32	409.021	1.10748	28.516100	28.337675	0.001	
730.312	23625	2166.65	414.71	1.10748	28.516100	28.337675	0.001	
731.378	23875	2155.34	420.59	1.10748	28.516100	28.337675	0.001	
732.443	24120	2169.13	426.433	1.10748	28.516100	28.337675	0.001	
733.508	24338	2159.31	432.071	1.10748	28.516100	28.337675	0.001	
734.573	24583	2174.19	437.929	1.10748	28.516100	28.337675	0.001	
735.637	24800	2169.53	444.116	1.10748	28.516100	28.337675	0.001	
736.701	25025	2179.45	450.515	1.10748	28.516100	28.337675	0.001	
737.765	25196	2164.77	455.963	1.10748	28.516100	28.337675	0.001	
738.829	25385	2173.99	461.794	1.10748	28.516100	28.337675	0.001	
739.892	25567	2170.12	468.164	1.10748	28.516100	28.337675	0.001	
740.955	25734	2177.27	474.031	1.10748	28.516100	28.337675	0.001	
742.017	25876	2155.83	480.187	1.10748	28.516100	28.337675	0.001	
743.079	26003	2170.22	485.601	1.10748	28.516100	28.337675	0.001	
744.141	26154	2166.15	492.333	1.10748	28.516100	28.337675	0.001	
745.202	26282	2173.8	498.644	1.10748	28.516100	28.337675	0.001	
746.264	26431	2162.09	505.704	1.10748	28.516100	28.337675	0.001	
747.324	26587	2176.38	512.21	1.10748	28.516100	28.337675	0.001	
748.385	26706	2167.44	518.629	1.10748	28.516100	28.337675	0.001	
749.445	26821	2158.51	525.667	1.10748	28.516100	28.337675	0.001	
750.505	26956	2175.88	532.005	1.10748	28.516100	28.337675	0.001	
751.564	27094	2173.3	539.293	1.10748	28.516100	28.337675	0.001	
752.623	27218	2162.28	546.002	1.10748	28.516100	28.337675	0.001	
753.682	27368	2169.93	553.588	1.10748	28.516100	28.337675	0.001	
754.741	27487	2168.14	560.27	1.10748	28.516100	28.337675	0.001	
755.799	27602	2169.83	567.073	1.10748	28.516100	28.337675	0.001	
756.857	27769	2163.67	574.281	1.10748	28.516100	28.337675	0.001	
757.914	27893	2168.54	581.082	1.10748	28.516100	28.337675	0.001	
758.971	28037	2173.7	588.059	1.10748	28.516100	28.337675	0.001	
760.028	28153	2163.87	594.978	1.10748	28.516100	28.337675	0.001	
761.084	28290	2175.48	602.09	1.10748	28.516100	28.337675	0.001	
762.14	28408	2162.28	609.562	1.10748	28.516100	28.337675	0.001	
763.196	28499	2174.89	617.127	1.10748	28.516100	28.337675	0.001	
764.251	28581	2161.69	624.11	1.10748	28.516100	28.337675	0.001	
765.306	28714	2170.12	632.012	1.10748	28.516100	28.337675	0.001	
766.36	28827	2171.12	639.763	1.10748	28.516100	28.337675	0.001	
767.415	28936	2158.31	647.344	1.10748	28.516100	28.337675	0.001	
768.468	29052	2172.51	655.169	1.10748	28.516100	28.337675	0.001	
769.522	29171	2153.95	662.975	1.10748	28.516100	28.337675	0.001	
770.575	29333	2167.44	671.717	1.10748	28.516100	28.337675	0.001	
771.628	29421	2165.06	679.093	1.10748	28.516100	28.337675	0.001	
772.68	29563	2179.55	687.564	1.10748	28.516100	28.337675	0.001	
773.732	29644	2157.32	695.528	1.10748	28.516100	28.337675	0.001	
774.784	29799	2173.89	704.277	1.10748	28.516100	28.337675	0.001	
775.835	29862	2167.84	711.672	1.10748	28.516100	28.337675	0.001	
776.886	29963	2171.41	719.727	1.10748	28.516100	28.337675	0.001	
777.936	30077	2167.54	727.676	1.10748	28.516100	28.337675	0.001	
778.986	30248	2178.96	736.41	1.10748	28.516100	28.337675	0.001	
780.036	30296	2158.81	743.688	1.10748	28.516100	28.337675	0.001	
781.086	30333	2158.81	751.757	1.10748	28.516100	28.337675	0.001	
782.135	30391	2158.51	760.351	1.10748	28.516100	28.337675	0.001	
783.183	30441	2174.49	768.917	1.10748	28.516100	28.337675	0.001	
784.231	30481	2156.63	777.913	1.10748	28.516100	28.337675	0.001	
785.279	30492	2170.82	786.806	1.10748	28.516100	28.337675	0.001	
786.327	30573	2151.77	796.211	1.10748	28.516100	28.337675	0.001	
787.374	30617	2168.14	805.115	1.10748	28.516100	28.337675	0.001	
788.42	30633	2160.2	814.057	1.10748	28.516100	28.337675	0.001	
789.466	30690	2166.35	823.704	1.10748	28.516100	28.337675	0.001	
790.512	30713	2165.46	833.16	1.10748	28.516100	28.337675	0.001	
791.558	30745	2166.85	841.333	1.10748	28.516100	28.337675	0.001	
792.603	30773	2169.13	851.536	1.10748	28.516100	28.337675	0.001	
793.648	30830	2169.23	860.584	1.10748	28.516100	28.337675	0.001	
794.692	30849	2170.02	870.296	1.10748	28.516100	28.337675	0.001	
795.736	30848	2163.97	879.401	1.10748	28.516100	28.337675	0.001	
796.779	30917	2162.98	888.872	1.10748	28.516100	28.337675	0.001	
797.822	30894	2184.02	897.398	1.10748	28.516100	28.337675	0.001	
798.865	30905	2167.54	907.274	1.10748	28.516100	28.337675	0.001	
799.907	30903	2153.85	916.798	1.10748	28.516100	28.337675	0.001	
800.949	30889	2163.18	925.776	1.10748	28.516100	28.337675	0.001	
801.99	30859	2168.44	934.055	1.10748	28.516100	28.337675	0.001	
803.031	30834	2154.54	944.409	1.10748	28.516100	28.337675	0.001	
804.072	30835	2173.8	954.244	1.10748	28.516100	28.337675	0.001	
805.112	30825	2163.48	965.19	1.10748	28.516100	28.337675	0.001	
806.152	30842	2174.09	975.063	1.10748	28.516100	28.337675	0.001	
807.191	30809	2175.98	984.741	1.10748	28.516100	28.337675	0.001	
808.23	30836	2167.15	996.37	1.10748	28.516100	28.337675	0.001	
809.268	30822	2155.04	1006.48	1.10748	28.516100	28.337675	0.001	
810.307	30872	2157.12	1017.97	1.10748	28.516100	28.337675	0.001	
811.344	30898	2158.91	1027.99	1.10748	28.516100	28.337675	0.001	
812.381	30908	2173.7	1038.13	1.10748	28.516100	28.337675	0.001	
813.418	30938	2163.57	1049.04	1.10748	28.516100	28.337675	0.001	
814.454	30944	2172.31	1059.28	1.10748	28.516100	28.337675	0.001	
815.49	30928	2162.18	1069.38	1.10748	28.516100	28.337675	0.001	
816.526	30981	2167.64	1080.76	1.10748	28.516100	28.337675	0.001	
817.561	30960	2164.77	1090.78	1.10748	28.516100	28.337675	0.001	
818.596	30982	2174.19	1101.59	1.10748	28.516100	28.337675	0.001	
819.63	30976	2164.47	1112.16	1.10748	28.516100	28.337675	0.001	
820.664	31042	2176.97	1123.11	1.10748	28.516100	28.337675	0.001	
821.697	31005	2172.01	1133.03	1.10748	28.516100	28.337675	0.001	
822.73	31033	2180.44	1144.11	1.10748	28.516100	28.337675	0.001	
823.762	30999	2176.77	1153.94	1.10748	28.516100	28.337675	0.001	
824.794	30996	2175.98	1165.38	1.10748	28.516100	28.337675	0.001	
825.826	30997	2166.95	1177.13	1.10748	28.516100	28.337675	0.001	
826.857	30962	2181.44	1188.58	1.10748	28.516100	28.337675	0.001	
827.887	31000	2166.95	1200.57	1.10748	28.516100	28.337675	0.001	
828.918	31003	2179.65	1211.71	1.10748	28.516100	28.337675	0.001	
829.947	31002	2168.04	1224.37	1.10748	28.516100	28.337675	0.001	
830.977	31041	2169.33	1236.45	1.10748	28.516100	28.337675	0.001	
832.005	31044	2169.13	1247.27	1.10748	28.516100	28.337675	0.001	
833.034	31092	2170.62	1260.1	1.10748	28.516100	28.337675	0.001	
834.062	31049	2175.28	1270.45	1.10748	28.516100	28.337675	0.001	
835.089	31081	2164.37	1283.79	1.10748	28.516100	28.337675	0.001	
836.116	31119	2167.05	1294.9	1.10748	28.516100	28.337675	0.001	
837.143	31177	2172.51	1306.36	1.10748	28.516100	28.337675	0.001	
838.169	31234	2174.09	1318.29	1.10748	28.516100	28.337675	0.001	
839.194	31289	2167.35	1330.69	1.10748	28.516100	28.337675	0.001	
840.22	31329	2160.1	1343.96	1.10748	28.516100	28.337675	0.001	
841.244	31388	2167.35	1355.26	1.10748	28.516100	28.337675	0.001	
842.268	31430	2163.67	1368.38	1.10748	28.516100	28.337675	0.001	
843.292	31485	2179.25	1379.24	1.10748	28.516100	28.337675	0.001	
844.315	31516	2164.67	1391.78	1.10748	28.516100	28.337675	0.001	
845.338	31561	2177.57	1403.59	1.10748	28.516100	28.337675	0.001	
846.36	31583	2161.99	1417.29	1.10748	28.516100	28.337675	0.001	
847.382	31618	2165.26	1428.64	1.10748	28.516100	28.337675	0.001	
848.404	31592	2170.42	1439.95	1.10748	28.516100	28.337675	0.001	
849.425	31629	2174.59	1452.32	1.10748	28.516100	28.337675	0.001	
850.445	31651	2168.54	1466	1.10748	28.516100	28.337675	0.001	
851.465	31704	2180.44	1479.05	1.10748	28.516100	28.337675	0.001	
852.484	31757	2164.47	1492.96	1.10748	28.516100	28.337675	0.001	
853.503	31811	2160.3	1507.45	1.10748	28.516100	28.337675	0.001	
854.522	31861	2157.02	1519.91	1.10748	28.516100	28.337675	0.001	
855.54	31930	2175.38	1533.38	1.10748	28.516100	28.337675	0.001	
856.557	31991	2175.09	1546.57	1.10748	28.516100	28.337675	0.001	
857.574	32079	2168.34	1560.6	1.10748	28.516100	28.337675	0.001	
858.591	32116	2164.07	1571.62	1.10748	28.516100	28.337675	0.001	
859.607	32192	2164.86	1585.93	1.10748	28.516100	28.337675	0.001	
860.622	32237	2171.61	1597.92	1.10748	28.516100	28.337675	0.001	
861.637	32319	2163.57	1612.25	1.10748	28.516100	28.337675	0.001	
862.652	32381	2164.07	1627.08	1.10748	28.516100	28.337675	0.001	
863.666	32461	2167.84	1639.35	1.10748	28.516100	28.337675	0.001	
864.679	32483	2155.54	1652.43	1.10748	28.516100	28.337675	0.001	
865.692	32543	2163.48	1665.16	1.10748	28.516100	28.337675	0.001	
866.705	32572	2151.47	1678.87	1.10748	28.516100	28.337675	0.001	
867.717	32598	2157.12	1691.83	1.10748	28.516100	28.337675	0.001	
868.728	32620	2162.78	1705.65	1.10748	28.516100	28.337675	0.001	
869.739	32685	2155.93	1721.58	1.10748	28.516100	28.337675	0.001	
870.75	32691	2175.09	1732.89	1.10748	28.516100	28.337675	0.001	
871.76	32714	2157.12	1747.47	1.10748	28.516100	28.337675	0.001	
872.769	32723	2155.54	1760.1	1.10748	28.516100	28.337675	0.001	
873.778	32735	2158.61	1774.72	1.10748	28.516100	28.337675	0.001	
874.786	32749	2158.91	1788.31	1.10748	28.516100	28.337675	0.001	
875.794	32786	2167.94	1802.71	1.10748	28.516100	28.337675	0.001	
876.802	32824	2183.22	1818.71	1.10748	28.516100	28.337675	0.001	
877.809	32808	2170.72	1832.89	1.10748	28.516100	28.337675	0.001	
878.815	32848	2176.57	1848.24	1.10748	28.516100	28.337675	0.001	
879.821	32837	2163.87	1863.48	1.10748	28.516100	28.337675	0.001	
880.826	32901	2174.89	1878.29	1.10748	28.516100	28.337675	0.001	
881.831	32906	2174.29	1892.9	1.10748	28.516100	28.337675	0.001	
882.835	32905	2167.64	1907.36	1.10748	28.516100	28.337675	0.001	
883.839	32884	2165.96	1921.5	1.10748	28.516100	28.337675	0.001	
884.842	32895	2162.09	1935.67	1.10748	28.516100	28.337675	0.001	
885.844	32931	2167.54	1950.02	1.10748	28.516100	28.337675	0.001	
886.847	32951	2169.73	1965.07	1.10748	28.516100	28.337675	0.001	
887.848	32926	2166.35	1980.2	1.10748	28.516100	28.337675	0.001	
888.849	32892	2161.59	1995.67	1.10748	28.516100	28.337675	0.001	
889.85	32829	2165.06	2008.75	1.10748	28.516100	28.337675	0.001	
890.85	32797	2157.12	2026.02	1.10748	28.516100	28.337675	0.001	
891.849	32741	2156.73	2040.47	1.10748	28.516100	28.337675	0.001	
892.848	32732	2164.86	2055.18	1.10748	28.516100	28.337675	0.001	
893.846	32739	2167.74	2069	1.10748	28.516100	28.337675	0.001	
894.844	32719	2150.38	2084.57	1.10748	28.516100	28.337675	0.001	
895.841	32689	2165.26	2098.68	1.10748	28.516100	28.337675	0.001	
896.838	32645	2156.63	2112.93	1.10748	28.516100	28.337675	0.001	
897.834	32612	2160.3	2127.52	1.10748	28.516100	28.337675	0.001	
898.83	32529	2144.72	2142.42	1.10748	28.516100	28.337675	0.001	
899.825	32474	2167.84	2156.54	1.10748	28.516100	28.337675	0.001	
900.819	32411	2147	2171.65	1.10748	28.516100	28.337675	0.001	
901.813	32392	2163.38	2186.39	1.10748	28.516100	28.337675	0.001	
902.807	32341	2168.64	2203.81	1.10748	28.516100	28.337675	0.001	
903.799	32318	2165.16	2220.38	1.10748	28.516100	28.337675	0.001	
904.792	32225	2160.9	2236.38	1.10748	28.516100	28.337675	0.001	
905.783	32184	2170.32	2250.63	1.10748	28.516100	28.337675	0.001	
906.775	32173	2163.57	2270.31	1.10748	28.516100	28.337675	0.001	
907.765	32144	2180.94	2286.37	1.10748	28.516100	28.337675	0.001	
908.755	32096	2168.24	2302.04	1.10748	28.516100	28.337675	0.001	
909.745	32063	2172.31	2318.18	1.10748	28.516100	28.337675	0.001	
910.733	32043	2156.23	2336.35	1.10748	28.516100	28.337675	0.001	
911.722	31978	2169.33	2350	1.10748	28.516100	28.337675	0.001	
912.71	31954	2165.16	2367.55	1.10748	28.516100	28.337675	0.001	
913.697	31930	2172.01	2383.47	1.10748	28.516100	28.337675	0.001	
914.683	31881	2159.9	2397.56	1.10748	28.516100	28.337675	0.001	
915.669	31829	2150.97	2414.88	1.10748	28.516100	28.337675	0.001	
916.655	31757	2164.07	2430.54	1.10748	28.516100	28.337675	0.001	
917.64	31688	2165.06	2445.47	1.10748	28.516100	28.337675	0.001	
918.624	31574	2157.12	2459.45	1.10748	28.516100	28.337675	0.001	
919.608	31498	2163.87	2475.64	1.10748	28.516100	28.337675	0.001	
920.591	31375	2160	2490.37	1.10748	28.516100	28.337675	0.001	
921.573	31277	2176.67	2506.3	1.10748	28.516100	28.337675	0.001	
922.555	31203	2148.79	2524.67	1.10748	28.516100	28.337675	0.001	
923.537	31053	2155.93	2539.23	1.10748	28.516100	28.337675	0.001	
924.517	30925	2168.64	2554.13	1.10748	28.516100	28.337675	0.001	
925.498	30795	2161.49	2571.18	1.10748	28.516100	28.337675	0.001	
926.477	30669	2169.73	2585.03	1.10748	28.516100	28.337675	0.001	
927.456	30523	2157.12	2602.58	1.10748	28.516100	28.337675	0.001	
928.435	30394	2171.22	2617.51	1.10748	28.516100	28.337675	0.001	
929.412	30249	2161.29	2635.02	1.10748	28.516100	28.337675	0.001	
930.39	30114	2169.53	2653.1	1.10748	28.516100	28.337675	0.001	
931.366	29979	2168.14	2669.05	1.10748	28.516100	28.337675	0.001	
932.342	29833	2159.41	2688.98	1.10748	28.516100	28.337675	0.001	
933.318	29684	2168.34	2705.25	1.10748	28.516100	28.337675	0.001	
934.293	29547	2167.54	2723.15	1.10748	28.516100	28.337675	0.001	
935.267	29374	2163.38	2741.22	1.10748	28.516100	28.337675	0.001	
936.24	29238	2145.22	2763.96	1.10748	28.516100	28.337675	0.001	
937.213	29054	2173.89	2777.07	1.10748	28.516100	28.337675	0.001	
938.186	28853	2159.11	2794.11	1.10748	28.516100	28.337675	0.001	
939.158	28716	2180.94	2809.79	1.10748	28.516100	28.337675	0.001	
940.129	28498	2158.31	2825.53	1.10748	28.516100	28.337675	0.001	
941.099	28344	2170.32	2844.35	1.10748	28.516100	28.337675	0.001	
942.069	28147	2166.85	2861.44	1.10748	28.516100	28.337675	0.001	
943.039	27972	2163.57	2878.92	1.10748	28.516100	28.337675	0.001	
944.007	27787	2150.28	2894.72	1.10748	28.516100	28.337675	0.001	
944.975	27656	2179.55	2911.39	1.10748	28.516100	28.337675	0.001	
945.943	27456	2174.39	2923.91	1.10748	28.516100	28.337675	0.001	
946.91	27309	2169.33	2940.84	1.10748	28.516100	28.337675	0.001	
947.876	27147	2153.15	2958.72	1.10748	28.516100	28.337675	0.001	
948.842	27012	2164.17	2975.22	1.10748	28.516100	28.337675	0.001	
949.807	26866	2170.52	2992.69	1.10748	28.516100	28.337675	0.001	
950.771	26721	2170.62	3010.36	1.10748	28.516100	28.337675	0.001	
951.735	26557	2157.42	3025.41	1.10748	28.516100	28.337675	0.001	
952.698	26414	2187.09	3039.97	1.10748	28.516100	28.337675	0.001	
953.66	26221	2161.39	3057.4	1.10748	28.516100	28.337675	0.001	
954.622	26049	2164.57	3072.82	1.10748	28.516100	28.337675	0.001	
955.584	25868	2165.06	3089.09	1.10748	28.516100	28.337675	0.001	
956.544	25691	2168.73	3106.2	1.10748	28.516100	28.337675	0.001	
957.504	25489	2157.82	3122.44	1.10748	28.516100	28.337675	0.001	
958.463	25308	2178.86	3136.94	1.10748	28.516100	28.337675	0.001	
959.422	25084	2158.22	3154.67	1.10748	28.516100	28.337675	0.001	
960.38	24892	2164.17	3172.76	1.10748	28.516100	28.337675	0.001	
961.338	24676	2169.93	3191.07	1.10748	28.516100	28.337675	0.001	
962.294	24459	2162.68	3210.38	1.10748	28.516100	28.337675	0.001	
963.25	24254	2152.16	3228.32	1.10748	28.516100	28.337675	0.001	
964.206	24066	2170.42	3247.65	1.10748	28.516100	28.337675	0.001	
965.161	23860	2161.19	3266.88	1.10748	28.516100	28.337675	0.001	
966.115	23664	2165.46	3288.94	1.10748	28.516100	28.337675	0.001	
