452.692	2220	2131.53	857.154	1.10748	27.971439	28.337675	0.001	
453.787	2251	2163.2	4.42869	1.10748	27.971439	28.337675	0.001	
454.882	2230	2153.37	-2.56105	1.10748	27.971439	28.337675	0.001	
455.977	2245	2174.71	-122.511	1.10748	27.971439	28.337675	0.001	
457.072	2235	2140.07	3.34214	1.10748	27.971439	28.337675	0.001	
458.167	2256	2179.87	-47.5893	1.10748	27.971439	28.337675	0.001	
459.263	2236	2154.36	-0.681682	1.10748	27.971439	28.337675	0.001	
460.358	2255	2167.96	1.93711	1.10748	27.971439	28.337675	0.001	
461.453	2253	2159.52	9.92463	1.10748	27.971439	28.337675	0.001	
462.549	2240	2158.04	-1.33703	1.10748	27.971439	28.337675	0.001	
463.644	2239	2149.7	29.7173	1.10748	27.971439	28.337675	0.001	
464.74	2234	2159.72	-2.51406	1.10748	27.971439	28.337675	0.001	
465.835	2254	2160.81	24.8354	1.10748	27.971439	28.337675	0.001	
466.931	2234	2163.3	-12.2484	1.10748	27.971439	28.337675	0.001	
468.027	2230	2144.44	18.3665	1.10748	27.971439	28.337675	0.001	
469.123	2255	2169.75	0.717444	1.10748	27.971439	28.337675	0.001	
470.219	2232	2144.83	3.20692	1.10748	27.971439	28.337675	0.001	
471.315	2241	2156.45	0.774796	1.10748	27.971439	28.337675	0.001	
472.411	2240	2149.7	6.38605	1.10748	27.971439	28.337675	0.001	
473.507	2251	2169.25	-1.86806	1.10748	27.971439	28.337675	0.001	
474.603	2242	2149	4.16719	1.10748	27.971439	28.337675	0.001	
475.699	2254	2158.13	-76.2871	1.10748	27.971439	28.337675	0.001	
476.795	2240	2160.91	-2.48485	1.10748	27.971439	28.337675	0.001	
477.892	2262	2167.46	10.8667	1.10748	27.971439	28.337675	0.001	
478.988	2244	2161.11	-0.355405	1.10748	27.971439	28.337675	0.001	
480.084	2245	2159.03	1.7038	1.10748	27.971439	28.337675	0.001	
481.181	2247	2162.2	0.593494	1.10748	27.971439	28.337675	0.001	
482.277	2265	2167.76	29.1936	1.10748	27.971439	28.337675	0.001	
483.374	2232	2152.08	-1.11374	1.10748	27.971439	28.337675	0.001	
484.47	2257	2160.91	34.9987	1.10748	27.971439	28.337675	0.001	
485.567	2249	2156.74	4.23918	1.10748	27.971439	28.337675	0.001	
486.663	2249	2172.43	-2.32713	1.10748	27.971439	28.337675	0.001	
487.76	2262	2158.83	15.2984	1.10748	27.971439	28.337675	0.001	
488.857	2253	2171.73	-2.02839	1.10748	27.971439	28.337675	0.001	
489.954	2238	2151.58	1.15135	1.10748	27.971439	28.337675	0.001	
491.05	2256	2158.63	5.4156	1.10748	27.971439	28.337675	0.001	
492.147	2249	2152.38	5.58666	1.10748	27.971439	28.337675	0.001	
493.244	2256	2161.71	3.16289	1.10748	27.971439	28.337675	0.001	
494.341	2266	2162.7	5.16515	1.10748	27.971439	28.337675	0.001	
495.438	2263	2176	0.863993	1.10748	27.971439	28.337675	0.001	
496.535	2257	2148.8	7.06177	1.10748	27.971439	28.337675	0.001	
497.632	2259	2160.72	3.39331	1.10748	27.971439	28.337675	0.001	
498.729	2268	2160.81	4.94492	1.10748	27.971439	28.337675	0.001	
499.825	2267	2160.72	4.21104	1.10748	27.971439	28.337675	0.001	
500.922	2269	2159.03	3.82412	1.10748	27.971439	28.337675	0.001	
502.019	2284	2165.28	5.84649	1.10748	27.971439	28.337675	0.001	
503.117	2269	2157.74	4.07643	1.10748	27.971439	28.337675	0.001	
504.214	2275	2153.87	5.3176	1.10748	27.971439	28.337675	0.001	
505.311	2277	2149.2	5.98994	1.10748	27.971439	28.337675	0.001	
506.408	2285	2162.4	5.04907	1.10748	27.971439	28.337675	0.001	
507.505	2292	2164.69	4.93884	1.10748	27.971439	28.337675	0.001	
508.602	2291	2152.68	6.70189	1.10748	27.971439	28.337675	0.001	
509.699	2305	2156.84	6.85549	1.10748	27.971439	28.337675	0.001	
510.796	2312	2155.45	7.69737	1.10748	27.971439	28.337675	0.001	
511.893	2319	2161.31	6.89408	1.10748	27.971439	28.337675	0.001	
512.99	2345	2175.5	7.54287	1.10748	27.971439	28.337675	0.001	
514.087	2323	2154.16	7.1593	1.10748	27.971439	28.337675	0.001	
515.184	2331	2163	7.05929	1.10748	27.971439	28.337675	0.001	
516.281	2342	2155.06	7.11621	1.10748	27.971439	28.337675	0.001	
517.378	2352	2164.49	7.616	1.10748	27.971439	28.337675	0.001	
518.475	2351	2158.63	7.38103	1.10748	27.971439	28.337675	0.001	
519.573	2381	2163.99	9.11484	1.10748	27.971439	28.337675	0.001	
520.67	2361	2154.46	7.7719	1.10748	27.971439	28.337675	0.001	
521.767	2383	2164.98	8.29977	1.10748	27.971439	28.337675	0.001	
522.864	2390	2164.69	8.76969	1.10748	27.971439	28.337675	0.001	
523.961	2418	2171.53	9.69423	1.10748	27.971439	28.337675	0.001	
525.058	2400	2151.98	9.4945	1.10748	27.971439	28.337675	0.001	
526.155	2434	2174.31	9.64506	1.10748	27.971439	28.337675	0.001	
527.252	2432	2154.86	10.0419	1.10748	27.971439	28.337675	0.001	
528.348	2470	2171.63	11.0524	1.10748	27.971439	28.337675	0.001	
529.445	2460	2155.55	10.8062	1.10748	27.971439	28.337675	0.001	
530.542	2466	2147.51	11.2364	1.10748	27.971439	28.337675	0.001	
531.639	2477	2154.56	11.0202	1.10748	27.971439	28.337675	0.001	
532.736	2525	2173.62	12.1312	1.10748	27.971439	28.337675	0.001	
533.833	2509	2158.53	11.7451	1.10748	27.971439	28.337675	0.001	
534.929	2549	2165.88	12.6901	1.10748	27.971439	28.337675	0.001	
536.026	2540	2139.47	13.189	1.10748	27.971439	28.337675	0.001	
537.123	2583	2164.39	13.4775	1.10748	27.971439	28.337675	0.001	
538.22	2580	2148.41	13.7351	1.10748	27.971439	28.337675	0.001	
539.316	2627	2166.17	14.4614	1.10748	27.971439	28.337675	0.001	
540.413	2634	2160.72	14.6335	1.10748	27.971439	28.337675	0.001	
541.509	2660	2158.23	15.1781	1.10748	27.971439	28.337675	0.001	
542.606	2680	2144.24	15.9949	1.10748	27.971439	28.337675	0.001	
543.702	2713	2165.28	15.865	1.10748	27.971439	28.337675	0.001	
544.799	2735	2142.75	17.1259	1.10748	27.971439	28.337675	0.001	
545.895	2765	2161.71	17.0749	1.10748	27.971439	28.337675	0.001	
546.991	2786	2153.47	17.701	1.10748	27.971439	28.337675	0.001	
548.088	2824	2163.99	18.2178	1.10748	27.971439	28.337675	0.001	
549.184	2843	2150.09	18.8945	1.10748	27.971439	28.337675	0.001	
550.28	2873	2151.68	19.2678	1.10748	27.971439	28.337675	0.001	
551.376	2900	2148.01	19.8421	1.10748	27.971439	28.337675	0.001	
552.472	2954	2164.88	20.4426	1.10748	27.971439	28.337675	0.001	
553.568	2967	2156.15	20.6511	1.10748	27.971439	28.337675	0.001	
554.664	3020	2168.46	21.4739	1.10748	27.971439	28.337675	0.001	
555.76	3049	2156.94	22.2148	1.10748	27.971439	28.337675	0.001	
556.856	3084	2166.27	22.5815	1.10748	27.971439	28.337675	0.001	
557.952	3112	2153.37	23.3879	1.10748	27.971439	28.337675	0.001	
559.047	3162	2171.53	23.7991	1.10748	27.971439	28.337675	0.001	
560.143	3194	2153.77	24.7547	1.10748	27.971439	28.337675	0.001	
561.239	3223	2139.47	25.6754	1.10748	27.971439	28.337675	0.001	
562.334	3267	2145.93	26.3411	1.10748	27.971439	28.337675	0.001	
563.43	3328	2156.74	27.1876	1.10748	27.971439	28.337675	0.001	
564.525	3347	2159.82	27.217	1.10748	27.971439	28.337675	0.001	
565.62	3394	2161.81	28.2152	1.10748	27.971439	28.337675	0.001	
566.715	3430	2144.54	29.1492	1.10748	27.971439	28.337675	0.001	
567.811	3480	2169.65	29.6334	1.10748	27.971439	28.337675	0.001	
568.906	3515	2145.33	30.7431	1.10748	27.971439	28.337675	0.001	
570.001	3562	2162.4	31.22	1.10748	27.971439	28.337675	0.001	
571.095	3597	2137.19	32.535	1.10748	27.971439	28.337675	0.001	
572.19	3656	2157.74	33.354	1.10748	27.971439	28.337675	0.001	
573.285	3687	2144.93	34.2251	1.10748	27.971439	28.337675	0.001	
574.38	3738	2161.91	34.8269	1.10748	27.971439	28.337675	0.001	
575.474	3777	2140.96	36.1067	1.10748	27.971439	28.337675	0.001	
576.569	3817	2147.02	36.7867	1.10748	27.971439	28.337675	0.001	
577.663	3860	2144.54	37.7662	1.10748	27.971439	28.337675	0.001	
578.757	3903	2149.6	38.6369	1.10748	27.971439	28.337675	0.001	
579.851	3946	2145.93	39.5649	1.10748	27.971439	28.337675	0.001	
580.945	4008	2169.15	40.4901	1.10748	27.971439	28.337675	0.001	
582.039	4024	2141.26	41.5041	1.10748	27.971439	28.337675	0.001	
583.133	4079	2151.68	42.6409	1.10748	27.971439	28.337675	0.001	
584.227	4109	2133.62	43.9562	1.10748	27.971439	28.337675	0.001	
585.321	4138	2148.21	44.2994	1.10748	27.971439	28.337675	0.001	
586.414	4203	2144.83	46.0861	1.10748	27.971439	28.337675	0.001	
587.508	4237	2160.22	46.712	1.10748	27.971439	28.337675	0.001	
588.601	4270	2148.9	47.9416	1.10748	27.971439	28.337675	0.001	
589.694	4316	2144.83	49.3138	1.10748	27.971439	28.337675	0.001	
590.787	4353	2144.93	50.59	1.10748	27.971439	28.337675	0.001	
591.881	4399	2157.14	51.3929	1.10748	27.971439	28.337675	0.001	
592.973	4440	2147.12	52.8626	1.10748	27.971439	28.337675	0.001	
594.066	4486	2148.8	54.1363	1.10748	27.971439	28.337675	0.001	
595.159	4532	2158.23	55.3092	1.10748	27.971439	28.337675	0.001	
596.251	4559	2156.35	56.3174	1.10748	27.971439	28.337675	0.001	
597.344	4619	2156.65	57.9563	1.10748	27.971439	28.337675	0.001	
598.436	4684	2166.47	59.5725	1.10748	27.971439	28.337675	0.001	
599.528	4703	2151.19	60.7115	1.10748	27.971439	28.337675	0.001	
600.621	4765	2155.26	62.1639	1.10748	27.971439	28.337675	0.001	
601.713	4816	2158.53	63.4881	1.10748	27.971439	28.337675	0.001	
602.804	4861	2153.67	64.7516	1.10748	27.971439	28.337675	0.001	
603.896	4902	2150.29	66.2436	1.10748	27.971439	28.337675	0.001	
604.988	4958	2152.87	67.5717	1.10748	27.971439	28.337675	0.001	
606.079	5019	2155.55	69.1183	1.10748	27.971439	28.337675	0.001	
607.17	5094	2161.71	70.8884	1.10748	27.971439	28.337675	0.001	
608.262	5132	2143.64	72.5202	1.10748	27.971439	28.337675	0.001	
609.353	5229	2154.66	74.4819	1.10748	27.971439	28.337675	0.001	
610.443	5269	2153.97	75.474	1.10748	27.971439	28.337675	0.001	
611.534	5354	2162.5	77.3465	1.10748	27.971439	28.337675	0.001	
612.625	5399	2149.8	78.7385	1.10748	27.971439	28.337675	0.001	
613.715	5468	2156.25	80.183	1.10748	27.971439	28.337675	0.001	
614.806	5561	2161.81	82.1248	1.10748	27.971439	28.337675	0.001	
615.896	5646	2171.93	84.0581	1.10748	27.971439	28.337675	0.001	
616.986	5710	2157.94	85.7406	1.10748	27.971439	28.337675	0.001	
618.076	5799	2160.81	87.9459	1.10748	27.971439	28.337675	0.001	
619.165	5876	2163.99	89.4083	1.10748	27.971439	28.337675	0.001	
620.255	5954	2171.14	90.9646	1.10748	27.971439	28.337675	0.001	
621.344	6054	2153.47	93.5001	1.10748	27.971439	28.337675	0.001	
622.434	6133	2157.04	95.1606	1.10748	27.971439	28.337675	0.001	
623.523	6224	2155.85	97.2096	1.10748	27.971439	28.337675	0.001	
624.612	6329	2160.62	99.5083	1.10748	27.971439	28.337675	0.001	
625.701	6407	2152.87	101.295	1.10748	27.971439	28.337675	0.001	
626.789	6519	2164.09	103.54	1.10748	27.971439	28.337675	0.001	
627.878	6592	2155.16	105.304	1.10748	27.971439	28.337675	0.001	
628.966	6714	2161.31	107.817	1.10748	27.971439	28.337675	0.001	
630.054	6785	2155.45	109.761	1.10748	27.971439	28.337675	0.001	
631.142	6914	2160.72	112.216	1.10748	27.971439	28.337675	0.001	
632.23	7016	2159.72	114.296	1.10748	27.971439	28.337675	0.001	
633.318	7115	2162.6	116.296	1.10748	27.971439	28.337675	0.001	
634.405	7226	2156.74	118.979	1.10748	27.971439	28.337675	0.001	
635.492	7344	2161.71	121.442	1.10748	27.971439	28.337675	0.001	
636.579	7455	2157.84	123.77	1.10748	27.971439	28.337675	0.001	
637.666	7551	2153.77	125.971	1.10748	27.971439	28.337675	0.001	
638.753	7667	2159.62	128.195	1.10748	27.971439	28.337675	0.001	
639.84	7796	2164.49	130.93	1.10748	27.971439	28.337675	0.001	
640.926	7895	2156.55	133.426	1.10748	27.971439	28.337675	0.001	
642.012	8032	2163.59	136.168	1.10748	27.971439	28.337675	0.001	
643.098	8129	2159.52	138.155	1.10748	27.971439	28.337675	0.001	
644.184	8282	2167.46	141.199	1.10748	27.971439	28.337675	0.001	
645.27	8411	2160.22	144.212	1.10748	27.971439	28.337675	0.001	
646.355	8546	2179.38	146.532	1.10748	27.971439	28.337675	0.001	
647.441	8654	2163.59	149.104	1.10748	27.971439	28.337675	0.001	
648.526	8803	2162.8	151.965	1.10748	27.971439	28.337675	0.001	
649.611	8909	2153.57	154.802	1.10748	27.971439	28.337675	0.001	
650.695	9055	2170.84	157.458	1.10748	27.971439	28.337675	0.001	
651.78	9184	2158.13	160.396	1.10748	27.971439	28.337675	0.001	
652.864	9336	2171.24	163.255	1.10748	27.971439	28.337675	0.001	
653.948	9483	2159.82	166.854	1.10748	27.971439	28.337675	0.001	
655.032	9620	2159.33	169.612	1.10748	27.971439	28.337675	0.001	
656.116	9782	2162.4	172.777	1.10748	27.971439	28.337675	0.001	
657.199	9928	2165.88	175.686	1.10748	27.971439	28.337675	0.001	
658.283	10059	2153.37	178.752	1.10748	27.971439	28.337675	0.001	
659.366	10236	2172.43	181.786	1.10748	27.971439	28.337675	0.001	
660.448	10373	2157.44	185.048	1.10748	27.971439	28.337675	0.001	
661.531	10564	2155.55	188.867	1.10748	27.971439	28.337675	0.001	
662.614	10708	2158.63	191.959	1.10748	27.971439	28.337675	0.001	
663.696	10889	2176.99	195.049	1.10748	27.971439	28.337675	0.001	
664.778	11044	2161.71	198.374	1.10748	27.971439	28.337675	0.001	
665.86	11196	2163	201.798	1.10748	27.971439	28.337675	0.001	
666.941	11379	2145.63	205.623	1.10748	27.971439	28.337675	0.001	
668.023	11562	2160.81	209.123	1.10748	27.971439	28.337675	0.001	
669.104	11741	2164.09	212.401	1.10748	27.971439	28.337675	0.001	
670.185	11925	2163.79	216.343	1.10748	27.971439	28.337675	0.001	
671.265	12081	2153.67	219.481	1.10748	27.971439	28.337675	0.001	
672.346	12287	2158.13	223.697	1.10748	27.971439	28.337675	0.001	
673.426	12453	2153.47	227.392	1.10748	27.971439	28.337675	0.001	
674.506	12665	2176.4	230.841	1.10748	27.971439	28.337675	0.001	
675.586	12814	2147.81	234.554	1.10748	27.971439	28.337675	0.001	
676.665	13048	2177.79	238.397	1.10748	27.971439	28.337675	0.001	
677.745	13237	2156.94	242.36	1.10748	27.971439	28.337675	0.001	
678.824	13452	2168.66	246.308	1.10748	27.971439	28.337675	0.001	
679.903	13668	2159.13	250.689	1.10748	27.971439	28.337675	0.001	
680.981	13884	2176.99	254.326	1.10748	27.971439	28.337675	0.001	
682.059	14082	2151.88	258.82	1.10748	27.971439	28.337675	0.001	
683.138	14319	2171.73	262.707	1.10748	27.971439	28.337675	0.001	
684.215	14552	2175.21	266.993	1.10748	27.971439	28.337675	0.001	
685.293	14793	2175.01	271.609	1.10748	27.971439	28.337675	0.001	
686.37	15000	2161.51	275.908	1.10748	27.971439	28.337675	0.001	
687.448	15251	2172.23	280.227	1.10748	27.971439	28.337675	0.001	
688.524	15496	2171.53	284.394	1.10748	27.971439	28.337675	0.001	
689.601	15747	2163.2	289.101	1.10748	27.971439	28.337675	0.001	
690.678	15990	2155.75	293.605	1.10748	27.971439	28.337675	0.001	
691.754	16261	2162.2	298.074	1.10748	27.971439	28.337675	0.001	
692.83	16521	2169.75	302.413	1.10748	27.971439	28.337675	0.001	
693.905	16801	2161.01	307.664	1.10748	27.971439	28.337675	0.001	
694.98	17038	2144.74	312.134	1.10748	27.971439	28.337675	0.001	
696.056	17317	2163.4	316.586	1.10748	27.971439	28.337675	0.001	
697.13	17585	2158.33	320.908	1.10748	27.971439	28.337675	0.001	
698.205	17914	2170.14	326.775	1.10748	27.971439	28.337675	0.001	
699.279	18165	2155.36	331.161	1.10748	27.971439	28.337675	0.001	
700.353	18472	2169.05	336.478	1.10748	27.971439	28.337675	0.001	
701.427	18793	2162.7	341.72	1.10748	27.971439	28.337675	0.001	
702.501	19088	2155.95	346.567	1.10748	27.971439	28.337675	0.001	
703.574	19410	2164.69	351.974	1.10748	27.971439	28.337675	0.001	
704.647	19753	2177.49	357.296	1.10748	27.971439	28.337675	0.001	
705.719	20087	2156.84	362.925	1.10748	27.971439	28.337675	0.001	
706.792	20399	2162.3	367.516	1.10748	27.971439	28.337675	0.001	
707.864	20747	2169.05	373.103	1.10748	27.971439	28.337675	0.001	
708.936	21052	2169.45	377.913	1.10748	27.971439	28.337675	0.001	
710.007	21407	2167.96	383.831	1.10748	27.971439	28.337675	0.001	
711.079	21722	2165.88	389.232	1.10748	27.971439	28.337675	0.001	
712.15	22081	2165.48	395.21	1.10748	27.971439	28.337675	0.001	
713.221	22411	2163.2	400.614	1.10748	27.971439	28.337675	0.001	
714.291	22770	2162.9	406.236	1.10748	27.971439	28.337675	0.001	
715.361	23151	2173.12	412.621	1.10748	27.971439	28.337675	0.001	
716.431	23512	2156.84	418.691	1.10748	27.971439	28.337675	0.001	
717.501	23870	2167.66	424.301	1.10748	27.971439	28.337675	0.001	
718.57	24216	2170.94	430.239	1.10748	27.971439	28.337675	0.001	
719.639	24602	2177.59	436.285	1.10748	27.971439	28.337675	0.001	
720.707	24955	2157.94	443.07	1.10748	27.971439	28.337675	0.001	
721.776	25313	2167.17	448.637	1.10748	27.971439	28.337675	0.001	
722.844	25641	2169.15	454.183	1.10748	27.971439	28.337675	0.001	
723.912	26022	2180.96	460.57	1.10748	27.971439	28.337675	0.001	
724.979	26360	2165.88	467.157	1.10748	27.971439	28.337675	0.001	
726.046	26695	2176.1	472.806	1.10748	27.971439	28.337675	0.001	
727.113	27038	2175.31	479.491	1.10748	27.971439	28.337675	0.001	
728.18	27303	2177.59	485.729	1.10748	27.971439	28.337675	0.001	
729.246	27604	2157.84	492.351	1.10748	27.971439	28.337675	0.001	
730.312	27905	2167.17	499.564	1.10748	27.971439	28.337675	0.001	
731.378	28168	2155.85	505.883	1.10748	27.971439	28.337675	0.001	
732.443	28466	2169.65	513.074	1.10748	27.971439	28.337675	0.001	
733.508	28718	2159.82	519.65	1.10748	27.971439	28.337675	0.001	
734.573	29017	2174.71	526.888	1.10748	27.971439	28.337675	0.001	
735.637	29249	2170.05	533.765	1.10748	27.971439	28.337675	0.001	
736.701	29516	2179.97	541.469	1.10748	27.971439	28.337675	0.001	
737.765	29743	2165.28	548.428	1.10748	27.971439	28.337675	0.001	
738.829	29969	2174.51	555.491	1.10748	27.971439	28.337675	0.001	
739.892	30156	2170.64	562.516	1.10748	27.971439	28.337675	0.001	
740.955	30343	2177.79	569.345	1.10748	27.971439	28.337675	0.001	
742.017	30474	2156.35	575.853	1.10748	27.971439	28.337675	0.001	
743.079	30678	2170.74	583.52	1.10748	27.971439	28.337675	0.001	
744.141	30831	2166.67	591.022	1.10748	27.971439	28.337675	0.001	
745.202	30997	2174.31	598.923	1.10748	27.971439	28.337675	0.001	
746.264	31136	2162.6	606.527	1.10748	27.971439	28.337675	0.001	
747.324	31294	2176.89	613.795	1.10748	27.971439	28.337675	0.001	
748.385	31478	2167.96	622.381	1.10748	27.971439	28.337675	0.001	
749.445	31590	2159.03	630.242	1.10748	27.971439	28.337675	0.001	
750.505	31733	2176.4	637.53	1.10748	27.971439	28.337675	0.001	
751.564	31898	2173.82	646.278	1.10748	27.971439	28.337675	0.001	
752.623	32049	2162.8	654.353	1.10748	27.971439	28.337675	0.001	
753.682	32196	2170.44	662.771	1.10748	27.971439	28.337675	0.001	
754.741	32340	2168.66	670.827	1.10748	27.971439	28.337675	0.001	
755.799	32475	2170.34	678.947	1.10748	27.971439	28.337675	0.001	
756.857	32652	2164.19	687.059	1.10748	27.971439	28.337675	0.001	
757.914	32804	2169.05	695.335	1.10748	27.971439	28.337675	0.001	
758.971	32968	2174.21	703.548	1.10748	27.971439	28.337675	0.001	
760.028	33097	2164.39	711.579	1.10748	27.971439	28.337675	0.001	
761.084	33223	2176	719.27	1.10748	27.971439	28.337675	0.001	
762.14	33369	2162.8	728.288	1.10748	27.971439	28.337675	0.001	
763.196	33475	2175.41	737.342	1.10748	27.971439	28.337675	0.001	
764.251	33570	2162.2	745.573	1.10748	27.971439	28.337675	0.001	
765.306	33724	2170.64	754.967	1.10748	27.971439	28.337675	0.001	
766.36	33861	2171.63	764.311	1.10748	27.971439	28.337675	0.001	
767.415	33989	2158.83	773.28	1.10748	27.971439	28.337675	0.001	
768.468	34125	2173.02	782.662	1.10748	27.971439	28.337675	0.001	
769.522	34265	2154.46	791.875	1.10748	27.971439	28.337675	0.001	
770.575	34407	2167.96	801.107	1.10748	27.971439	28.337675	0.001	
771.628	34542	2165.58	810.691	1.10748	27.971439	28.337675	0.001	
772.68	34655	2180.07	819.444	1.10748	27.971439	28.337675	0.001	
773.732	34751	2157.84	828.833	1.10748	27.971439	28.337675	0.001	
774.784	34921	2174.41	838.995	1.10748	27.971439	28.337675	0.001	
775.835	35025	2168.36	848.563	1.10748	27.971439	28.337675	0.001	
776.886	35123	2171.93	857.61	1.10748	27.971439	28.337675	0.001	
777.936	35256	2168.06	867.017	1.10748	27.971439	28.337675	0.001	
778.986	35408	2179.47	876.122	1.10748	27.971439	28.337675	0.001	
780.036	35482	2159.33	885.153	1.10748	27.971439	28.337675	0.001	
781.086	35509	2159.33	894.297	1.10748	27.971439	28.337675	0.001	
782.135	35583	2159.03	904.674	1.10748	27.971439	28.337675	0.001	
783.183	35637	2175.01	914.809	1.10748	27.971439	28.337675	0.001	
784.231	35693	2157.14	925.668	1.10748	27.971439	28.337675	0.001	
785.279	35689	2171.34	935.837	1.10748	27.971439	28.337675	0.001	
786.327	35759	2152.28	946.18	1.10748	27.971439	28.337675	0.001	
787.374	35808	2168.66	956.766	1.10748	27.971439	28.337675	0.001	
788.42	35843	2160.72	967.826	1.10748	27.971439	28.337675	0.001	
789.466	35904	2166.87	979.144	1.10748	27.971439	28.337675	0.001	
790.512	35899	2165.98	989.408	1.10748	27.971439	28.337675	0.001	
791.558	35970	2167.37	1000.14	1.10748	27.971439	28.337675	0.001	
792.603	35932	2169.65	1010.09	1.10748	27.971439	28.337675	0.001	
793.648	36011	2169.75	1021.19	1.10748	27.971439	28.337675	0.001	
794.692	36032	2170.54	1032.68	1.10748	27.971439	28.337675	0.001	
795.736	36030	2164.49	1043.42	1.10748	27.971439	28.337675	0.001	
796.779	36103	2163.49	1054.39	1.10748	27.971439	28.337675	0.001	
797.822	36059	2184.54	1064.08	1.10748	27.971439	28.337675	0.001	
798.865	36061	2168.06	1075.33	1.10748	27.971439	28.337675	0.001	
799.907	36055	2154.36	1086.42	1.10748	27.971439	28.337675	0.001	
800.949	36018	2163.69	1096.43	1.10748	27.971439	28.337675	0.001	
801.99	36015	2168.95	1107.35	1.10748	27.971439	28.337675	0.001	
803.031	35957	2155.06	1118.57	1.10748	27.971439	28.337675	0.001	
804.072	35947	2174.31	1129.95	1.10748	27.971439	28.337675	0.001	
805.112	35928	2163.99	1142.59	1.10748	27.971439	28.337675	0.001	
806.152	35939	2174.61	1154.03	1.10748	27.971439	28.337675	0.001	
807.191	35893	2176.5	1165.24	1.10748	27.971439	28.337675	0.001	
808.23	35907	2167.66	1178.31	1.10748	27.971439	28.337675	0.001	
809.268	35899	2155.55	1190.49	1.10748	27.971439	28.337675	0.001	
810.307	35945	2157.64	1203.63	1.10748	27.971439	28.337675	0.001	
811.344	35960	2159.43	1214.91	1.10748	27.971439	28.337675	0.001	
812.381	35975	2174.21	1227.11	1.10748	27.971439	28.337675	0.001	
813.418	35992	2164.09	1239.26	1.10748	27.971439	28.337675	0.001	
814.454	36007	2172.82	1251.72	1.10748	27.971439	28.337675	0.001	
815.49	35996	2162.7	1263.88	1.10748	27.971439	28.337675	0.001	
816.526	36028	2168.16	1276.2	1.10748	27.971439	28.337675	0.001	
817.561	36016	2165.28	1288.51	1.10748	27.971439	28.337675	0.001	
818.596	36032	2174.71	1300.95	1.10748	27.971439	28.337675	0.001	
819.63	36003	2164.98	1312.49	1.10748	27.971439	28.337675	0.001	
820.664	36053	2177.49	1324.4	1.10748	27.971439	28.337675	0.001	
821.697	36040	2172.53	1337.3	1.10748	27.971439	28.337675	0.001	
822.73	36031	2180.96	1348.71	1.10748	27.971439	28.337675	0.001	
823.762	36005	2177.29	1360.85	1.10748	27.971439	28.337675	0.001	
824.794	36002	2176.5	1374.36	1.10748	27.971439	28.337675	0.001	
825.826	35984	2167.46	1387.34	1.10748	27.971439	28.337675	0.001	
826.857	35931	2181.96	1400.43	1.10748	27.971439	28.337675	0.001	
827.887	35982	2167.46	1414.72	1.10748	27.971439	28.337675	0.001	
828.918	35959	2180.17	1426.79	1.10748	27.971439	28.337675	0.001	
829.947	35960	2168.56	1441.71	1.10748	27.971439	28.337675	0.001	
830.977	36009	2169.85	1456.1	1.10748	27.971439	28.337675	0.001	
832.005	36011	2169.65	1468.77	1.10748	27.971439	28.337675	0.001	
833.034	36040	2171.14	1482.67	1.10748	27.971439	28.337675	0.001	
834.062	36042	2175.8	1497.26	1.10748	27.971439	28.337675	0.001	
835.089	36027	2164.88	1510.48	1.10748	27.971439	28.337675	0.001	
836.116	36078	2167.56	1523.88	1.10748	27.971439	28.337675	0.001	
837.143	36124	2173.02	1536.39	1.10748	27.971439	28.337675	0.001	
838.169	36195	2174.61	1550.65	1.10748	27.971439	28.337675	0.001	
839.194	36241	2167.86	1564.32	1.10748	27.971439	28.337675	0.001	
840.22	36293	2160.62	1580.11	1.10748	27.971439	28.337675	0.001	
841.244	36366	2167.86	1593.66	1.10748	27.971439	28.337675	0.001	
842.268	36383	2164.19	1607.51	1.10748	27.971439	28.337675	0.001	
843.292	36428	2179.77	1619.46	1.10748	27.971439	28.337675	0.001	
844.315	36477	2165.18	1634.7	1.10748	27.971439	28.337675	0.001	
845.338	36520	2178.09	1648.2	1.10748	27.971439	28.337675	0.001	
846.36	36511	2162.5	1662.44	1.10748	27.971439	28.337675	0.001	
847.382	36553	2165.78	1675.83	1.10748	27.971439	28.337675	0.001	
848.404	36539	2170.94	1689.97	1.10748	27.971439	28.337675	0.001	
849.425	36580	2175.11	1704.42	1.10748	27.971439	28.337675	0.001	
850.445	36579	2169.05	1719.05	1.10748	27.971439	28.337675	0.001	
851.465	36637	2180.96	1734.27	1.10748	27.971439	28.337675	0.001	
852.484	36713	2164.98	1751.18	1.10748	27.971439	28.337675	0.001	
853.503	36754	2160.81	1766.99	1.10748	27.971439	28.337675	0.001	
854.522	36792	2157.54	1780.49	1.10748	27.971439	28.337675	0.001	
855.54	36895	2175.9	1797.65	1.10748	27.971439	28.337675	0.001	
856.557	36950	2175.6	1812.26	1.10748	27.971439	28.337675	0.001	
857.574	37035	2168.85	1827.7	1.10748	27.971439	28.337675	0.001	
858.591	37096	2164.59	1841.55	1.10748	27.971439	28.337675	0.001	
859.607	37159	2165.38	1856.93	1.10748	27.971439	28.337675	0.001	
860.622	37220	2172.13	1871.51	1.10748	27.971439	28.337675	0.001	
861.637	37305	2164.09	1887.65	1.10748	27.971439	28.337675	0.001	
862.652	37364	2164.59	1904.29	1.10748	27.971439	28.337675	0.001	
863.666	37478	2168.36	1919.86	1.10748	27.971439	28.337675	0.001	
864.679	37485	2156.05	1934.02	1.10748	27.971439	28.337675	0.001	
865.692	37531	2163.99	1947.64	1.10748	27.971439	28.337675	0.001	
866.705	37579	2151.98	1964.38	1.10748	27.971439	28.337675	0.001	
867.717	37609	2157.64	1979.59	1.10748	27.971439	28.337675	0.001	
868.728	37612	2163.3	1994.5	1.10748	27.971439	28.337675	0.001	
869.739	37645	2156.45	2010.58	1.10748	27.971439	28.337675	0.001	
870.75	37684	2175.6	2025.87	1.10748	27.971439	28.337675	0.001	
871.76	37691	2157.64	2041.57	1.10748	27.971439	28.337675	0.001	
872.769	37715	2156.05	2057.12	1.10748	27.971439	28.337675	0.001	
873.778	37705	2159.13	2072.79	1.10748	27.971439	28.337675	0.001	
874.786	37714	2159.43	2088.23	1.10748	27.971439	28.337675	0.001	
875.794	37771	2168.46	2105.99	1.10748	27.971439	28.337675	0.001	
876.802	37754	2183.74	2121.09	1.10748	27.971439	28.337675	0.001	
877.809	37763	2171.24	2139.21	1.10748	27.971439	28.337675	0.001	
878.815	37798	2177.09	2156.47	1.10748	27.971439	28.337675	0.001	
879.821	37788	2164.39	2174.29	1.10748	27.971439	28.337675	0.001	
880.826	37852	2175.41	2191.05	1.10748	27.971439	28.337675	0.001	
881.831	37850	2174.81	2207.58	1.10748	27.971439	28.337675	0.001	
882.835	37841	2168.16	2223.88	1.10748	27.971439	28.337675	0.001	
883.839	37821	2166.47	2240.62	1.10748	27.971439	28.337675	0.001	
884.842	37838	2162.6	2257.38	1.10748	27.971439	28.337675	0.001	
885.844	37858	2168.06	2272.75	1.10748	27.971439	28.337675	0.001	
886.847	37877	2170.24	2290.05	1.10748	27.971439	28.337675	0.001	
887.848	37858	2166.87	2308.3	1.10748	27.971439	28.337675	0.001	
888.849	37783	2162.1	2323.87	1.10748	27.971439	28.337675	0.001	
889.85	37724	2165.58	2340.09	1.10748	27.971439	28.337675	0.001	
890.85	37682	2157.64	2359.77	1.10748	27.971439	28.337675	0.001	
891.849	37626	2157.24	2377.21	1.10748	27.971439	28.337675	0.001	
892.848	37578	2165.38	2391.82	1.10748	27.971439	28.337675	0.001	
893.846	37599	2168.26	2408.83	1.10748	27.971439	28.337675	0.001	
894.844	37542	2150.89	2424.38	1.10748	27.971439	28.337675	0.001	
895.841	37497	2165.78	2440.21	1.10748	27.971439	28.337675	0.001	
896.838	37457	2157.14	2457.46	1.10748	27.971439	28.337675	0.001	
897.834	37411	2160.81	2473.9	1.10748	27.971439	28.337675	0.001	
898.83	37318	2145.23	2491.25	1.10748	27.971439	28.337675	0.001	
899.825	37248	2168.36	2507.46	1.10748	27.971439	28.337675	0.001	
900.819	37167	2147.51	2524.17	1.10748	27.971439	28.337675	0.001	
901.813	37152	2163.89	2542.01	1.10748	27.971439	28.337675	0.001	
902.807	37085	2169.15	2561.72	1.10748	27.971439	28.337675	0.001	
903.799	37024	2165.68	2578.31	1.10748	27.971439	28.337675	0.001	
904.792	36936	2161.41	2598.32	1.10748	27.971439	28.337675	0.001	
905.783	36895	2170.84	2615.48	1.10748	27.971439	28.337675	0.001	
906.775	36856	2164.09	2636.2	1.10748	27.971439	28.337675	0.001	
907.765	36820	2181.46	2654.86	1.10748	27.971439	28.337675	0.001	
908.755	36780	2168.76	2674.13	1.10748	27.971439	28.337675	0.001	
909.745	36735	2172.82	2692.37	1.10748	27.971439	28.337675	0.001	
910.733	36674	2156.74	2710.2	1.10748	27.971439	28.337675	0.001	
911.722	36613	2169.85	2727.33	1.10748	27.971439	28.337675	0.001	
912.71	36580	2165.68	2747.21	1.10748	27.971439	28.337675	0.001	
913.697	36555	2172.53	2765.99	1.10748	27.971439	28.337675	0.001	
914.683	36475	2160.42	2780.21	1.10748	27.971439	28.337675	0.001	
915.669	36416	2151.48	2800.26	1.10748	27.971439	28.337675	0.001	
916.655	36328	2164.59	2818.15	1.10748	27.971439	28.337675	0.001	
917.64	36253	2165.58	2835.86	1.10748	27.971439	28.337675	0.001	
918.624	36164	2157.64	2855.63	1.10748	27.971439	28.337675	0.001	
919.608	36029	2164.39	2870.38	1.10748	27.971439	28.337675	0.001	
920.591	35892	2160.52	2887.81	1.10748	27.971439	28.337675	0.001	
921.573	35742	2177.19	2903.21	1.10748	27.971439	28.337675	0.001	
922.555	35659	2149.3	2924.29	1.10748	27.971439	28.337675	0.001	
923.537	35475	2156.45	2940.2	1.10748	27.971439	28.337675	0.001	
924.517	35330	2169.15	2957.85	1.10748	27.971439	28.337675	0.001	
925.498	35176	2162.01	2977.06	1.10748	27.971439	28.337675	0.001	
926.477	35017	2170.24	2991.9	1.10748	27.971439	28.337675	0.001	
927.456	34836	2157.64	3010.76	1.10748	27.971439	28.337675	0.001	
928.435	34670	2171.73	3026.54	1.10748	27.971439	28.337675	0.001	
929.412	34505	2161.81	3046.78	1.10748	27.971439	28.337675	0.001	
930.39	34345	2170.05	3067.32	1.10748	27.971439	28.337675	0.001	
931.366	34214	2168.66	3088.11	1.10748	27.971439	28.337675	0.001	
932.342	34003	2159.92	3106.69	1.10748	27.971439	28.337675	0.001	
933.318	33869	2168.85	3129.38	1.10748	27.971439	28.337675	0.001	
934.293	33712	2168.06	3150.1	1.10748	27.971439	28.337675	0.001	
935.267	33518	2163.89	3171.43	1.10748	27.971439	28.337675	0.001	
936.24	33331	2145.73	3194.18	1.10748	27.971439	28.337675	0.001	
937.213	33118	2174.41	3209.6	1.10748	27.971439	28.337675	0.001	
938.186	32883	2159.62	3228.57	1.10748	27.971439	28.337675	0.001	
939.158	32706	2181.46	3244.88	1.10748	27.971439	28.337675	0.001	
940.129	32456	2158.83	3262.66	1.10748	27.971439	28.337675	0.001	
941.099	32266	2170.84	3283.08	1.10748	27.971439	28.337675	0.001	
942.069	32049	2167.37	3303.74	1.10748	27.971439	28.337675	0.001	
943.039	31864	2164.09	3325.65	1.10748	27.971439	28.337675	0.001	
944.007	31650	2150.79	3343.45	1.10748	27.971439	28.337675	0.001	
944.975	31459	2180.07	3358.43	1.10748	27.971439	28.337675	0.001	
945.943	31256	2174.91	3375.88	1.10748	27.971439	28.337675	0.001	
946.91	31097	2169.85	3396.48	1.10748	27.971439	28.337675	0.001	
947.876	30890	2153.67	3414.23	1.10748	27.971439	28.337675	0.001	
948.842	30739	2164.69	3433.94	1.10748	27.971439	28.337675	0.001	
949.807	30571	2171.04	3454.15	1.10748	27.971439	28.337675	0.001	
950.771	30367	2171.14	3469.76	1.10748	27.971439	28.337675	0.001	
951.735	30192	2157.94	3488.48	1.10748	27.971439	28.337675	0.001	
952.698	30011	2187.61	3503.62	1.10748	27.971439	28.337675	0.001	
953.66	29802	2161.91	3524.76	1.10748	27.971439	28.337675	0.001	
954.622	29611	2165.08	3543.41	1.10748	27.971439	28.337675	0.001	
955.584	29378	2165.58	3558.74	1.10748	27.971439	28.337675	0.001	
956.544	29193	2169.25	3580.92	1.10748	27.971439	28.337675	0.001	
957.504	28940	2158.33	3596.45	1.10748	27.971439	28.337675	0.001	
958.463	28742	2179.38	3614.88	1.10748	27.971439	28.337675	0.001	
959.422	28470	2158.73	3632.69	1.10748	27.971439	28.337675	0.001	
960.38	28235	2164.69	3651.47	1.10748	27.971439	28.337675	0.001	
961.338	27985	2170.44	3672.27	1.10748	27.971439	28.337675	0.001	
962.294	27732	2163.2	3693.63	1.10748	27.971439	28.337675	0.001	
963.25	27511	2152.68	3716.09	1.10748	27.971439	28.337675	0.001	
964.206	27266	2170.94	3734.23	1.10748	27.971439	28.337675	0.001	
965.161	27057	2161.71	3760.25	1.10748	27.971439	28.337675	0.001	
966.115	26795	2165.98	3779.84	1.10748	27.971439	28.337675	0.001	
