452.692	2201	2124.74	-850.078	1.10748	28.516100	28.337675	0.001	
453.787	2242	2156.3	2.46197	1.10748	28.516100	28.337675	0.001	
454.882	2218	2146.51	-4.44094	1.10748	28.516100	28.337675	0.001	
455.977	2237	2167.78	-129.707	1.10748	28.516100	28.337675	0.001	
457.072	2224	2133.25	2.26251	1.10748	28.516100	28.337675	0.001	
458.167	2248	2172.92	-52.2281	1.10748	28.516100	28.337675	0.001	
459.263	2227	2147.5	-1.44433	1.10748	28.516100	28.337675	0.001	
460.358	2245	2161.05	0.232944	1.10748	28.516100	28.337675	0.001	
461.453	2242	2152.64	6.08211	1.10748	28.516100	28.337675	0.001	
462.549	2247	2151.16	11.3784	1.10748	28.516100	28.337675	0.001	
463.644	2216	2142.84	-46.9356	1.10748	28.516100	28.337675	0.001	
464.74	2245	2152.84	2.42373	1.10748	28.516100	28.337675	0.001	
465.835	2241	2153.93	9.73614	1.10748	28.516100	28.337675	0.001	
466.931	2247	2156.4	6.82359	1.10748	28.516100	28.337675	0.001	
468.027	2225	2137.6	33.0371	1.10748	28.516100	28.337675	0.001	
469.123	2244	2162.83	-1.29182	1.10748	28.516100	28.337675	0.001	
470.219	2238	2138	13.1895	1.10748	28.516100	28.337675	0.001	
471.315	2237	2149.57	2.86387	1.10748	28.516100	28.337675	0.001	
472.411	2227	2142.84	1.13156	1.10748	28.516100	28.337675	0.001	
473.507	2241	2162.34	-4.36073	1.10748	28.516100	28.337675	0.001	
474.603	2226	2142.15	0.416311	1.10748	28.516100	28.337675	0.001	
475.699	2255	2151.25	-126.295	1.10748	28.516100	28.337675	0.001	
476.795	2242	2154.03	2.59658	1.10748	28.516100	28.337675	0.001	
477.892	2252	2160.56	7.99772	1.10748	28.516100	28.337675	0.001	
478.988	2248	2154.22	5.48939	1.10748	28.516100	28.337675	0.001	
480.084	2243	2152.15	5.22819	1.10748	28.516100	28.337675	0.001	
481.181	2244	2155.31	2.66251	1.10748	28.516100	28.337675	0.001	
482.277	2256	2160.85	25.208	1.10748	28.516100	28.337675	0.001	
483.374	2236	2145.22	2.62698	1.10748	28.516100	28.337675	0.001	
484.47	2248	2154.03	29.8153	1.10748	28.516100	28.337675	0.001	
485.567	2245	2149.87	5.7384	1.10748	28.516100	28.337675	0.001	
486.663	2240	2165.5	-2.89765	1.10748	28.516100	28.337675	0.001	
487.76	2242	2151.95	5.30497	1.10748	28.516100	28.337675	0.001	
488.857	2236	2164.81	-9.42587	1.10748	28.516100	28.337675	0.001	
489.954	2235	2144.72	2.62908	1.10748	28.516100	28.337675	0.001	
491.05	2243	2151.75	3.13066	1.10748	28.516100	28.337675	0.001	
492.147	2240	2145.52	4.80024	1.10748	28.516100	28.337675	0.001	
493.244	2251	2154.82	3.79728	1.10748	28.516100	28.337675	0.001	
494.341	2248	2155.81	2.3169	1.10748	28.516100	28.337675	0.001	
495.438	2249	2169.06	-1.17703	1.10748	28.516100	28.337675	0.001	
496.535	2234	2141.95	2.58749	1.10748	28.516100	28.337675	0.001	
497.632	2249	2153.83	2.73556	1.10748	28.516100	28.337675	0.001	
498.729	2243	2153.93	1.20854	1.10748	28.516100	28.337675	0.001	
499.825	2250	2153.83	2.3854	1.10748	28.516100	28.337675	0.001	
500.922	2245	2152.15	1.38939	1.10748	28.516100	28.337675	0.001	
502.019	2258	2158.38	2.69905	1.10748	28.516100	28.337675	0.001	
503.117	2252	2150.86	2.63087	1.10748	28.516100	28.337675	0.001	
504.214	2247	2147	2.38329	1.10748	28.516100	28.337675	0.001	
505.311	2246	2142.35	2.78626	1.10748	28.516100	28.337675	0.001	
506.408	2250	2155.51	1.44194	1.10748	28.516100	28.337675	0.001	
507.505	2256	2157.78	1.67281	1.10748	28.516100	28.337675	0.001	
508.602	2244	2145.81	1.84843	1.10748	28.516100	28.337675	0.001	
509.699	2260	2149.97	2.84589	1.10748	28.516100	28.337675	0.001	
510.796	2266	2148.58	3.60892	1.10748	28.516100	28.337675	0.001	
511.893	2261	2154.42	2.16368	1.10748	28.516100	28.337675	0.001	
512.99	2277	2168.57	2.17169	1.10748	28.516100	28.337675	0.001	
514.087	2253	2147.3	1.8959	1.10748	28.516100	28.337675	0.001	
515.184	2274	2156.1	2.88808	1.10748	28.516100	28.337675	0.001	
516.281	2269	2148.19	2.59122	1.10748	28.516100	28.337675	0.001	
517.378	2278	2157.59	2.71239	1.10748	28.516100	28.337675	0.001	
518.475	2281	2151.75	3.11991	1.10748	28.516100	28.337675	0.001	
519.573	2279	2157.09	2.63099	1.10748	28.516100	28.337675	0.001	
520.67	2283	2147.59	3.30118	1.10748	28.516100	28.337675	0.001	
521.767	2283	2158.08	2.56216	1.10748	28.516100	28.337675	0.001	
522.864	2282	2157.78	2.52462	1.10748	28.516100	28.337675	0.001	
523.961	2307	2164.61	3.5007	1.10748	28.516100	28.337675	0.001	
525.058	2274	2145.12	2.64464	1.10748	28.516100	28.337675	0.001	
526.155	2305	2167.38	2.95516	1.10748	28.516100	28.337675	0.001	
527.252	2292	2147.99	3.15666	1.10748	28.516100	28.337675	0.001	
528.348	2327	2164.71	4.0505	1.10748	28.516100	28.337675	0.001	
529.445	2298	2148.68	3.2358	1.10748	28.516100	28.337675	0.001	
530.542	2302	2140.67	3.74723	1.10748	28.516100	28.337675	0.001	
531.639	2315	2147.69	3.88169	1.10748	28.516100	28.337675	0.001	
532.736	2341	2166.69	4.10732	1.10748	28.516100	28.337675	0.001	
533.833	2328	2151.65	4.09613	1.10748	28.516100	28.337675	0.001	
534.929	2343	2158.97	4.26071	1.10748	28.516100	28.337675	0.001	
536.026	2321	2132.65	4.39178	1.10748	28.516100	28.337675	0.001	
537.123	2351	2157.49	4.42848	1.10748	28.516100	28.337675	0.001	
538.22	2353	2141.56	5.06714	1.10748	28.516100	28.337675	0.001	
539.316	2360	2159.27	4.4947	1.10748	28.516100	28.337675	0.001	
540.413	2371	2153.83	5.02516	1.10748	28.516100	28.337675	0.001	
541.509	2378	2151.35	5.20299	1.10748	28.516100	28.337675	0.001	
542.606	2385	2137.4	5.82304	1.10748	28.516100	28.337675	0.001	
543.702	2396	2158.38	5.26884	1.10748	28.516100	28.337675	0.001	
544.799	2384	2135.92	5.56038	1.10748	28.516100	28.337675	0.001	
545.895	2418	2154.82	5.9064	1.10748	28.516100	28.337675	0.001	
546.991	2403	2146.6	5.58454	1.10748	28.516100	28.337675	0.001	
548.088	2428	2157.09	5.9235	1.10748	28.516100	28.337675	0.001	
549.184	2429	2143.24	6.28265	1.10748	28.516100	28.337675	0.001	
550.28	2449	2144.82	6.676	1.10748	28.516100	28.337675	0.001	
551.376	2449	2141.16	6.67066	1.10748	28.516100	28.337675	0.001	
552.472	2470	2157.98	6.6195	1.10748	28.516100	28.337675	0.001	
553.568	2476	2149.28	6.91057	1.10748	28.516100	28.337675	0.001	
554.664	2508	2161.54	7.34779	1.10748	28.516100	28.337675	0.001	
555.76	2503	2150.07	7.40562	1.10748	28.516100	28.337675	0.001	
556.856	2526	2159.37	7.66039	1.10748	28.516100	28.337675	0.001	
557.952	2523	2146.51	7.8346	1.10748	28.516100	28.337675	0.001	
559.047	2563	2164.61	8.2547	1.10748	28.516100	28.337675	0.001	
560.143	2560	2146.9	8.53051	1.10748	28.516100	28.337675	0.001	
561.239	2565	2132.65	8.96696	1.10748	28.516100	28.337675	0.001	
562.334	2574	2139.09	8.92737	1.10748	28.516100	28.337675	0.001	
563.43	2594	2149.87	9.01204	1.10748	28.516100	28.337675	0.001	
564.525	2612	2152.94	9.25755	1.10748	28.516100	28.337675	0.001	
565.62	2627	2154.92	9.53879	1.10748	28.516100	28.337675	0.001	
566.715	2640	2137.7	10.1595	1.10748	28.516100	28.337675	0.001	
567.811	2662	2162.73	10.0303	1.10748	28.516100	28.337675	0.001	
568.906	2670	2138.49	10.7094	1.10748	28.516100	28.337675	0.001	
570.001	2685	2155.51	10.5701	1.10748	28.516100	28.337675	0.001	
571.095	2684	2130.38	11.117	1.10748	28.516100	28.337675	0.001	
572.19	2726	2150.86	11.5815	1.10748	28.516100	28.337675	0.001	
573.285	2730	2138.1	11.9267	1.10748	28.516100	28.337675	0.001	
574.38	2753	2155.01	11.9913	1.10748	28.516100	28.337675	0.001	
575.474	2769	2134.14	12.8195	1.10748	28.516100	28.337675	0.001	
576.569	2787	2140.17	13.0547	1.10748	28.516100	28.337675	0.001	
577.663	2787	2137.7	13.0866	1.10748	28.516100	28.337675	0.001	
578.757	2811	2142.75	13.5187	1.10748	28.516100	28.337675	0.001	
579.851	2819	2139.09	13.7367	1.10748	28.516100	28.337675	0.001	
580.945	2862	2162.24	14.1912	1.10748	28.516100	28.337675	0.001	
582.039	2860	2134.44	14.8009	1.10748	28.516100	28.337675	0.001	
583.133	2885	2144.82	15.1696	1.10748	28.516100	28.337675	0.001	
584.227	2892	2126.82	15.8297	1.10748	28.516100	28.337675	0.001	
585.321	2912	2141.36	15.9511	1.10748	28.516100	28.337675	0.001	
586.414	2914	2138	16.1454	1.10748	28.516100	28.337675	0.001	
587.508	2948	2153.33	16.6398	1.10748	28.516100	28.337675	0.001	
588.601	2953	2142.05	17.0945	1.10748	28.516100	28.337675	0.001	
589.694	2965	2138	17.5422	1.10748	28.516100	28.337675	0.001	
590.787	2981	2138.1	18.061	1.10748	28.516100	28.337675	0.001	
591.881	3014	2150.27	18.5483	1.10748	28.516100	28.337675	0.001	
592.973	3034	2140.27	19.3596	1.10748	28.516100	28.337675	0.001	
594.066	3023	2141.95	19.1301	1.10748	28.516100	28.337675	0.001	
595.159	3055	2151.35	19.7716	1.10748	28.516100	28.337675	0.001	
596.251	3071	2149.47	20.3155	1.10748	28.516100	28.337675	0.001	
597.344	3088	2149.77	20.7871	1.10748	28.516100	28.337675	0.001	
598.436	3133	2159.57	21.7366	1.10748	28.516100	28.337675	0.001	
599.528	3120	2144.33	21.9074	1.10748	28.516100	28.337675	0.001	
600.621	3147	2148.39	22.4776	1.10748	28.516100	28.337675	0.001	
601.713	3168	2151.65	22.965	1.10748	28.516100	28.337675	0.001	
602.804	3185	2146.8	23.5173	1.10748	28.516100	28.337675	0.001	
603.896	3196	2143.44	24.0164	1.10748	28.516100	28.337675	0.001	
604.988	3232	2146.01	24.8437	1.10748	28.516100	28.337675	0.001	
606.079	3245	2148.68	25.1332	1.10748	28.516100	28.337675	0.001	
607.17	3285	2154.82	25.9912	1.10748	28.516100	28.337675	0.001	
608.262	3291	2136.81	26.6842	1.10748	28.516100	28.337675	0.001	
609.353	3335	2147.79	27.4322	1.10748	28.516100	28.337675	0.001	
610.443	3349	2147.1	27.7896	1.10748	28.516100	28.337675	0.001	
611.534	3368	2155.61	28.0333	1.10748	28.516100	28.337675	0.001	
612.625	3388	2142.94	28.8357	1.10748	28.516100	28.337675	0.001	
613.715	3425	2149.37	29.5501	1.10748	28.516100	28.337675	0.001	
614.806	3462	2154.92	30.2421	1.10748	28.516100	28.337675	0.001	
615.896	3509	2165.01	31.1787	1.10748	28.516100	28.337675	0.001	
616.986	3526	2151.06	31.859	1.10748	28.516100	28.337675	0.001	
618.076	3568	2153.93	32.8521	1.10748	28.516100	28.337675	0.001	
619.165	3602	2157.09	33.4761	1.10748	28.516100	28.337675	0.001	
620.255	3644	2164.22	34.2596	1.10748	28.516100	28.337675	0.001	
621.344	3671	2146.6	35.2298	1.10748	28.516100	28.337675	0.001	
622.434	3707	2150.17	35.9514	1.10748	28.516100	28.337675	0.001	
623.523	3752	2148.98	37.0029	1.10748	28.516100	28.337675	0.001	
624.612	3785	2153.73	37.634	1.10748	28.516100	28.337675	0.001	
625.701	3821	2146.01	38.5877	1.10748	28.516100	28.337675	0.001	
626.789	3866	2157.19	39.3269	1.10748	28.516100	28.337675	0.001	
627.878	3897	2148.29	40.2142	1.10748	28.516100	28.337675	0.001	
628.966	3958	2154.42	41.4281	1.10748	28.516100	28.337675	0.001	
630.054	3975	2148.58	42.0168	1.10748	28.516100	28.337675	0.001	
631.142	4023	2153.83	42.8442	1.10748	28.516100	28.337675	0.001	
632.23	4063	2152.84	43.6802	1.10748	28.516100	28.337675	0.001	
633.318	4108	2155.71	44.5734	1.10748	28.516100	28.337675	0.001	
634.405	4149	2149.87	45.6548	1.10748	28.516100	28.337675	0.001	
635.492	4212	2154.82	46.9495	1.10748	28.516100	28.337675	0.001	
636.579	4252	2150.96	47.8404	1.10748	28.516100	28.337675	0.001	
637.666	4288	2146.9	48.7276	1.10748	28.516100	28.337675	0.001	
638.753	4335	2152.74	49.5532	1.10748	28.516100	28.337675	0.001	
639.84	4392	2157.59	50.7091	1.10748	28.516100	28.337675	0.001	
640.926	4437	2149.67	51.9534	1.10748	28.516100	28.337675	0.001	
642.012	4498	2156.7	53.1003	1.10748	28.516100	28.337675	0.001	
643.098	4531	2152.64	53.8235	1.10748	28.516100	28.337675	0.001	
644.184	4586	2160.56	54.7878	1.10748	28.516100	28.337675	0.001	
645.27	4636	2153.33	56.0648	1.10748	28.516100	28.337675	0.001	
646.355	4715	2172.43	57.3084	1.10748	28.516100	28.337675	0.001	
647.441	4760	2156.7	58.6105	1.10748	28.516100	28.337675	0.001	
648.526	4808	2155.91	59.504	1.10748	28.516100	28.337675	0.001	
649.611	4855	2146.7	60.878	1.10748	28.516100	28.337675	0.001	
650.695	4920	2163.92	61.8511	1.10748	28.516100	28.337675	0.001	
651.78	4977	2151.25	63.3364	1.10748	28.516100	28.337675	0.001	
652.864	5039	2164.31	64.3246	1.10748	28.516100	28.337675	0.001	
653.948	5097	2152.94	65.9094	1.10748	28.516100	28.337675	0.001	
655.032	5169	2152.44	67.4183	1.10748	28.516100	28.337675	0.001	
656.116	5229	2155.51	68.5318	1.10748	28.516100	28.337675	0.001	
657.199	5299	2158.97	69.9125	1.10748	28.516100	28.337675	0.001	
658.283	5346	2146.51	71.1913	1.10748	28.516100	28.337675	0.001	
659.366	5433	2165.5	72.5059	1.10748	28.516100	28.337675	0.001	
660.448	5480	2150.56	73.8412	1.10748	28.516100	28.337675	0.001	
661.531	5556	2148.68	75.3826	1.10748	28.516100	28.337675	0.001	
662.614	5619	2151.75	76.6955	1.10748	28.516100	28.337675	0.001	
663.696	5693	2170.05	77.7067	1.10748	28.516100	28.337675	0.001	
664.778	5764	2154.82	79.4475	1.10748	28.516100	28.337675	0.001	
665.86	5831	2156.1	80.9328	1.10748	28.516100	28.337675	0.001	
666.941	5898	2138.79	82.5549	1.10748	28.516100	28.337675	0.001	
668.023	5988	2153.93	84.1125	1.10748	28.516100	28.337675	0.001	
669.104	6067	2157.19	85.5327	1.10748	28.516100	28.337675	0.001	
670.185	6143	2156.89	87.1555	1.10748	28.516100	28.337675	0.001	
671.265	6212	2146.8	88.6849	1.10748	28.516100	28.337675	0.001	
672.346	6310	2151.25	90.6411	1.10748	28.516100	28.337675	0.001	
673.426	6358	2146.6	91.7607	1.10748	28.516100	28.337675	0.001	
674.506	6474	2169.46	93.499	1.10748	28.516100	28.337675	0.001	
675.586	6523	2140.96	95.1254	1.10748	28.516100	28.337675	0.001	
676.665	6631	2170.84	96.5479	1.10748	28.516100	28.337675	0.001	
677.745	6709	2150.07	98.4471	1.10748	28.516100	28.337675	0.001	
678.824	6819	2161.74	100.37	1.10748	28.516100	28.337675	0.001	
679.903	6907	2152.24	102.259	1.10748	28.516100	28.337675	0.001	
680.981	7023	2170.05	104.091	1.10748	28.516100	28.337675	0.001	
682.059	7081	2145.02	105.738	1.10748	28.516100	28.337675	0.001	
683.138	7197	2164.81	107.453	1.10748	28.516100	28.337675	0.001	
684.215	7309	2168.27	109.494	1.10748	28.516100	28.337675	0.001	
685.293	7409	2168.07	111.385	1.10748	28.516100	28.337675	0.001	
686.37	7495	2154.62	113.322	1.10748	28.516100	28.337675	0.001	
687.448	7613	2165.3	115.244	1.10748	28.516100	28.337675	0.001	
688.524	7715	2164.61	116.961	1.10748	28.516100	28.337675	0.001	
689.601	7836	2156.3	119.35	1.10748	28.516100	28.337675	0.001	
690.678	7929	2148.88	121.115	1.10748	28.516100	28.337675	0.001	
691.754	8048	2155.31	122.991	1.10748	28.516100	28.337675	0.001	
692.83	8178	2162.83	125.127	1.10748	28.516100	28.337675	0.001	
693.905	8289	2154.12	127.268	1.10748	28.516100	28.337675	0.001	
694.98	8407	2137.9	129.706	1.10748	28.516100	28.337675	0.001	
696.056	8536	2156.5	131.553	1.10748	28.516100	28.337675	0.001	
697.13	8663	2151.45	133.696	1.10748	28.516100	28.337675	0.001	
698.205	8802	2163.23	135.983	1.10748	28.516100	28.337675	0.001	
699.279	8918	2148.48	138.191	1.10748	28.516100	28.337675	0.001	
700.353	9055	2162.14	140.375	1.10748	28.516100	28.337675	0.001	
701.427	9180	2155.81	142.404	1.10748	28.516100	28.337675	0.001	
702.501	9335	2149.08	145.114	1.10748	28.516100	28.337675	0.001	
703.574	9494	2157.78	147.71	1.10748	28.516100	28.337675	0.001	
704.647	9643	2170.55	149.833	1.10748	28.516100	28.337675	0.001	
705.719	9768	2149.97	152.08	1.10748	28.516100	28.337675	0.001	
706.792	9941	2155.41	154.735	1.10748	28.516100	28.337675	0.001	
707.864	10093	2162.14	157.055	1.10748	28.516100	28.337675	0.001	
708.936	10255	2162.53	159.693	1.10748	28.516100	28.337675	0.001	
710.007	10410	2161.05	162.246	1.10748	28.516100	28.337675	0.001	
711.079	10549	2158.97	164.613	1.10748	28.516100	28.337675	0.001	
712.15	10713	2158.58	167.321	1.10748	28.516100	28.337675	0.001	
713.221	10885	2156.3	170.213	1.10748	28.516100	28.337675	0.001	
714.291	11037	2156	172.528	1.10748	28.516100	28.337675	0.001	
715.361	11207	2166.19	175.211	1.10748	28.516100	28.337675	0.001	
716.431	11375	2149.97	178.196	1.10748	28.516100	28.337675	0.001	
717.501	11557	2160.75	180.972	1.10748	28.516100	28.337675	0.001	
718.57	11718	2164.02	183.663	1.10748	28.516100	28.337675	0.001	
719.639	11893	2170.65	186.294	1.10748	28.516100	28.337675	0.001	
720.707	12060	2151.06	189.663	1.10748	28.516100	28.337675	0.001	
721.776	12234	2160.26	192.276	1.10748	28.516100	28.337675	0.001	
722.844	12401	2162.24	195.078	1.10748	28.516100	28.337675	0.001	
723.912	12585	2174.01	198.009	1.10748	28.516100	28.337675	0.001	
724.979	12724	2158.97	200.821	1.10748	28.516100	28.337675	0.001	
726.046	12892	2169.16	203.532	1.10748	28.516100	28.337675	0.001	
727.113	13054	2168.37	206.627	1.10748	28.516100	28.337675	0.001	
728.18	13205	2170.65	209.947	1.10748	28.516100	28.337675	0.001	
729.246	13341	2150.96	213.083	1.10748	28.516100	28.337675	0.001	
730.312	13487	2160.26	216.343	1.10748	28.516100	28.337675	0.001	
731.378	13621	2148.98	219.542	1.10748	28.516100	28.337675	0.001	
732.443	13755	2162.73	222.535	1.10748	28.516100	28.337675	0.001	
733.508	13896	2152.94	226.063	1.10748	28.516100	28.337675	0.001	
734.573	14044	2167.78	229.33	1.10748	28.516100	28.337675	0.001	
735.637	14152	2163.13	232.462	1.10748	28.516100	28.337675	0.001	
736.701	14281	2173.02	235.896	1.10748	28.516100	28.337675	0.001	
737.765	14403	2158.38	239.502	1.10748	28.516100	28.337675	0.001	
738.829	14515	2167.58	242.693	1.10748	28.516100	28.337675	0.001	
739.892	14620	2163.72	246.23	1.10748	28.516100	28.337675	0.001	
740.955	14718	2170.84	249.417	1.10748	28.516100	28.337675	0.001	
742.017	14781	2149.47	252.598	1.10748	28.516100	28.337675	0.001	
743.079	14880	2163.82	255.937	1.10748	28.516100	28.337675	0.001	
744.141	14967	2159.76	259.647	1.10748	28.516100	28.337675	0.001	
745.202	15063	2167.38	263.464	1.10748	28.516100	28.337675	0.001	
746.264	15133	2155.71	267.096	1.10748	28.516100	28.337675	0.001	
747.324	15223	2169.95	270.514	1.10748	28.516100	28.337675	0.001	
748.385	15324	2161.05	274.778	1.10748	28.516100	28.337675	0.001	
749.445	15398	2152.15	278.852	1.10748	28.516100	28.337675	0.001	
750.505	15475	2169.46	282.121	1.10748	28.516100	28.337675	0.001	
751.564	15583	2166.89	286.738	1.10748	28.516100	28.337675	0.001	
752.623	15648	2155.91	290.369	1.10748	28.516100	28.337675	0.001	
753.682	15725	2163.52	294.227	1.10748	28.516100	28.337675	0.001	
754.741	15804	2161.74	298.118	1.10748	28.516100	28.337675	0.001	
755.799	15877	2163.42	301.956	1.10748	28.516100	28.337675	0.001	
756.857	15970	2157.29	305.91	1.10748	28.516100	28.337675	0.001	
757.914	16072	2162.14	310.264	1.10748	28.516100	28.337675	0.001	
758.971	16149	2167.28	313.9	1.10748	28.516100	28.337675	0.001	
760.028	16239	2157.49	318.315	1.10748	28.516100	28.337675	0.001	
761.084	16319	2169.06	322.112	1.10748	28.516100	28.337675	0.001	
762.14	16373	2155.91	326.01	1.10748	28.516100	28.337675	0.001	
763.196	16444	2168.47	330.417	1.10748	28.516100	28.337675	0.001	
764.251	16521	2155.31	335.065	1.10748	28.516100	28.337675	0.001	
765.306	16595	2163.72	339.238	1.10748	28.516100	28.337675	0.001	
766.36	16673	2164.71	343.774	1.10748	28.516100	28.337675	0.001	
767.415	16737	2151.95	348.093	1.10748	28.516100	28.337675	0.001	
768.468	16830	2166.1	352.854	1.10748	28.516100	28.337675	0.001	
769.522	16891	2147.59	357.16	1.10748	28.516100	28.337675	0.001	
770.575	16979	2161.05	361.683	1.10748	28.516100	28.337675	0.001	
771.628	17066	2158.68	366.647	1.10748	28.516100	28.337675	0.001	
772.68	17146	2173.12	371.091	1.10748	28.516100	28.337675	0.001	
773.732	17207	2150.96	376.066	1.10748	28.516100	28.337675	0.001	
774.784	17290	2167.48	380.53	1.10748	28.516100	28.337675	0.001	
775.835	17356	2161.45	385.403	1.10748	28.516100	28.337675	0.001	
776.886	17427	2165.01	390.113	1.10748	28.516100	28.337675	0.001	
777.936	17495	2161.15	394.594	1.10748	28.516100	28.337675	0.001	
778.986	17600	2172.53	399.458	1.10748	28.516100	28.337675	0.001	
780.036	17655	2152.44	404.405	1.10748	28.516100	28.337675	0.001	
781.086	17656	2152.44	408.268	1.10748	28.516100	28.337675	0.001	
782.135	17707	2152.15	413.447	1.10748	28.516100	28.337675	0.001	
783.183	17772	2168.07	418.919	1.10748	28.516100	28.337675	0.001	
784.231	17783	2150.27	423.735	1.10748	28.516100	28.337675	0.001	
785.279	17813	2164.41	429.063	1.10748	28.516100	28.337675	0.001	
786.327	17869	2145.42	434.742	1.10748	28.516100	28.337675	0.001	
787.374	17887	2161.74	439.203	1.10748	28.516100	28.337675	0.001	
788.42	17929	2153.83	445.135	1.10748	28.516100	28.337675	0.001	
789.466	17969	2159.96	450.563	1.10748	28.516100	28.337675	0.001	
790.512	18002	2159.07	456.338	1.10748	28.516100	28.337675	0.001	
791.558	18053	2160.46	461.773	1.10748	28.516100	28.337675	0.001	
792.603	18043	2162.73	466.573	1.10748	28.516100	28.337675	0.001	
793.648	18092	2162.83	472.043	1.10748	28.516100	28.337675	0.001	
794.692	18122	2163.62	477.948	1.10748	28.516100	28.337675	0.001	
795.736	18140	2157.59	483.605	1.10748	28.516100	28.337675	0.001	
796.779	18174	2156.6	488.677	1.10748	28.516100	28.337675	0.001	
797.822	18188	2177.57	493.911	1.10748	28.516100	28.337675	0.001	
798.865	18176	2161.15	499.005	1.10748	28.516100	28.337675	0.001	
799.907	18207	2147.5	505.472	1.10748	28.516100	28.337675	0.001	
800.949	18232	2156.8	511.351	1.10748	28.516100	28.337675	0.001	
801.99	18229	2162.04	516.303	1.10748	28.516100	28.337675	0.001	
803.031	18197	2148.19	521.642	1.10748	28.516100	28.337675	0.001	
804.072	18238	2167.38	528.136	1.10748	28.516100	28.337675	0.001	
805.112	18234	2157.09	534.408	1.10748	28.516100	28.337675	0.001	
806.152	18249	2167.68	539.895	1.10748	28.516100	28.337675	0.001	
807.191	18249	2169.56	545.87	1.10748	28.516100	28.337675	0.001	
808.23	18256	2160.75	552.165	1.10748	28.516100	28.337675	0.001	
809.268	18281	2148.68	559.123	1.10748	28.516100	28.337675	0.001	
810.307	18309	2150.76	565.455	1.10748	28.516100	28.337675	0.001	
811.344	18338	2152.54	571.503	1.10748	28.516100	28.337675	0.001	
812.381	18373	2167.28	577.964	1.10748	28.516100	28.337675	0.001	
813.418	18418	2157.19	585.226	1.10748	28.516100	28.337675	0.001	
814.454	18408	2165.9	590.301	1.10748	28.516100	28.337675	0.001	
815.49	18423	2155.81	596.998	1.10748	28.516100	28.337675	0.001	
816.526	18461	2161.25	603.552	1.10748	28.516100	28.337675	0.001	
817.561	18455	2158.38	609.425	1.10748	28.516100	28.337675	0.001	
818.596	18468	2167.78	615.316	1.10748	28.516100	28.337675	0.001	
819.63	18495	2158.08	622.571	1.10748	28.516100	28.337675	0.001	
820.664	18539	2170.55	628.728	1.10748	28.516100	28.337675	0.001	
821.697	18535	2165.6	635.046	1.10748	28.516100	28.337675	0.001	
822.73	18566	2174.01	641.7	1.10748	28.516100	28.337675	0.001	
823.762	18555	2170.35	647.621	1.10748	28.516100	28.337675	0.001	
824.794	18567	2169.56	654.615	1.10748	28.516100	28.337675	0.001	
825.826	18565	2160.56	661.275	1.10748	28.516100	28.337675	0.001	
826.857	18576	2175	668.735	1.10748	28.516100	28.337675	0.001	
827.887	18578	2160.56	674.912	1.10748	28.516100	28.337675	0.001	
828.918	18605	2173.22	682.006	1.10748	28.516100	28.337675	0.001	
829.947	18608	2161.64	689.506	1.10748	28.516100	28.337675	0.001	
830.977	18661	2162.93	697.599	1.10748	28.516100	28.337675	0.001	
832.005	18685	2162.73	704.674	1.10748	28.516100	28.337675	0.001	
833.034	18698	2164.22	711.25	1.10748	28.516100	28.337675	0.001	
834.062	18691	2168.87	717.785	1.10748	28.516100	28.337675	0.001	
835.089	18733	2157.98	726.587	1.10748	28.516100	28.337675	0.001	
836.116	18761	2160.65	733.093	1.10748	28.516100	28.337675	0.001	
837.143	18791	2166.1	739.307	1.10748	28.516100	28.337675	0.001	
838.169	18830	2167.68	746.301	1.10748	28.516100	28.337675	0.001	
839.194	18886	2160.95	754.568	1.10748	28.516100	28.337675	0.001	
840.22	18919	2153.73	762.692	1.10748	28.516100	28.337675	0.001	
841.244	18981	2160.95	770.255	1.10748	28.516100	28.337675	0.001	
842.268	19000	2157.29	777.529	1.10748	28.516100	28.337675	0.001	
843.292	19039	2172.82	783.712	1.10748	28.516100	28.337675	0.001	
844.315	19066	2158.28	791.571	1.10748	28.516100	28.337675	0.001	
845.338	19122	2171.14	799.447	1.10748	28.516100	28.337675	0.001	
846.36	19111	2155.61	806.428	1.10748	28.516100	28.337675	0.001	
847.382	19173	2158.87	814.844	1.10748	28.516100	28.337675	0.001	
848.404	19162	2164.02	821.39	1.10748	28.516100	28.337675	0.001	
849.425	19187	2168.17	828.526	1.10748	28.516100	28.337675	0.001	
850.445	19208	2162.14	836.873	1.10748	28.516100	28.337675	0.001	
851.465	19255	2174.01	844.871	1.10748	28.516100	28.337675	0.001	
852.484	19312	2158.08	854.486	1.10748	28.516100	28.337675	0.001	
853.503	19342	2153.93	862.791	1.10748	28.516100	28.337675	0.001	
854.522	19372	2150.66	870.03	1.10748	28.516100	28.337675	0.001	
855.54	19439	2168.97	878.709	1.10748	28.516100	28.337675	0.001	
856.557	19480	2168.67	886.549	1.10748	28.516100	28.337675	0.001	
857.574	19564	2161.94	896.447	1.10748	28.516100	28.337675	0.001	
858.591	19589	2157.69	903.045	1.10748	28.516100	28.337675	0.001	
859.607	19611	2158.48	910.043	1.10748	28.516100	28.337675	0.001	
860.622	19667	2165.21	918.354	1.10748	28.516100	28.337675	0.001	
861.637	19733	2157.19	927.73	1.10748	28.516100	28.337675	0.001	
862.652	19763	2157.69	935.901	1.10748	28.516100	28.337675	0.001	
863.666	19830	2161.45	943.955	1.10748	28.516100	28.337675	0.001	
864.679	19877	2149.18	953.642	1.10748	28.516100	28.337675	0.001	
865.692	19902	2157.09	960.226	1.10748	28.516100	28.337675	0.001	
866.705	19936	2145.12	969.354	1.10748	28.516100	28.337675	0.001	
867.717	19971	2150.76	977.801	1.10748	28.516100	28.337675	0.001	
868.728	19976	2156.4	985.202	1.10748	28.516100	28.337675	0.001	
869.739	20029	2149.57	995.393	1.10748	28.516100	28.337675	0.001	
870.75	20047	2168.67	1002.3	1.10748	28.516100	28.337675	0.001	
871.76	20073	2150.76	1011.88	1.10748	28.516100	28.337675	0.001	
872.769	20099	2149.18	1020.43	1.10748	28.516100	28.337675	0.001	
873.778	20113	2152.24	1029.23	1.10748	28.516100	28.337675	0.001	
874.786	20131	2152.54	1037.68	1.10748	28.516100	28.337675	0.001	
875.794	20169	2161.54	1046.76	1.10748	28.516100	28.337675	0.001	
876.802	20185	2176.78	1055.28	1.10748	28.516100	28.337675	0.001	
877.809	20184	2164.31	1064.33	1.10748	28.516100	28.337675	0.001	
878.815	20226	2170.15	1074.2	1.10748	28.516100	28.337675	0.001	
879.821	20234	2157.49	1084.27	1.10748	28.516100	28.337675	0.001	
880.826	20276	2168.47	1092.85	1.10748	28.516100	28.337675	0.001	
881.831	20306	2167.88	1103.04	1.10748	28.516100	28.337675	0.001	
882.835	20289	2161.25	1110.62	1.10748	28.516100	28.337675	0.001	
883.839	20331	2159.57	1122.32	1.10748	28.516100	28.337675	0.001	
884.842	20314	2155.71	1129.21	1.10748	28.516100	28.337675	0.001	
885.844	20364	2161.15	1139.26	1.10748	28.516100	28.337675	0.001	
886.847	20381	2163.33	1148.32	1.10748	28.516100	28.337675	0.001	
887.848	20372	2159.96	1157.63	1.10748	28.516100	28.337675	0.001	
888.849	20361	2155.21	1167.41	1.10748	28.516100	28.337675	0.001	
889.85	20351	2158.68	1176.8	1.10748	28.516100	28.337675	0.001	
890.85	20330	2150.76	1187.01	1.10748	28.516100	28.337675	0.001	
891.849	20311	2150.36	1196.47	1.10748	28.516100	28.337675	0.001	
892.848	20312	2158.48	1205.3	1.10748	28.516100	28.337675	0.001	
893.846	20326	2161.35	1213.99	1.10748	28.516100	28.337675	0.001	
894.844	20312	2144.03	1223.48	1.10748	28.516100	28.337675	0.001	
895.841	20315	2158.87	1232.79	1.10748	28.516100	28.337675	0.001	
896.838	20300	2150.27	1242.21	1.10748	28.516100	28.337675	0.001	
897.834	20282	2153.93	1250.81	1.10748	28.516100	28.337675	0.001	
898.83	20240	2138.39	1260.59	1.10748	28.516100	28.337675	0.001	
899.825	20229	2161.45	1269.79	1.10748	28.516100	28.337675	0.001	
900.819	20201	2140.67	1280.03	1.10748	28.516100	28.337675	0.001	
901.813	20214	2156.99	1290	1.10748	28.516100	28.337675	0.001	
902.807	20173	2162.24	1299.37	1.10748	28.516100	28.337675	0.001	
903.799	20168	2158.77	1309.9	1.10748	28.516100	28.337675	0.001	
904.792	20120	2154.52	1320.08	1.10748	28.516100	28.337675	0.001	
905.783	20116	2163.92	1329.76	1.10748	28.516100	28.337675	0.001	
906.775	20098	2157.19	1340.73	1.10748	28.516100	28.337675	0.001	
907.765	20125	2174.51	1353.09	1.10748	28.516100	28.337675	0.001	
908.755	20104	2161.84	1363.39	1.10748	28.516100	28.337675	0.001	
909.745	20087	2165.9	1373.05	1.10748	28.516100	28.337675	0.001	
910.733	20079	2149.87	1384.66	1.10748	28.516100	28.337675	0.001	
911.722	20069	2162.93	1394.65	1.10748	28.516100	28.337675	0.001	
912.71	20047	2158.77	1404.61	1.10748	28.516100	28.337675	0.001	
913.697	20038	2165.6	1414.27	1.10748	28.516100	28.337675	0.001	
914.683	20042	2153.53	1425.77	1.10748	28.516100	28.337675	0.001	
915.669	20005	2144.63	1435.93	1.10748	28.516100	28.337675	0.001	
916.655	19968	2157.69	1445.35	1.10748	28.516100	28.337675	0.001	
917.64	19927	2158.68	1454.28	1.10748	28.516100	28.337675	0.001	
918.624	19877	2150.76	1464.48	1.10748	28.516100	28.337675	0.001	
919.608	19832	2157.49	1473.99	1.10748	28.516100	28.337675	0.001	
920.591	19775	2153.63	1484.42	1.10748	28.516100	28.337675	0.001	
921.573	19724	2170.25	1494.09	1.10748	28.516100	28.337675	0.001	
922.555	19689	2142.45	1506.9	1.10748	28.516100	28.337675	0.001	
923.537	19597	2149.57	1515.28	1.10748	28.516100	28.337675	0.001	
924.517	19553	2162.24	1526.76	1.10748	28.516100	28.337675	0.001	
925.498	19462	2155.11	1536.15	1.10748	28.516100	28.337675	0.001	
926.477	19399	2163.33	1545.39	1.10748	28.516100	28.337675	0.001	
927.456	19310	2150.76	1556.35	1.10748	28.516100	28.337675	0.001	
928.435	19251	2164.81	1566.6	1.10748	28.516100	28.337675	0.001	
929.412	19177	2154.92	1578.83	1.10748	28.516100	28.337675	0.001	
930.39	19080	2163.13	1587.96	1.10748	28.516100	28.337675	0.001	
931.366	19029	2161.74	1600.6	1.10748	28.516100	28.337675	0.001	
932.342	18929	2153.04	1611.85	1.10748	28.516100	28.337675	0.001	
933.318	18872	2161.94	1624.62	1.10748	28.516100	28.337675	0.001	
934.293	18789	2161.15	1635.49	1.10748	28.516100	28.337675	0.001	
935.267	18688	2156.99	1647.01	1.10748	28.516100	28.337675	0.001	
936.24	18588	2138.89	1659.71	1.10748	28.516100	28.337675	0.001	
937.213	18507	2167.48	1669.67	1.10748	28.516100	28.337675	0.001	
938.186	18399	2152.74	1682.14	1.10748	28.516100	28.337675	0.001	
939.158	18313	2174.51	1690.44	1.10748	28.516100	28.337675	0.001	
940.129	18187	2151.95	1701.71	1.10748	28.516100	28.337675	0.001	
941.099	18091	2163.92	1712.35	1.10748	28.516100	28.337675	0.001	
942.069	18009	2160.46	1727.1	1.10748	28.516100	28.337675	0.001	
943.039	17895	2157.19	1737.07	1.10748	28.516100	28.337675	0.001	
944.007	17795	2143.93	1748.76	1.10748	28.516100	28.337675	0.001	
944.975	17711	2173.12	1757.1	1.10748	28.516100	28.337675	0.001	
945.943	17602	2167.98	1766.5	1.10748	28.516100	28.337675	0.001	
946.91	17528	2162.93	1778.9	1.10748	28.516100	28.337675	0.001	
947.876	17422	2146.8	1789.74	1.10748	28.516100	28.337675	0.001	
948.842	17346	2157.78	1800.05	1.10748	28.516100	28.337675	0.001	
949.807	17264	2164.12	1811.27	1.10748	28.516100	28.337675	0.001	
950.771	17184	2164.22	1823.1	1.10748	28.516100	28.337675	0.001	
951.735	17092	2151.06	1834	1.10748	28.516100	28.337675	0.001	
952.698	17013	2180.64	1842.49	1.10748	28.516100	28.337675	0.001	
953.66	16886	2155.01	1853.33	1.10748	28.516100	28.337675	0.001	
954.622	16816	2158.18	1867.18	1.10748	28.516100	28.337675	0.001	
955.584	16691	2158.68	1875.31	1.10748	28.516100	28.337675	0.001	
956.544	16601	2162.34	1888.06	1.10748	28.516100	28.337675	0.001	
957.504	16469	2151.45	1897.54	1.10748	28.516100	28.337675	0.001	
958.463	16365	2172.43	1906.28	1.10748	28.516100	28.337675	0.001	
959.422	16211	2151.85	1916.02	1.10748	28.516100	28.337675	0.001	
960.38	16137	2157.78	1932.92	1.10748	28.516100	28.337675	0.001	
961.338	15994	2163.52	1942.42	1.10748	28.516100	28.337675	0.001	
962.294	15866	2156.3	1955.48	1.10748	28.516100	28.337675	0.001	
963.25	15744	2145.81	1967.73	1.10748	28.516100	28.337675	0.001	
964.206	15624	2164.02	1977.89	1.10748	28.516100	28.337675	0.001	
965.161	15518	2154.82	1993.39	1.10748	28.516100	28.337675	0.001	
966.115	15400	2159.07	2007.11	1.10748	28.516100	28.337675	0.001	
