452.692	2220	2131.41	875.986	1.10748	28.516100	28.337675	0.001	
453.787	2252	2163.07	5.63545	1.10748	28.516100	28.337675	0.001	
454.882	2243	2153.24	2.49842	1.10748	28.516100	28.337675	0.001	
455.977	2238	2174.58	-183.542	1.10748	28.516100	28.337675	0.001	
457.072	2236	2139.94	3.65369	1.10748	28.516100	28.337675	0.001	
458.167	2252	2179.74	-70.2048	1.10748	28.516100	28.337675	0.001	
459.263	2234	2154.23	-1.44026	1.10748	28.516100	28.337675	0.001	
460.358	2254	2167.83	1.4161	1.10748	28.516100	28.337675	0.001	
461.453	2242	2159.4	-0.89276	1.10748	28.516100	28.337675	0.001	
462.549	2244	2157.91	2.38125	1.10748	28.516100	28.337675	0.001	
463.644	2224	2149.57	-41.9911	1.10748	28.516100	28.337675	0.001	
464.74	2241	2159.59	-0.572314	1.10748	28.516100	28.337675	0.001	
465.835	2236	2160.69	-21.2354	1.10748	28.516100	28.337675	0.001	
466.931	2251	2163.17	3.96667	1.10748	28.516100	28.337675	0.001	
468.027	2243	2144.31	110.526	1.10748	28.516100	28.337675	0.001	
469.123	2254	2169.62	0.262808	1.10748	28.516100	28.337675	0.001	
470.219	2243	2144.71	11.6957	1.10748	28.516100	28.337675	0.001	
471.315	2247	2156.32	4.86843	1.10748	28.516100	28.337675	0.001	
472.411	2240	2149.57	6.50461	1.10748	28.516100	28.337675	0.001	
473.507	2255	2169.12	1.77639	1.10748	28.516100	28.337675	0.001	
474.603	2246	2148.88	5.91009	1.10748	28.516100	28.337675	0.001	
475.699	2249	2158.01	-46.3737	1.10748	28.516100	28.337675	0.001	
476.795	2249	2160.79	2.59047	1.10748	28.516100	28.337675	0.001	
477.892	2269	2167.34	18.0891	1.10748	28.516100	28.337675	0.001	
478.988	2248	2160.98	1.81235	1.10748	28.516100	28.337675	0.001	
480.084	2259	2158.9	11.3978	1.10748	28.516100	28.337675	0.001	
481.181	2242	2162.08	-1.83324	1.10748	28.516100	28.337675	0.001	
482.277	2257	2167.63	12.0886	1.10748	28.516100	28.337675	0.001	
483.374	2247	2151.95	3.97908	1.10748	28.516100	28.337675	0.001	
484.47	2262	2160.79	49.3405	1.10748	28.516100	28.337675	0.001	
485.567	2260	2156.62	9.57082	1.10748	28.516100	28.337675	0.001	
486.663	2257	2172.3	0.226406	1.10748	28.516100	28.337675	0.001	
487.76	2252	2158.7	7.63237	1.10748	28.516100	28.337675	0.001	
488.857	2255	2171.6	-0.420645	1.10748	28.516100	28.337675	0.001	
489.954	2230	2151.46	-1.67455	1.10748	28.516100	28.337675	0.001	
491.05	2258	2158.5	6.24702	1.10748	28.516100	28.337675	0.001	
492.147	2245	2152.25	3.97219	1.10748	28.516100	28.337675	0.001	
493.244	2266	2161.58	6.1571	1.10748	28.516100	28.337675	0.001	
494.341	2267	2162.57	5.46276	1.10748	28.516100	28.337675	0.001	
495.438	2263	2175.87	0.904354	1.10748	28.516100	28.337675	0.001	
496.535	2248	2148.68	4.56578	1.10748	28.516100	28.337675	0.001	
497.632	2265	2160.59	4.8059	1.10748	28.516100	28.337675	0.001	
498.729	2263	2160.69	3.9266	1.10748	28.516100	28.337675	0.001	
499.825	2268	2160.59	4.42101	1.10748	28.516100	28.337675	0.001	
500.922	2275	2158.9	4.70978	1.10748	28.516100	28.337675	0.001	
502.019	2282	2165.15	5.53476	1.10748	28.516100	28.337675	0.001	
503.117	2277	2157.61	5.26815	1.10748	28.516100	28.337675	0.001	
504.214	2276	2153.74	5.47685	1.10748	28.516100	28.337675	0.001	
505.311	2265	2149.07	4.39879	1.10748	28.516100	28.337675	0.001	
506.408	2283	2162.27	4.80736	1.10748	28.516100	28.337675	0.001	
507.505	2293	2164.56	5.06725	1.10748	28.516100	28.337675	0.001	
508.602	2296	2152.55	7.32658	1.10748	28.516100	28.337675	0.001	
509.699	2283	2156.72	4.54021	1.10748	28.516100	28.337675	0.001	
510.796	2303	2155.33	6.76482	1.10748	28.516100	28.337675	0.001	
511.893	2301	2161.18	5.23211	1.10748	28.516100	28.337675	0.001	
512.99	2335	2175.38	6.6714	1.10748	28.516100	28.337675	0.001	
514.087	2312	2154.04	6.24959	1.10748	28.516100	28.337675	0.001	
515.184	2325	2162.87	6.56838	1.10748	28.516100	28.337675	0.001	
516.281	2336	2154.93	6.71319	1.10748	28.516100	28.337675	0.001	
517.378	2345	2164.36	7.11227	1.10748	28.516100	28.337675	0.001	
518.475	2346	2158.5	7.05113	1.10748	28.516100	28.337675	0.001	
519.573	2363	2163.86	7.89336	1.10748	28.516100	28.337675	0.001	
520.67	2352	2154.33	7.21257	1.10748	28.516100	28.337675	0.001	
521.767	2358	2164.85	6.76294	1.10748	28.516100	28.337675	0.001	
522.864	2374	2164.56	7.78702	1.10748	28.516100	28.337675	0.001	
523.961	2405	2171.4	8.92664	1.10748	28.516100	28.337675	0.001	
525.058	2381	2151.85	8.40732	1.10748	28.516100	28.337675	0.001	
526.155	2407	2174.18	8.16944	1.10748	28.516100	28.337675	0.001	
527.252	2392	2154.73	7.97592	1.10748	28.516100	28.337675	0.001	
528.348	2431	2171.5	9.04856	1.10748	28.516100	28.337675	0.001	
529.445	2424	2155.43	9.05272	1.10748	28.516100	28.337675	0.001	
530.542	2433	2147.39	9.66738	1.10748	28.516100	28.337675	0.001	
531.639	2456	2154.43	10.0583	1.10748	28.516100	28.337675	0.001	
532.736	2480	2173.49	10.0949	1.10748	28.516100	28.337675	0.001	
533.833	2468	2158.4	9.94695	1.10748	28.516100	28.337675	0.001	
534.929	2501	2165.75	10.6605	1.10748	28.516100	28.337675	0.001	
536.026	2495	2139.35	11.3261	1.10748	28.516100	28.337675	0.001	
537.123	2537	2164.26	11.6312	1.10748	28.516100	28.337675	0.001	
538.22	2547	2148.28	12.4392	1.10748	28.516100	28.337675	0.001	
539.316	2569	2166.05	12.2413	1.10748	28.516100	28.337675	0.001	
540.413	2571	2160.59	12.272	1.10748	28.516100	28.337675	0.001	
541.509	2595	2158.11	12.8234	1.10748	28.516100	28.337675	0.001	
542.606	2607	2144.11	13.4198	1.10748	28.516100	28.337675	0.001	
543.702	2642	2165.15	13.4407	1.10748	28.516100	28.337675	0.001	
544.799	2644	2142.62	14.0691	1.10748	28.516100	28.337675	0.001	
545.895	2684	2161.58	14.4164	1.10748	28.516100	28.337675	0.001	
546.991	2691	2153.34	14.6417	1.10748	28.516100	28.337675	0.001	
548.088	2734	2163.86	15.3753	1.10748	28.516100	28.337675	0.001	
549.184	2739	2149.97	15.6737	1.10748	28.516100	28.337675	0.001	
550.28	2768	2151.55	16.0989	1.10748	28.516100	28.337675	0.001	
551.376	2783	2147.88	16.3728	1.10748	28.516100	28.337675	0.001	
552.472	2837	2164.76	17.053	1.10748	28.516100	28.337675	0.001	
553.568	2844	2156.02	17.1602	1.10748	28.516100	28.337675	0.001	
554.664	2901	2168.33	18.1459	1.10748	28.516100	28.337675	0.001	
555.76	2905	2156.82	18.2587	1.10748	28.516100	28.337675	0.001	
556.856	2949	2166.14	18.9259	1.10748	28.516100	28.337675	0.001	
557.952	2964	2153.24	19.4329	1.10748	28.516100	28.337675	0.001	
559.047	3030	2171.4	20.3331	1.10748	28.516100	28.337675	0.001	
560.143	3027	2153.64	20.433	1.10748	28.516100	28.337675	0.001	
561.239	3062	2139.35	21.543	1.10748	28.516100	28.337675	0.001	
562.334	3087	2145.8	21.771	1.10748	28.516100	28.337675	0.001	
563.43	3144	2156.62	22.586	1.10748	28.516100	28.337675	0.001	
564.525	3165	2159.69	22.7257	1.10748	28.516100	28.337675	0.001	
565.62	3207	2161.68	23.6181	1.10748	28.516100	28.337675	0.001	
566.715	3241	2144.41	24.5639	1.10748	28.516100	28.337675	0.001	
567.811	3281	2169.52	24.8208	1.10748	28.516100	28.337675	0.001	
568.906	3308	2145.2	25.7922	1.10748	28.516100	28.337675	0.001	
570.001	3349	2162.27	26.1615	1.10748	28.516100	28.337675	0.001	
571.095	3376	2137.06	27.3077	1.10748	28.516100	28.337675	0.001	
572.19	3420	2157.61	27.7835	1.10748	28.516100	28.337675	0.001	
573.285	3448	2144.81	28.6118	1.10748	28.516100	28.337675	0.001	
574.38	3492	2161.78	29.0788	1.10748	28.516100	28.337675	0.001	
575.474	3519	2140.84	30.1005	1.10748	28.516100	28.337675	0.001	
576.569	3555	2146.89	30.7044	1.10748	28.516100	28.337675	0.001	
577.663	3579	2144.41	31.2556	1.10748	28.516100	28.337675	0.001	
578.757	3634	2149.47	32.4045	1.10748	28.516100	28.337675	0.001	
579.851	3665	2145.8	33.0796	1.10748	28.516100	28.337675	0.001	
580.945	3729	2169.02	34.0426	1.10748	28.516100	28.337675	0.001	
582.039	3737	2141.13	34.8748	1.10748	28.516100	28.337675	0.001	
583.133	3786	2151.55	35.8541	1.10748	28.516100	28.337675	0.001	
584.227	3812	2133.49	37.0467	1.10748	28.516100	28.337675	0.001	
585.321	3849	2148.08	37.5729	1.10748	28.516100	28.337675	0.001	
586.414	3873	2144.71	38.3722	1.10748	28.516100	28.337675	0.001	
587.508	3924	2160.09	39.3632	1.10748	28.516100	28.337675	0.001	
588.601	3945	2148.78	40.2819	1.10748	28.516100	28.337675	0.001	
589.694	3988	2144.71	41.5531	1.10748	28.516100	28.337675	0.001	
590.787	4016	2144.81	42.5518	1.10748	28.516100	28.337675	0.001	
591.881	4068	2157.01	43.4965	1.10748	28.516100	28.337675	0.001	
592.973	4097	2146.99	44.6414	1.10748	28.516100	28.337675	0.001	
594.066	4118	2148.68	45.2805	1.10748	28.516100	28.337675	0.001	
595.159	4177	2158.11	46.7193	1.10748	28.516100	28.337675	0.001	
596.251	4200	2156.22	47.5827	1.10748	28.516100	28.337675	0.001	
597.344	4238	2156.52	48.6558	1.10748	28.516100	28.337675	0.001	
598.436	4289	2166.34	49.8847	1.10748	28.516100	28.337675	0.001	
599.528	4316	2151.06	51.1749	1.10748	28.516100	28.337675	0.001	
600.621	4363	2155.13	52.2528	1.10748	28.516100	28.337675	0.001	
601.713	4411	2158.4	53.4791	1.10748	28.516100	28.337675	0.001	
602.804	4445	2153.54	54.4661	1.10748	28.516100	28.337675	0.001	
603.896	4494	2150.17	56.0956	1.10748	28.516100	28.337675	0.001	
604.988	4537	2152.75	57.1	1.10748	28.516100	28.337675	0.001	
606.079	4597	2155.43	58.6066	1.10748	28.516100	28.337675	0.001	
607.17	4636	2161.58	59.4701	1.10748	28.516100	28.337675	0.001	
608.262	4675	2143.52	61.0921	1.10748	28.516100	28.337675	0.001	
609.353	4751	2154.53	62.5575	1.10748	28.516100	28.337675	0.001	
610.443	4799	2153.84	63.753	1.10748	28.516100	28.337675	0.001	
611.534	4863	2162.37	65.1064	1.10748	28.516100	28.337675	0.001	
612.625	4900	2149.67	66.308	1.10748	28.516100	28.337675	0.001	
613.715	4977	2156.12	67.9688	1.10748	28.516100	28.337675	0.001	
614.806	5048	2161.68	69.3993	1.10748	28.516100	28.337675	0.001	
615.896	5118	2171.8	70.9482	1.10748	28.516100	28.337675	0.001	
616.986	5172	2157.81	72.424	1.10748	28.516100	28.337675	0.001	
618.076	5257	2160.69	74.5198	1.10748	28.516100	28.337675	0.001	
619.165	5322	2163.86	75.7414	1.10748	28.516100	28.337675	0.001	
620.255	5398	2171.01	77.2774	1.10748	28.516100	28.337675	0.001	
621.344	5467	2153.34	79.1087	1.10748	28.516100	28.337675	0.001	
622.434	5543	2156.91	80.725	1.10748	28.516100	28.337675	0.001	
623.523	5616	2155.72	82.3666	1.10748	28.516100	28.337675	0.001	
624.612	5701	2160.49	84.201	1.10748	28.516100	28.337675	0.001	
625.701	5773	2152.75	85.8897	1.10748	28.516100	28.337675	0.001	
626.789	5873	2163.96	87.8748	1.10748	28.516100	28.337675	0.001	
627.878	5941	2155.03	89.5536	1.10748	28.516100	28.337675	0.001	
628.966	6042	2161.18	91.6034	1.10748	28.516100	28.337675	0.001	
630.054	6112	2155.33	93.5125	1.10748	28.516100	28.337675	0.001	
631.142	6209	2160.59	95.2763	1.10748	28.516100	28.337675	0.001	
632.23	6306	2159.59	97.2975	1.10748	28.516100	28.337675	0.001	
633.318	6398	2162.47	99.1756	1.10748	28.516100	28.337675	0.001	
634.405	6471	2156.62	100.969	1.10748	28.516100	28.337675	0.001	
635.492	6590	2161.58	103.492	1.10748	28.516100	28.337675	0.001	
636.579	6670	2157.71	105.146	1.10748	28.516100	28.337675	0.001	
637.666	6761	2153.64	107.256	1.10748	28.516100	28.337675	0.001	
638.753	6868	2159.49	109.324	1.10748	28.516100	28.337675	0.001	
639.84	6969	2164.36	111.427	1.10748	28.516100	28.337675	0.001	
640.926	7051	2156.42	113.528	1.10748	28.516100	28.337675	0.001	
642.012	7177	2163.46	116.059	1.10748	28.516100	28.337675	0.001	
643.098	7273	2159.4	118.079	1.10748	28.516100	28.337675	0.001	
644.184	7397	2167.34	120.495	1.10748	28.516100	28.337675	0.001	
645.27	7499	2160.09	122.902	1.10748	28.516100	28.337675	0.001	
646.355	7619	2179.25	124.926	1.10748	28.516100	28.337675	0.001	
647.441	7715	2163.46	127.265	1.10748	28.516100	28.337675	0.001	
648.526	7836	2162.67	129.565	1.10748	28.516100	28.337675	0.001	
649.611	7933	2153.44	132.168	1.10748	28.516100	28.337675	0.001	
650.695	8058	2170.71	134.381	1.10748	28.516100	28.337675	0.001	
651.78	8173	2158.01	137.043	1.10748	28.516100	28.337675	0.001	
652.864	8297	2171.11	139.301	1.10748	28.516100	28.337675	0.001	
653.948	8424	2159.69	142.443	1.10748	28.516100	28.337675	0.001	
655.032	8554	2159.2	145.095	1.10748	28.516100	28.337675	0.001	
656.116	8678	2162.27	147.451	1.10748	28.516100	28.337675	0.001	
657.199	8817	2165.75	150.244	1.10748	28.516100	28.337675	0.001	
658.283	8918	2153.24	152.651	1.10748	28.516100	28.337675	0.001	
659.366	9082	2172.3	155.461	1.10748	28.516100	28.337675	0.001	
660.448	9205	2157.31	158.427	1.10748	28.516100	28.337675	0.001	
661.531	9353	2155.43	161.339	1.10748	28.516100	28.337675	0.001	
662.614	9472	2158.5	163.87	1.10748	28.516100	28.337675	0.001	
663.696	9627	2176.86	166.445	1.10748	28.516100	28.337675	0.001	
664.778	9769	2161.58	169.544	1.10748	28.516100	28.337675	0.001	
665.86	9907	2162.87	172.638	1.10748	28.516100	28.337675	0.001	
666.941	10052	2145.5	175.695	1.10748	28.516100	28.337675	0.001	
668.023	10208	2160.69	178.613	1.10748	28.516100	28.337675	0.001	
669.104	10387	2163.96	181.974	1.10748	28.516100	28.337675	0.001	
670.185	10525	2163.66	184.899	1.10748	28.516100	28.337675	0.001	
671.265	10685	2153.54	188.2	1.10748	28.516100	28.337675	0.001	
672.346	10843	2158.01	191.368	1.10748	28.516100	28.337675	0.001	
673.426	10996	2153.34	194.777	1.10748	28.516100	28.337675	0.001	
674.506	11175	2176.27	197.583	1.10748	28.516100	28.337675	0.001	
675.586	11320	2147.68	201.233	1.10748	28.516100	28.337675	0.001	
676.665	11527	2177.66	204.555	1.10748	28.516100	28.337675	0.001	
677.745	11671	2156.82	207.607	1.10748	28.516100	28.337675	0.001	
678.824	11875	2168.53	211.374	1.10748	28.516100	28.337675	0.001	
679.903	12044	2159	214.789	1.10748	28.516100	28.337675	0.001	
680.981	12252	2176.86	218.339	1.10748	28.516100	28.337675	0.001	
682.059	12413	2151.75	222.067	1.10748	28.516100	28.337675	0.001	
683.138	12624	2171.6	225.492	1.10748	28.516100	28.337675	0.001	
684.215	12829	2175.08	229.256	1.10748	28.516100	28.337675	0.001	
685.293	13037	2174.88	233.23	1.10748	28.516100	28.337675	0.001	
686.37	13211	2161.38	236.87	1.10748	28.516100	28.337675	0.001	
687.448	13442	2172.1	240.869	1.10748	28.516100	28.337675	0.001	
688.524	13661	2171.4	244.622	1.10748	28.516100	28.337675	0.001	
689.601	13880	2163.07	248.751	1.10748	28.516100	28.337675	0.001	
690.678	14091	2155.62	252.678	1.10748	28.516100	28.337675	0.001	
691.754	14318	2162.08	256.358	1.10748	28.516100	28.337675	0.001	
692.83	14553	2169.62	260.297	1.10748	28.516100	28.337675	0.001	
693.905	14789	2160.88	264.723	1.10748	28.516100	28.337675	0.001	
694.98	14995	2144.61	268.65	1.10748	28.516100	28.337675	0.001	
696.056	15243	2163.27	272.578	1.10748	28.516100	28.337675	0.001	
697.13	15491	2158.2	276.663	1.10748	28.516100	28.337675	0.001	
698.205	15761	2170.02	281.38	1.10748	28.516100	28.337675	0.001	
699.279	15995	2155.23	285.56	1.10748	28.516100	28.337675	0.001	
700.353	16244	2168.92	289.756	1.10748	28.516100	28.337675	0.001	
701.427	16528	2162.57	294.424	1.10748	28.516100	28.337675	0.001	
702.501	16808	2155.82	299.136	1.10748	28.516100	28.337675	0.001	
703.574	17064	2164.56	303.3	1.10748	28.516100	28.337675	0.001	
704.647	17362	2177.36	307.872	1.10748	28.516100	28.337675	0.001	
705.719	17637	2156.72	312.491	1.10748	28.516100	28.337675	0.001	
706.792	17961	2162.17	317.534	1.10748	28.516100	28.337675	0.001	
707.864	18232	2168.92	321.707	1.10748	28.516100	28.337675	0.001	
708.936	18533	2169.32	326.598	1.10748	28.516100	28.337675	0.001	
710.007	18824	2167.83	331.364	1.10748	28.516100	28.337675	0.001	
711.079	19111	2165.75	336.308	1.10748	28.516100	28.337675	0.001	
712.15	19410	2165.35	341.216	1.10748	28.516100	28.337675	0.001	
713.221	19712	2163.07	346.201	1.10748	28.516100	28.337675	0.001	
714.291	20020	2162.77	350.981	1.10748	28.516100	28.337675	0.001	
715.361	20348	2172.99	356.411	1.10748	28.516100	28.337675	0.001	
716.431	20666	2156.72	361.789	1.10748	28.516100	28.337675	0.001	
717.501	20989	2167.53	366.847	1.10748	28.516100	28.337675	0.001	
718.57	21292	2170.81	372.017	1.10748	28.516100	28.337675	0.001	
719.639	21633	2177.46	377.337	1.10748	28.516100	28.337675	0.001	
720.707	21929	2157.81	383.043	1.10748	28.516100	28.337675	0.001	
721.776	22266	2167.04	388.343	1.10748	28.516100	28.337675	0.001	
722.844	22552	2169.02	393.152	1.10748	28.516100	28.337675	0.001	
723.912	22903	2180.83	399.034	1.10748	28.516100	28.337675	0.001	
724.979	23176	2165.75	404.361	1.10748	28.516100	28.337675	0.001	
726.046	23481	2175.97	409.49	1.10748	28.516100	28.337675	0.001	
727.113	23768	2175.18	415.054	1.10748	28.516100	28.337675	0.001	
728.18	24032	2177.46	421.106	1.10748	28.516100	28.337675	0.001	
729.246	24295	2157.71	426.911	1.10748	28.516100	28.337675	0.001	
730.312	24553	2167.04	433.054	1.10748	28.516100	28.337675	0.001	
731.378	24798	2155.72	438.873	1.10748	28.516100	28.337675	0.001	
732.443	25074	2169.52	445.394	1.10748	28.516100	28.337675	0.001	
733.508	25278	2159.69	450.808	1.10748	28.516100	28.337675	0.001	
734.573	25546	2174.58	457.189	1.10748	28.516100	28.337675	0.001	
735.637	25754	2169.92	463.278	1.10748	28.516100	28.337675	0.001	
736.701	25996	2179.84	470.115	1.10748	28.516100	28.337675	0.001	
737.765	26173	2165.15	475.764	1.10748	28.516100	28.337675	0.001	
738.829	26376	2174.38	481.981	1.10748	28.516100	28.337675	0.001	
739.892	26548	2170.51	488.264	1.10748	28.516100	28.337675	0.001	
740.955	26714	2177.66	494.225	1.10748	28.516100	28.337675	0.001	
742.017	26865	2156.22	500.691	1.10748	28.516100	28.337675	0.001	
743.079	27020	2170.61	506.826	1.10748	28.516100	28.337675	0.001	
744.141	27149	2166.54	513.252	1.10748	28.516100	28.337675	0.001	
745.202	27300	2174.18	520.215	1.10748	28.516100	28.337675	0.001	
746.264	27432	2162.47	527.075	1.10748	28.516100	28.337675	0.001	
747.324	27591	2176.76	533.797	1.10748	28.516100	28.337675	0.001	
748.385	27730	2167.83	540.808	1.10748	28.516100	28.337675	0.001	
749.445	27866	2158.9	548.495	1.10748	28.516100	28.337675	0.001	
750.505	28011	2176.27	555.222	1.10748	28.516100	28.337675	0.001	
751.564	28141	2173.69	562.521	1.10748	28.516100	28.337675	0.001	
752.623	28273	2162.67	569.572	1.10748	28.516100	28.337675	0.001	
753.682	28403	2170.31	576.903	1.10748	28.516100	28.337675	0.001	
754.741	28523	2168.53	583.779	1.10748	28.516100	28.337675	0.001	
755.799	28654	2170.21	591.13	1.10748	28.516100	28.337675	0.001	
756.857	28837	2164.06	598.851	1.10748	28.516100	28.337675	0.001	
757.914	28943	2168.92	605.413	1.10748	28.516100	28.337675	0.001	
758.971	29083	2174.08	612.46	1.10748	28.516100	28.337675	0.001	
760.028	29229	2164.26	620.255	1.10748	28.516100	28.337675	0.001	
761.084	29342	2175.87	626.981	1.10748	28.516100	28.337675	0.001	
762.14	29457	2162.67	634.567	1.10748	28.516100	28.337675	0.001	
763.196	29533	2175.28	642.008	1.10748	28.516100	28.337675	0.001	
764.251	29667	2162.08	650.446	1.10748	28.516100	28.337675	0.001	
765.306	29791	2170.51	658.34	1.10748	28.516100	28.337675	0.001	
766.36	29914	2171.5	666.552	1.10748	28.516100	28.337675	0.001	
767.415	30028	2158.7	674.454	1.10748	28.516100	28.337675	0.001	
768.468	30139	2172.89	682.38	1.10748	28.516100	28.337675	0.001	
769.522	30252	2154.33	690.222	1.10748	28.516100	28.337675	0.001	
770.575	30429	2167.83	699.558	1.10748	28.516100	28.337675	0.001	
771.628	30535	2165.45	707.61	1.10748	28.516100	28.337675	0.001	
772.68	30659	2179.94	715.842	1.10748	28.516100	28.337675	0.001	
773.732	30761	2157.71	724.575	1.10748	28.516100	28.337675	0.001	
774.784	30903	2174.28	733.206	1.10748	28.516100	28.337675	0.001	
775.835	30987	2168.23	741.389	1.10748	28.516100	28.337675	0.001	
776.886	31083	2171.8	749.544	1.10748	28.516100	28.337675	0.001	
777.936	31205	2167.93	757.913	1.10748	28.516100	28.337675	0.001	
778.986	31332	2179.34	765.652	1.10748	28.516100	28.337675	0.001	
780.036	31428	2159.2	774.455	1.10748	28.516100	28.337675	0.001	
781.086	31449	2159.2	782.379	1.10748	28.516100	28.337675	0.001	
782.135	31503	2158.9	791.149	1.10748	28.516100	28.337675	0.001	
783.183	31567	2174.88	800.418	1.10748	28.516100	28.337675	0.001	
784.231	31602	2157.01	809.577	1.10748	28.516100	28.337675	0.001	
785.279	31622	2171.21	819.094	1.10748	28.516100	28.337675	0.001	
786.327	31694	2152.15	828.513	1.10748	28.516100	28.337675	0.001	
787.374	31724	2168.53	837.339	1.10748	28.516100	28.337675	0.001	
788.42	31773	2160.59	847.584	1.10748	28.516100	28.337675	0.001	
789.466	31844	2166.74	857.986	1.10748	28.516100	28.337675	0.001	
790.512	31839	2165.85	866.965	1.10748	28.516100	28.337675	0.001	
791.558	31900	2167.24	876.314	1.10748	28.516100	28.337675	0.001	
792.603	31902	2169.52	886.113	1.10748	28.516100	28.337675	0.001	
793.648	31938	2169.62	894.811	1.10748	28.516100	28.337675	0.001	
794.692	31947	2170.41	904.575	1.10748	28.516100	28.337675	0.001	
795.736	31983	2164.36	915.201	1.10748	28.516100	28.337675	0.001	
796.779	32033	2163.37	924.367	1.10748	28.516100	28.337675	0.001	
797.822	32027	2184.41	933.836	1.10748	28.516100	28.337675	0.001	
798.865	32017	2167.93	943.393	1.10748	28.516100	28.337675	0.001	
799.907	32025	2154.23	953.611	1.10748	28.516100	28.337675	0.001	
800.949	31996	2163.56	962.481	1.10748	28.516100	28.337675	0.001	
801.99	31992	2168.82	972.005	1.10748	28.516100	28.337675	0.001	
803.031	31950	2154.93	982.216	1.10748	28.516100	28.337675	0.001	
804.072	31936	2174.18	991.955	1.10748	28.516100	28.337675	0.001	
805.112	31926	2163.86	1003.33	1.10748	28.516100	28.337675	0.001	
806.152	31943	2174.48	1013.59	1.10748	28.516100	28.337675	0.001	
807.191	31917	2176.37	1023.94	1.10748	28.516100	28.337675	0.001	
808.23	31927	2167.53	1035.38	1.10748	28.516100	28.337675	0.001	
809.268	31936	2155.43	1046.72	1.10748	28.516100	28.337675	0.001	
810.307	31977	2157.51	1058.27	1.10748	28.516100	28.337675	0.001	
811.344	31997	2159.3	1068.43	1.10748	28.516100	28.337675	0.001	
812.381	32007	2174.08	1078.98	1.10748	28.516100	28.337675	0.001	
813.418	32023	2163.96	1089.73	1.10748	28.516100	28.337675	0.001	
814.454	32065	2172.7	1101.75	1.10748	28.516100	28.337675	0.001	
815.49	32032	2162.57	1111.61	1.10748	28.516100	28.337675	0.001	
816.526	32069	2168.03	1122.75	1.10748	28.516100	28.337675	0.001	
817.561	32063	2165.15	1133.77	1.10748	28.516100	28.337675	0.001	
818.596	32080	2174.58	1144.79	1.10748	28.516100	28.337675	0.001	
819.63	32076	2164.85	1155.85	1.10748	28.516100	28.337675	0.001	
820.664	32135	2177.36	1166.87	1.10748	28.516100	28.337675	0.001	
821.697	32080	2172.4	1176.49	1.10748	28.516100	28.337675	0.001	
822.73	32107	2180.83	1187.92	1.10748	28.516100	28.337675	0.001	
823.762	32087	2177.16	1198.75	1.10748	28.516100	28.337675	0.001	
824.794	32073	2176.37	1210.19	1.10748	28.516100	28.337675	0.001	
825.826	32076	2167.34	1222.46	1.10748	28.516100	28.337675	0.001	
826.857	32037	2181.83	1234.26	1.10748	28.516100	28.337675	0.001	
827.887	32058	2167.34	1245.89	1.10748	28.516100	28.337675	0.001	
828.918	32083	2180.04	1258.42	1.10748	28.516100	28.337675	0.001	
829.947	32068	2168.43	1270.95	1.10748	28.516100	28.337675	0.001	
830.977	32135	2169.72	1284.66	1.10748	28.516100	28.337675	0.001	
832.005	32142	2169.52	1296.07	1.10748	28.516100	28.337675	0.001	
833.034	32162	2171.01	1308.07	1.10748	28.516100	28.337675	0.001	
834.062	32143	2175.67	1319.98	1.10748	28.516100	28.337675	0.001	
835.089	32160	2164.76	1333.08	1.10748	28.516100	28.337675	0.001	
836.116	32218	2167.43	1345.48	1.10748	28.516100	28.337675	0.001	
837.143	32252	2172.89	1356.18	1.10748	28.516100	28.337675	0.001	
838.169	32309	2174.48	1368.47	1.10748	28.516100	28.337675	0.001	
839.194	32363	2167.73	1381.19	1.10748	28.516100	28.337675	0.001	
840.22	32413	2160.49	1395.36	1.10748	28.516100	28.337675	0.001	
841.244	32470	2167.73	1406.91	1.10748	28.516100	28.337675	0.001	
842.268	32505	2164.06	1420.11	1.10748	28.516100	28.337675	0.001	
843.292	32568	2179.64	1431.7	1.10748	28.516100	28.337675	0.001	
844.315	32584	2165.05	1443.91	1.10748	28.516100	28.337675	0.001	
845.338	32648	2177.96	1457.03	1.10748	28.516100	28.337675	0.001	
846.36	32647	2162.37	1470.05	1.10748	28.516100	28.337675	0.001	
847.382	32696	2165.65	1482.46	1.10748	28.516100	28.337675	0.001	
848.404	32669	2170.81	1494.2	1.10748	28.516100	28.337675	0.001	
849.425	32711	2174.98	1507.24	1.10748	28.516100	28.337675	0.001	
850.445	32710	2168.92	1520.21	1.10748	28.516100	28.337675	0.001	
851.465	32765	2180.83	1533.77	1.10748	28.516100	28.337675	0.001	
852.484	32844	2164.85	1549.42	1.10748	28.516100	28.337675	0.001	
853.503	32906	2160.69	1564.77	1.10748	28.516100	28.337675	0.001	
854.522	32937	2157.41	1576.59	1.10748	28.516100	28.337675	0.001	
855.54	33003	2175.77	1590.31	1.10748	28.516100	28.337675	0.001	
856.557	33072	2175.47	1604.3	1.10748	28.516100	28.337675	0.001	
857.574	33155	2168.73	1618.41	1.10748	28.516100	28.337675	0.001	
858.591	33209	2164.46	1630.68	1.10748	28.516100	28.337675	0.001	
859.607	33272	2165.25	1644.67	1.10748	28.516100	28.337675	0.001	
860.622	33324	2172	1657.42	1.10748	28.516100	28.337675	0.001	
861.637	33401	2163.96	1671.83	1.10748	28.516100	28.337675	0.001	
862.652	33467	2164.46	1687.31	1.10748	28.516100	28.337675	0.001	
863.666	33547	2168.23	1699.88	1.10748	28.516100	28.337675	0.001	
864.679	33577	2155.92	1713.83	1.10748	28.516100	28.337675	0.001	
865.692	33636	2163.86	1726.87	1.10748	28.516100	28.337675	0.001	
866.705	33667	2151.85	1741.12	1.10748	28.516100	28.337675	0.001	
867.717	33706	2157.51	1755.26	1.10748	28.516100	28.337675	0.001	
868.728	33717	2163.17	1768.93	1.10748	28.516100	28.337675	0.001	
869.739	33769	2156.32	1784.54	1.10748	28.516100	28.337675	0.001	
870.75	33773	2175.47	1796.18	1.10748	28.516100	28.337675	0.001	
871.76	33774	2157.51	1809.91	1.10748	28.516100	28.337675	0.001	
872.769	33839	2155.92	1826.3	1.10748	28.516100	28.337675	0.001	
873.778	33824	2159	1839.83	1.10748	28.516100	28.337675	0.001	
874.786	33851	2159.3	1854.67	1.10748	28.516100	28.337675	0.001	
875.794	33864	2168.33	1868.09	1.10748	28.516100	28.337675	0.001	
876.802	33863	2183.61	1882.24	1.10748	28.516100	28.337675	0.001	
877.809	33878	2171.11	1898.84	1.10748	28.516100	28.337675	0.001	
878.815	33915	2176.96	1914.48	1.10748	28.516100	28.337675	0.001	
879.821	33902	2164.26	1930.13	1.10748	28.516100	28.337675	0.001	
880.826	33983	2175.28	1946.44	1.10748	28.516100	28.337675	0.001	
881.831	33971	2174.68	1960.48	1.10748	28.516100	28.337675	0.001	
882.835	33974	2168.03	1975.7	1.10748	28.516100	28.337675	0.001	
883.839	33979	2166.34	1992.06	1.10748	28.516100	28.337675	0.001	
884.842	33984	2162.47	2006.33	1.10748	28.516100	28.337675	0.001	
885.844	34020	2167.93	2021.14	1.10748	28.516100	28.337675	0.001	
886.847	34024	2170.11	2035.65	1.10748	28.516100	28.337675	0.001	
887.848	34004	2166.74	2051.7	1.10748	28.516100	28.337675	0.001	
888.849	33949	2161.98	2066.38	1.10748	28.516100	28.337675	0.001	
889.85	33921	2165.45	2082.45	1.10748	28.516100	28.337675	0.001	
890.85	33873	2157.51	2099.31	1.10748	28.516100	28.337675	0.001	
891.849	33820	2157.11	2114.63	1.10748	28.516100	28.337675	0.001	
892.848	33789	2165.25	2128.39	1.10748	28.516100	28.337675	0.001	
893.846	33795	2168.13	2142.62	1.10748	28.516100	28.337675	0.001	
894.844	33756	2150.76	2157.42	1.10748	28.516100	28.337675	0.001	
895.841	33738	2165.65	2172.97	1.10748	28.516100	28.337675	0.001	
896.838	33685	2157.01	2187.17	1.10748	28.516100	28.337675	0.001	
897.834	33677	2160.69	2204.16	1.10748	28.516100	28.337675	0.001	
898.83	33568	2145.1	2217.88	1.10748	28.516100	28.337675	0.001	
899.825	33518	2168.23	2233.05	1.10748	28.516100	28.337675	0.001	
900.819	33450	2147.39	2248.44	1.10748	28.516100	28.337675	0.001	
901.813	33421	2163.76	2263.04	1.10748	28.516100	28.337675	0.001	
902.807	33367	2169.02	2280.99	1.10748	28.516100	28.337675	0.001	
903.799	33331	2165.55	2297.2	1.10748	28.516100	28.337675	0.001	
904.792	33246	2161.28	2314.59	1.10748	28.516100	28.337675	0.001	
905.783	33226	2170.71	2331.09	1.10748	28.516100	28.337675	0.001	
906.775	33191	2163.96	2349.61	1.10748	28.516100	28.337675	0.001	
907.765	33150	2181.33	2365.41	1.10748	28.516100	28.337675	0.001	
908.755	33122	2168.63	2383.3	1.10748	28.516100	28.337675	0.001	
909.745	33083	2172.7	2399.63	1.10748	28.516100	28.337675	0.001	
910.733	33048	2156.62	2417.24	1.10748	28.516100	28.337675	0.001	
911.722	33009	2169.72	2433.69	1.10748	28.516100	28.337675	0.001	
912.71	32964	2165.55	2450.2	1.10748	28.516100	28.337675	0.001	
913.697	32929	2172.4	2465.85	1.10748	28.516100	28.337675	0.001	
914.683	32895	2160.29	2481.77	1.10748	28.516100	28.337675	0.001	
915.669	32840	2151.36	2499.57	1.10748	28.516100	28.337675	0.001	
916.655	32765	2164.46	2515.76	1.10748	28.516100	28.337675	0.001	
917.64	32672	2165.45	2529.37	1.10748	28.516100	28.337675	0.001	
918.624	32583	2157.51	2546.28	1.10748	28.516100	28.337675	0.001	
919.608	32486	2164.26	2561.46	1.10748	28.516100	28.337675	0.001	
920.591	32365	2160.39	2577.21	1.10748	28.516100	28.337675	0.001	
921.573	32262	2177.06	2593.6	1.10748	28.516100	28.337675	0.001	
922.555	32158	2149.17	2610.05	1.10748	28.516100	28.337675	0.001	
923.537	32023	2156.32	2626.91	1.10748	28.516100	28.337675	0.001	
924.517	31912	2169.02	2644.31	1.10748	28.516100	28.337675	0.001	
925.498	31749	2161.88	2659.29	1.10748	28.516100	28.337675	0.001	
926.477	31632	2170.11	2674.86	1.10748	28.516100	28.337675	0.001	
927.456	31461	2157.51	2691.07	1.10748	28.516100	28.337675	0.001	
928.435	31325	2171.6	2706.29	1.10748	28.516100	28.337675	0.001	
929.412	31187	2161.68	2725.48	1.10748	28.516100	28.337675	0.001	
930.39	31047	2169.92	2744.15	1.10748	28.516100	28.337675	0.001	
931.366	30919	2168.53	2761.76	1.10748	28.516100	28.337675	0.001	
932.342	30733	2159.79	2778.84	1.10748	28.516100	28.337675	0.001	
933.318	30601	2168.73	2797.88	1.10748	28.516100	28.337675	0.001	
934.293	30449	2167.93	2815.31	1.10748	28.516100	28.337675	0.001	
935.267	30295	2163.76	2836.52	1.10748	28.516100	28.337675	0.001	
936.24	30132	2145.6	2857.62	1.10748	28.516100	28.337675	0.001	
937.213	29953	2174.28	2872.43	1.10748	28.516100	28.337675	0.001	
938.186	29734	2159.49	2888.77	1.10748	28.516100	28.337675	0.001	
939.158	29606	2181.33	2906.52	1.10748	28.516100	28.337675	0.001	
940.129	29365	2158.7	2920.97	1.10748	28.516100	28.337675	0.001	
941.099	29182	2170.71	2937.78	1.10748	28.516100	28.337675	0.001	
942.069	28992	2167.24	2956.91	1.10748	28.516100	28.337675	0.001	
943.039	28838	2163.96	2978	1.10748	28.516100	28.337675	0.001	
944.007	28648	2150.66	2994.41	1.10748	28.516100	28.337675	0.001	
944.975	28489	2179.94	3009	1.10748	28.516100	28.337675	0.001	
945.943	28284	2174.78	3022.07	1.10748	28.516100	28.337675	0.001	
946.91	28135	2169.72	3039.88	1.10748	28.516100	28.337675	0.001	
947.876	27958	2153.54	3057.11	1.10748	28.516100	28.337675	0.001	
948.842	27839	2164.56	3076.7	1.10748	28.516100	28.337675	0.001	
949.807	27672	2170.91	3092.77	1.10748	28.516100	28.337675	0.001	
950.771	27513	2171.01	3109.85	1.10748	28.516100	28.337675	0.001	
951.735	27334	2157.81	3124.1	1.10748	28.516100	28.337675	0.001	
952.698	27193	2187.48	3140.09	1.10748	28.516100	28.337675	0.001	
953.66	27012	2161.78	3160.34	1.10748	28.516100	28.337675	0.001	
954.622	26838	2164.95	3176.77	1.10748	28.516100	28.337675	0.001	
955.584	26647	2165.45	3193.03	1.10748	28.516100	28.337675	0.001	
956.544	26463	2169.12	3210.56	1.10748	28.516100	28.337675	0.001	
957.504	26238	2158.2	3225.04	1.10748	28.516100	28.337675	0.001	
958.463	26067	2179.25	3242.3	1.10748	28.516100	28.337675	0.001	
959.422	25821	2158.6	3258.45	1.10748	28.516100	28.337675	0.001	
960.38	25621	2164.56	3276.89	1.10748	28.516100	28.337675	0.001	
961.338	25396	2170.31	3295.52	1.10748	28.516100	28.337675	0.001	
962.294	25174	2163.07	3315.69	1.10748	28.516100	28.337675	0.001	
963.25	24988	2152.55	3337.98	1.10748	28.516100	28.337675	0.001	
964.206	24760	2170.81	3352.93	1.10748	28.516100	28.337675	0.001	
965.161	24572	2161.58	3376.5	1.10748	28.516100	28.337675	0.001	
966.115	24329	2165.85	3392.96	1.10748	28.516100	28.337675	0.001	
