452.692	2208	2125.69	8.69362	1.10748	28.516100	28.337675	0.001	
453.787	2240	2157.27	-0.734113	1.10748	28.516100	28.337675	0.001	
454.882	2227	2147.47	-1.35832	1.10748	28.516100	28.337675	0.001	
455.977	2242	2168.75	-94.218	1.10748	28.516100	28.337675	0.001	
457.072	2225	2134.2	2.26475	1.10748	28.516100	28.337675	0.001	
458.167	2252	2173.9	-34.736	1.10748	28.516100	28.337675	0.001	
459.263	2232	2148.46	0.181835	1.10748	28.516100	28.337675	0.001	
460.358	2257	2162.02	6.84923	1.10748	28.516100	28.337675	0.001	
461.453	2241	2153.6	4.0904	1.10748	28.516100	28.337675	0.001	
462.549	2232	2152.12	-3.01443	1.10748	28.516100	28.337675	0.001	
463.644	2220	2143.81	-32.4484	1.10748	28.516100	28.337675	0.001	
464.74	2236	2153.8	-0.298461	1.10748	28.516100	28.337675	0.001	
465.835	2235	2154.89	-8.31813	1.10748	28.516100	28.337675	0.001	
466.931	2248	2157.37	6.8211	1.10748	28.516100	28.337675	0.001	
468.027	2225	2138.56	26.0627	1.10748	28.516100	28.337675	0.001	
469.123	2248	2163.8	0.280678	1.10748	28.516100	28.337675	0.001	
470.219	2234	2138.96	9.38142	1.10748	28.516100	28.337675	0.001	
471.315	2242	2150.54	5.53403	1.10748	28.516100	28.337675	0.001	
472.411	2231	2143.81	3.81026	1.10748	28.516100	28.337675	0.001	
473.507	2243	2163.31	-3.48399	1.10748	28.516100	28.337675	0.001	
474.603	2224	2143.11	-0.847059	1.10748	28.516100	28.337675	0.001	
475.699	2245	2152.22	-58.6772	1.10748	28.516100	28.337675	0.001	
476.795	2236	2154.99	-1.29394	1.10748	28.516100	28.337675	0.001	
477.892	2258	2161.52	13.055	1.10748	28.516100	28.337675	0.001	
478.988	2239	2155.19	0.244453	1.10748	28.516100	28.337675	0.001	
480.084	2239	2153.11	1.79845	1.10748	28.516100	28.337675	0.001	
481.181	2234	2156.28	-2.82405	1.10748	28.516100	28.337675	0.001	
482.277	2253	2161.82	16.4999	1.10748	28.516100	28.337675	0.001	
483.374	2228	2146.18	-0.400908	1.10748	28.516100	28.337675	0.001	
484.47	2253	2154.99	40.986	1.10748	28.516100	28.337675	0.001	
485.567	2230	2150.83	-1.92343	1.10748	28.516100	28.337675	0.001	
486.663	2260	2166.47	3.06476	1.10748	28.516100	28.337675	0.001	
487.76	2245	2152.91	6.85832	1.10748	28.516100	28.337675	0.001	
488.857	2247	2165.78	-1.89741	1.10748	28.516100	28.337675	0.001	
489.954	2236	2145.69	2.63008	1.10748	28.516100	28.337675	0.001	
491.05	2235	2152.71	-0.376971	1.10748	28.516100	28.337675	0.001	
492.147	2234	2146.48	1.87893	1.10748	28.516100	28.337675	0.001	
493.244	2256	2155.78	4.97864	1.10748	28.516100	28.337675	0.001	
494.341	2255	2156.77	3.89138	1.10748	28.516100	28.337675	0.001	
495.438	2244	2170.04	-2.97906	1.10748	28.516100	28.337675	0.001	
496.535	2228	2142.91	0.618319	1.10748	28.516100	28.337675	0.001	
497.632	2243	2154.79	1.12314	1.10748	28.516100	28.337675	0.001	
498.729	2245	2154.89	1.41747	1.10748	28.516100	28.337675	0.001	
499.825	2247	2154.79	1.64423	1.10748	28.516100	28.337675	0.001	
500.922	2256	2153.11	2.83324	1.10748	28.516100	28.337675	0.001	
502.019	2258	2159.35	2.53142	1.10748	28.516100	28.337675	0.001	
503.117	2253	2151.82	2.6309	1.10748	28.516100	28.337675	0.001	
504.214	2247	2147.96	2.24301	1.10748	28.516100	28.337675	0.001	
505.311	2236	2143.31	1.31198	1.10748	28.516100	28.337675	0.001	
506.408	2246	2156.48	0.794103	1.10748	28.516100	28.337675	0.001	
507.505	2254	2158.75	1.33275	1.10748	28.516100	28.337675	0.001	
508.602	2244	2146.78	1.72703	1.10748	28.516100	28.337675	0.001	
509.699	2260	2150.93	2.74006	1.10748	28.516100	28.337675	0.001	
510.796	2260	2149.55	2.87285	1.10748	28.516100	28.337675	0.001	
511.893	2261	2155.39	2.07052	1.10748	28.516100	28.337675	0.001	
512.99	2273	2169.54	1.72935	1.10748	28.516100	28.337675	0.001	
514.087	2256	2148.26	2.06344	1.10748	28.516100	28.337675	0.001	
515.184	2262	2157.07	1.80017	1.10748	28.516100	28.337675	0.001	
516.281	2276	2149.15	3.00341	1.10748	28.516100	28.337675	0.001	
517.378	2285	2158.55	3.15229	1.10748	28.516100	28.337675	0.001	
518.475	2270	2152.71	2.30655	1.10748	28.516100	28.337675	0.001	
519.573	2285	2158.06	2.97256	1.10748	28.516100	28.337675	0.001	
520.67	2276	2148.56	2.79671	1.10748	28.516100	28.337675	0.001	
521.767	2282	2159.05	2.43837	1.10748	28.516100	28.337675	0.001	
522.864	2282	2158.75	2.46251	1.10748	28.516100	28.337675	0.001	
523.961	2307	2165.58	3.44067	1.10748	28.516100	28.337675	0.001	
525.058	2271	2146.08	2.41436	1.10748	28.516100	28.337675	0.001	
526.155	2316	2168.35	3.50387	1.10748	28.516100	28.337675	0.001	
527.252	2279	2148.95	2.43142	1.10748	28.516100	28.337675	0.001	
528.348	2310	2165.68	3.12241	1.10748	28.516100	28.337675	0.001	
529.445	2293	2149.65	2.94263	1.10748	28.516100	28.337675	0.001	
530.542	2291	2141.63	3.1748	1.10748	28.516100	28.337675	0.001	
531.639	2298	2148.66	3.05229	1.10748	28.516100	28.337675	0.001	
532.736	2329	2167.66	3.51719	1.10748	28.516100	28.337675	0.001	
533.833	2327	2152.61	4.00815	1.10748	28.516100	28.337675	0.001	
534.929	2336	2159.94	3.92151	1.10748	28.516100	28.337675	0.001	
536.026	2318	2133.61	4.22613	1.10748	28.516100	28.337675	0.001	
537.123	2336	2158.46	3.78463	1.10748	28.516100	28.337675	0.001	
538.22	2338	2142.52	4.43682	1.10748	28.516100	28.337675	0.001	
539.316	2354	2160.24	4.22615	1.10748	28.516100	28.337675	0.001	
540.413	2350	2154.79	4.19925	1.10748	28.516100	28.337675	0.001	
541.509	2366	2152.32	4.73139	1.10748	28.516100	28.337675	0.001	
542.606	2354	2138.36	4.6932	1.10748	28.516100	28.337675	0.001	
543.702	2392	2159.35	5.09781	1.10748	28.516100	28.337675	0.001	
544.799	2381	2136.88	5.42618	1.10748	28.516100	28.337675	0.001	
545.895	2392	2155.78	5.01951	1.10748	28.516100	28.337675	0.001	
546.991	2398	2147.57	5.3913	1.10748	28.516100	28.337675	0.001	
548.088	2419	2158.06	5.60742	1.10748	28.516100	28.337675	0.001	
549.184	2411	2144.2	5.69421	1.10748	28.516100	28.337675	0.001	
550.28	2428	2145.79	6.01201	1.10748	28.516100	28.337675	0.001	
551.376	2432	2142.12	6.13705	1.10748	28.516100	28.337675	0.001	
552.472	2459	2158.95	6.27181	1.10748	28.516100	28.337675	0.001	
553.568	2453	2150.24	6.22959	1.10748	28.516100	28.337675	0.001	
554.664	2472	2162.51	6.31317	1.10748	28.516100	28.337675	0.001	
555.76	2483	2151.03	6.82901	1.10748	28.516100	28.337675	0.001	
556.856	2498	2160.34	6.87543	1.10748	28.516100	28.337675	0.001	
557.952	2496	2147.47	7.08694	1.10748	28.516100	28.337675	0.001	
559.047	2538	2165.58	7.5723	1.10748	28.516100	28.337675	0.001	
560.143	2528	2147.86	7.67738	1.10748	28.516100	28.337675	0.001	
561.239	2549	2133.61	8.53128	1.10748	28.516100	28.337675	0.001	
562.334	2548	2140.04	8.24281	1.10748	28.516100	28.337675	0.001	
563.43	2576	2150.83	8.53753	1.10748	28.516100	28.337675	0.001	
564.525	2573	2153.9	8.27176	1.10748	28.516100	28.337675	0.001	
565.62	2589	2155.88	8.58139	1.10748	28.516100	28.337675	0.001	
566.715	2603	2138.66	9.23914	1.10748	28.516100	28.337675	0.001	
567.811	2631	2163.7	9.2576	1.10748	28.516100	28.337675	0.001	
568.906	2648	2139.45	10.1604	1.10748	28.516100	28.337675	0.001	
570.001	2651	2156.48	9.74034	1.10748	28.516100	28.337675	0.001	
571.095	2652	2131.33	10.3383	1.10748	28.516100	28.337675	0.001	
572.19	2673	2151.82	10.3095	1.10748	28.516100	28.337675	0.001	
573.285	2694	2139.05	11.0597	1.10748	28.516100	28.337675	0.001	
574.38	2726	2155.98	11.3384	1.10748	28.516100	28.337675	0.001	
575.474	2725	2135.09	11.7745	1.10748	28.516100	28.337675	0.001	
576.569	2742	2141.13	11.9894	1.10748	28.516100	28.337675	0.001	
577.663	2739	2138.66	11.9542	1.10748	28.516100	28.337675	0.001	
578.757	2768	2143.71	12.5019	1.10748	28.516100	28.337675	0.001	
579.851	2772	2140.04	12.6319	1.10748	28.516100	28.337675	0.001	
580.945	2810	2163.21	12.9694	1.10748	28.516100	28.337675	0.001	
582.039	2802	2135.39	13.4419	1.10748	28.516100	28.337675	0.001	
583.133	2846	2145.79	14.2456	1.10748	28.516100	28.337675	0.001	
584.227	2827	2127.77	14.2987	1.10748	28.516100	28.337675	0.001	
585.321	2859	2142.32	14.6977	1.10748	28.516100	28.337675	0.001	
586.414	2872	2138.96	15.1433	1.10748	28.516100	28.337675	0.001	
587.508	2880	2154.3	15.0244	1.10748	28.516100	28.337675	0.001	
588.601	2883	2143.01	15.4261	1.10748	28.516100	28.337675	0.001	
589.694	2909	2138.96	16.1976	1.10748	28.516100	28.337675	0.001	
590.787	2919	2139.05	16.5629	1.10748	28.516100	28.337675	0.001	
591.881	2941	2151.23	16.7881	1.10748	28.516100	28.337675	0.001	
592.973	2951	2141.23	17.3523	1.10748	28.516100	28.337675	0.001	
594.066	2960	2142.91	17.5947	1.10748	28.516100	28.337675	0.001	
595.159	2987	2152.32	18.107	1.10748	28.516100	28.337675	0.001	
596.251	3009	2150.44	18.7872	1.10748	28.516100	28.337675	0.001	
597.344	3016	2150.73	19.0104	1.10748	28.516100	28.337675	0.001	
598.436	3041	2160.53	19.4622	1.10748	28.516100	28.337675	0.001	
599.528	3049	2145.29	20.1385	1.10748	28.516100	28.337675	0.001	
600.621	3077	2149.35	20.7323	1.10748	28.516100	28.337675	0.001	
601.713	3101	2152.61	21.2893	1.10748	28.516100	28.337675	0.001	
602.804	3118	2147.76	21.8409	1.10748	28.516100	28.337675	0.001	
603.896	3124	2144.4	22.206	1.10748	28.516100	28.337675	0.001	
604.988	3137	2146.97	22.4627	1.10748	28.516100	28.337675	0.001	
606.079	3169	2149.65	23.2205	1.10748	28.516100	28.337675	0.001	
607.17	3205	2155.78	23.9771	1.10748	28.516100	28.337675	0.001	
608.262	3202	2137.77	24.4398	1.10748	28.516100	28.337675	0.001	
609.353	3243	2148.75	25.1181	1.10748	28.516100	28.337675	0.001	
610.443	3263	2148.06	25.6254	1.10748	28.516100	28.337675	0.001	
611.534	3291	2156.57	26.0935	1.10748	28.516100	28.337675	0.001	
612.625	3308	2143.9	26.8228	1.10748	28.516100	28.337675	0.001	
613.715	3331	2150.34	27.1921	1.10748	28.516100	28.337675	0.001	
614.806	3377	2155.88	28.1131	1.10748	28.516100	28.337675	0.001	
615.896	3411	2165.98	28.7251	1.10748	28.516100	28.337675	0.001	
616.986	3425	2152.02	29.3388	1.10748	28.516100	28.337675	0.001	
618.076	3478	2154.89	30.6014	1.10748	28.516100	28.337675	0.001	
619.165	3494	2158.06	30.7909	1.10748	28.516100	28.337675	0.001	
620.255	3525	2165.19	31.3091	1.10748	28.516100	28.337675	0.001	
621.344	3546	2147.57	32.1442	1.10748	28.516100	28.337675	0.001	
622.434	3576	2151.13	32.7248	1.10748	28.516100	28.337675	0.001	
623.523	3629	2149.94	33.9778	1.10748	28.516100	28.337675	0.001	
624.612	3653	2154.69	34.3938	1.10748	28.516100	28.337675	0.001	
625.701	3684	2146.97	35.2357	1.10748	28.516100	28.337675	0.001	
626.789	3747	2158.16	36.4171	1.10748	28.516100	28.337675	0.001	
627.878	3771	2149.25	37.1412	1.10748	28.516100	28.337675	0.001	
628.966	3816	2155.39	37.9765	1.10748	28.516100	28.337675	0.001	
630.054	3838	2149.55	38.6833	1.10748	28.516100	28.337675	0.001	
631.142	3882	2154.79	39.4298	1.10748	28.516100	28.337675	0.001	
632.23	3929	2153.8	40.4449	1.10748	28.516100	28.337675	0.001	
633.318	3968	2156.67	41.2027	1.10748	28.516100	28.337675	0.001	
634.405	3997	2150.83	42.0004	1.10748	28.516100	28.337675	0.001	
635.492	4048	2155.78	43.0155	1.10748	28.516100	28.337675	0.001	
636.579	4086	2151.92	43.8716	1.10748	28.516100	28.337675	0.001	
637.666	4126	2147.86	44.859	1.10748	28.516100	28.337675	0.001	
638.753	4169	2153.7	45.6011	1.10748	28.516100	28.337675	0.001	
639.84	4231	2158.55	46.8806	1.10748	28.516100	28.337675	0.001	
640.926	4259	2150.64	47.724	1.10748	28.516100	28.337675	0.001	
642.012	4310	2157.66	48.6446	1.10748	28.516100	28.337675	0.001	
643.098	4359	2153.6	49.7565	1.10748	28.516100	28.337675	0.001	
644.184	4414	2161.52	50.7307	1.10748	28.516100	28.337675	0.001	
645.27	4443	2154.3	51.5208	1.10748	28.516100	28.337675	0.001	
646.355	4525	2173.4	52.8456	1.10748	28.516100	28.337675	0.001	
647.441	4565	2157.66	54.0408	1.10748	28.516100	28.337675	0.001	
648.526	4616	2156.87	55.0226	1.10748	28.516100	28.337675	0.001	
649.611	4655	2147.67	56.2062	1.10748	28.516100	28.337675	0.001	
650.695	4710	2164.89	56.9564	1.10748	28.516100	28.337675	0.001	
651.78	4769	2152.22	58.4989	1.10748	28.516100	28.337675	0.001	
652.864	4831	2165.29	59.497	1.10748	28.516100	28.337675	0.001	
653.948	4896	2153.9	61.2455	1.10748	28.516100	28.337675	0.001	
655.032	4938	2153.41	62.075	1.10748	28.516100	28.337675	0.001	
656.116	4999	2156.48	63.2267	1.10748	28.516100	28.337675	0.001	
657.199	5073	2159.94	64.7102	1.10748	28.516100	28.337675	0.001	
658.283	5116	2147.47	65.9044	1.10748	28.516100	28.337675	0.001	
659.366	5192	2166.47	66.9847	1.10748	28.516100	28.337675	0.001	
660.448	5255	2151.53	68.6915	1.10748	28.516100	28.337675	0.001	
661.531	5300	2149.65	69.545	1.10748	28.516100	28.337675	0.001	
662.614	5375	2152.71	71.1341	1.10748	28.516100	28.337675	0.001	
663.696	5447	2171.03	72.1174	1.10748	28.516100	28.337675	0.001	
664.778	5509	2155.78	73.6712	1.10748	28.516100	28.337675	0.001	
665.86	5566	2157.07	74.9309	1.10748	28.516100	28.337675	0.001	
666.941	5628	2139.75	76.4624	1.10748	28.516100	28.337675	0.001	
668.023	5712	2154.89	77.894	1.10748	28.516100	28.337675	0.001	
669.104	5794	2158.16	79.4021	1.10748	28.516100	28.337675	0.001	
670.185	5868	2157.86	80.9867	1.10748	28.516100	28.337675	0.001	
671.265	5928	2147.76	82.3331	1.10748	28.516100	28.337675	0.001	
672.346	5993	2152.22	83.5643	1.10748	28.516100	28.337675	0.001	
673.426	6079	2147.57	85.5339	1.10748	28.516100	28.337675	0.001	
674.506	6165	2170.43	86.629	1.10748	28.516100	28.337675	0.001	
675.586	6227	2141.92	88.552	1.10748	28.516100	28.337675	0.001	
676.665	6314	2171.82	89.531	1.10748	28.516100	28.337675	0.001	
677.745	6392	2151.03	91.4521	1.10748	28.516100	28.337675	0.001	
678.824	6473	2162.71	92.7554	1.10748	28.516100	28.337675	0.001	
679.903	6570	2153.21	94.8615	1.10748	28.516100	28.337675	0.001	
680.981	6673	2171.03	96.4319	1.10748	28.516100	28.337675	0.001	
682.059	6742	2145.98	98.3327	1.10748	28.516100	28.337675	0.001	
683.138	6846	2165.78	99.8128	1.10748	28.516100	28.337675	0.001	
684.215	6941	2169.24	101.508	1.10748	28.516100	28.337675	0.001	
685.293	7041	2169.05	103.42	1.10748	28.516100	28.337675	0.001	
686.37	7121	2155.58	105.243	1.10748	28.516100	28.337675	0.001	
687.448	7224	2166.27	106.871	1.10748	28.516100	28.337675	0.001	
688.524	7336	2165.58	108.837	1.10748	28.516100	28.337675	0.001	
689.601	7424	2157.27	110.548	1.10748	28.516100	28.337675	0.001	
690.678	7531	2149.84	112.639	1.10748	28.516100	28.337675	0.001	
691.754	7648	2156.28	114.507	1.10748	28.516100	28.337675	0.001	
692.83	7756	2163.8	116.21	1.10748	28.516100	28.337675	0.001	
693.905	7863	2155.09	118.294	1.10748	28.516100	28.337675	0.001	
694.98	7972	2138.86	120.57	1.10748	28.516100	28.337675	0.001	
696.056	8094	2157.47	122.301	1.10748	28.516100	28.337675	0.001	
697.13	8197	2152.42	123.987	1.10748	28.516100	28.337675	0.001	
698.205	8361	2164.2	126.816	1.10748	28.516100	28.337675	0.001	
699.279	8441	2149.45	128.313	1.10748	28.516100	28.337675	0.001	
700.353	8584	2163.11	130.643	1.10748	28.516100	28.337675	0.001	
701.427	8705	2156.77	132.635	1.10748	28.516100	28.337675	0.001	
702.501	8850	2150.04	135.179	1.10748	28.516100	28.337675	0.001	
703.574	8977	2158.75	137.153	1.10748	28.516100	28.337675	0.001	
704.647	9116	2171.52	139.115	1.10748	28.516100	28.337675	0.001	
705.719	9248	2150.93	141.551	1.10748	28.516100	28.337675	0.001	
706.792	9419	2156.38	144.211	1.10748	28.516100	28.337675	0.001	
707.864	9546	2163.11	146.067	1.10748	28.516100	28.337675	0.001	
708.936	9708	2163.5	148.741	1.10748	28.516100	28.337675	0.001	
710.007	9836	2162.02	150.792	1.10748	28.516100	28.337675	0.001	
711.079	9981	2159.94	153.304	1.10748	28.516100	28.337675	0.001	
712.15	10126	2159.54	155.669	1.10748	28.516100	28.337675	0.001	
713.221	10271	2157.27	158.061	1.10748	28.516100	28.337675	0.001	
714.291	10447	2156.97	160.892	1.10748	28.516100	28.337675	0.001	
715.361	10608	2167.17	163.423	1.10748	28.516100	28.337675	0.001	
716.431	10749	2150.93	165.917	1.10748	28.516100	28.337675	0.001	
717.501	10915	2161.72	168.413	1.10748	28.516100	28.337675	0.001	
718.57	11070	2164.99	171.009	1.10748	28.516100	28.337675	0.001	
719.639	11239	2171.62	173.561	1.10748	28.516100	28.337675	0.001	
720.707	11380	2152.02	176.438	1.10748	28.516100	28.337675	0.001	
721.776	11559	2161.23	179.182	1.10748	28.516100	28.337675	0.001	
722.844	11711	2163.21	181.715	1.10748	28.516100	28.337675	0.001	
723.912	11883	2174.99	184.435	1.10748	28.516100	28.337675	0.001	
724.979	12033	2159.94	187.467	1.10748	28.516100	28.337675	0.001	
726.046	12161	2170.14	189.423	1.10748	28.516100	28.337675	0.001	
727.113	12328	2169.34	192.612	1.10748	28.516100	28.337675	0.001	
728.18	12462	2171.62	195.57	1.10748	28.516100	28.337675	0.001	
729.246	12591	2151.92	198.558	1.10748	28.516100	28.337675	0.001	
730.312	12716	2161.23	201.365	1.10748	28.516100	28.337675	0.001	
731.378	12852	2149.94	204.573	1.10748	28.516100	28.337675	0.001	
732.443	13008	2163.7	207.947	1.10748	28.516100	28.337675	0.001	
733.508	13115	2153.9	210.77	1.10748	28.516100	28.337675	0.001	
734.573	13244	2168.75	213.615	1.10748	28.516100	28.337675	0.001	
735.637	13354	2164.1	216.721	1.10748	28.516100	28.337675	0.001	
736.701	13499	2174	220.395	1.10748	28.516100	28.337675	0.001	
737.765	13582	2159.35	223.165	1.10748	28.516100	28.337675	0.001	
738.829	13696	2168.55	226.316	1.10748	28.516100	28.337675	0.001	
739.892	13786	2164.69	229.457	1.10748	28.516100	28.337675	0.001	
740.955	13898	2171.82	232.833	1.10748	28.516100	28.337675	0.001	
742.017	13965	2150.44	235.997	1.10748	28.516100	28.337675	0.001	
743.079	14056	2164.79	239.064	1.10748	28.516100	28.337675	0.001	
744.141	14130	2160.73	242.383	1.10748	28.516100	28.337675	0.001	
745.202	14218	2168.35	245.899	1.10748	28.516100	28.337675	0.001	
746.264	14294	2156.67	249.528	1.10748	28.516100	28.337675	0.001	
747.324	14385	2170.93	252.844	1.10748	28.516100	28.337675	0.001	
748.385	14475	2162.02	256.747	1.10748	28.516100	28.337675	0.001	
749.445	14543	2153.11	260.54	1.10748	28.516100	28.337675	0.001	
750.505	14597	2170.43	263.181	1.10748	28.516100	28.337675	0.001	
751.564	14681	2167.86	267.125	1.10748	28.516100	28.337675	0.001	
752.623	14780	2156.87	271.364	1.10748	28.516100	28.337675	0.001	
753.682	14850	2164.49	274.912	1.10748	28.516100	28.337675	0.001	
754.741	14920	2162.71	278.464	1.10748	28.516100	28.337675	0.001	
755.799	14999	2164.39	282.287	1.10748	28.516100	28.337675	0.001	
756.857	15088	2158.26	286.036	1.10748	28.516100	28.337675	0.001	
757.914	15183	2163.11	290.09	1.10748	28.516100	28.337675	0.001	
758.971	15257	2168.25	293.524	1.10748	28.516100	28.337675	0.001	
760.028	15325	2158.46	297.294	1.10748	28.516100	28.337675	0.001	
761.084	15408	2170.04	301.012	1.10748	28.516100	28.337675	0.001	
762.14	15481	2156.87	305.199	1.10748	28.516100	28.337675	0.001	
763.196	15549	2169.44	309.34	1.10748	28.516100	28.337675	0.001	
764.251	15602	2156.28	313.257	1.10748	28.516100	28.337675	0.001	
765.306	15687	2164.69	317.521	1.10748	28.516100	28.337675	0.001	
766.36	15751	2165.68	321.546	1.10748	28.516100	28.337675	0.001	
767.415	15811	2152.91	325.607	1.10748	28.516100	28.337675	0.001	
768.468	15899	2167.07	330.06	1.10748	28.516100	28.337675	0.001	
769.522	15961	2148.56	334.238	1.10748	28.516100	28.337675	0.001	
770.575	16061	2162.02	338.883	1.10748	28.516100	28.337675	0.001	
771.628	16126	2159.64	343.122	1.10748	28.516100	28.337675	0.001	
772.68	16192	2174.09	347.032	1.10748	28.516100	28.337675	0.001	
773.732	16245	2151.92	351.617	1.10748	28.516100	28.337675	0.001	
774.784	16337	2168.45	356.128	1.10748	28.516100	28.337675	0.001	
775.835	16403	2162.41	360.805	1.10748	28.516100	28.337675	0.001	
776.886	16494	2165.98	365.843	1.10748	28.516100	28.337675	0.001	
777.936	16531	2162.12	369.349	1.10748	28.516100	28.337675	0.001	
778.986	16644	2173.5	374.266	1.10748	28.516100	28.337675	0.001	
780.036	16686	2153.41	378.68	1.10748	28.516100	28.337675	0.001	
781.086	16700	2153.41	382.647	1.10748	28.516100	28.337675	0.001	
782.135	16747	2153.11	387.478	1.10748	28.516100	28.337675	0.001	
783.183	16794	2169.05	392.196	1.10748	28.516100	28.337675	0.001	
784.231	16836	2151.23	397.609	1.10748	28.516100	28.337675	0.001	
785.279	16851	2165.38	402.217	1.10748	28.516100	28.337675	0.001	
786.327	16892	2146.38	407.249	1.10748	28.516100	28.337675	0.001	
787.374	16930	2162.71	411.997	1.10748	28.516100	28.337675	0.001	
788.42	16960	2154.79	417.305	1.10748	28.516100	28.337675	0.001	
789.466	16996	2160.93	422.337	1.10748	28.516100	28.337675	0.001	
790.512	17011	2160.04	427.284	1.10748	28.516100	28.337675	0.001	
791.558	17062	2161.42	432.464	1.10748	28.516100	28.337675	0.001	
792.603	17075	2163.7	437.623	1.10748	28.516100	28.337675	0.001	
793.648	17108	2163.8	442.361	1.10748	28.516100	28.337675	0.001	
794.692	17129	2164.59	447.675	1.10748	28.516100	28.337675	0.001	
795.736	17169	2158.55	453.696	1.10748	28.516100	28.337675	0.001	
796.779	17193	2157.56	458.21	1.10748	28.516100	28.337675	0.001	
797.822	17211	2178.55	463.228	1.10748	28.516100	28.337675	0.001	
798.865	17217	2162.12	468.586	1.10748	28.516100	28.337675	0.001	
799.907	17239	2148.46	474.457	1.10748	28.516100	28.337675	0.001	
800.949	17254	2157.76	479.681	1.10748	28.516100	28.337675	0.001	
801.99	17251	2163.01	484.309	1.10748	28.516100	28.337675	0.001	
803.031	17230	2149.15	489.646	1.10748	28.516100	28.337675	0.001	
804.072	17261	2168.35	495.449	1.10748	28.516100	28.337675	0.001	
805.112	17251	2158.06	501.144	1.10748	28.516100	28.337675	0.001	
806.152	17277	2168.65	506.673	1.10748	28.516100	28.337675	0.001	
807.191	17288	2170.53	512.656	1.10748	28.516100	28.337675	0.001	
808.23	17283	2161.72	518.183	1.10748	28.516100	28.337675	0.001	
809.268	17301	2149.65	524.546	1.10748	28.516100	28.337675	0.001	
810.307	17353	2151.72	531.395	1.10748	28.516100	28.337675	0.001	
811.344	17377	2153.51	536.957	1.10748	28.516100	28.337675	0.001	
812.381	17397	2168.25	542.525	1.10748	28.516100	28.337675	0.001	
813.418	17408	2158.16	548.219	1.10748	28.516100	28.337675	0.001	
814.454	17441	2166.87	554.518	1.10748	28.516100	28.337675	0.001	
815.49	17444	2156.77	560.418	1.10748	28.516100	28.337675	0.001	
816.526	17495	2162.22	567.132	1.10748	28.516100	28.337675	0.001	
817.561	17484	2159.35	572.454	1.10748	28.516100	28.337675	0.001	
818.596	17513	2168.75	578.609	1.10748	28.516100	28.337675	0.001	
819.63	17527	2159.05	585.011	1.10748	28.516100	28.337675	0.001	
820.664	17565	2171.52	590.633	1.10748	28.516100	28.337675	0.001	
821.697	17556	2166.57	596.374	1.10748	28.516100	28.337675	0.001	
822.73	17588	2174.99	602.715	1.10748	28.516100	28.337675	0.001	
823.762	17589	2171.32	608.741	1.10748	28.516100	28.337675	0.001	
824.794	17591	2170.53	614.94	1.10748	28.516100	28.337675	0.001	
825.826	17585	2161.52	621.05	1.10748	28.516100	28.337675	0.001	
826.857	17581	2175.98	627.425	1.10748	28.516100	28.337675	0.001	
827.887	17620	2161.52	634.809	1.10748	28.516100	28.337675	0.001	
828.918	17629	2174.19	640.756	1.10748	28.516100	28.337675	0.001	
829.947	17641	2162.61	648.224	1.10748	28.516100	28.337675	0.001	
830.977	17696	2163.9	656.047	1.10748	28.516100	28.337675	0.001	
832.005	17702	2163.7	661.981	1.10748	28.516100	28.337675	0.001	
833.034	17725	2165.19	668.625	1.10748	28.516100	28.337675	0.001	
834.062	17743	2169.84	675.842	1.10748	28.516100	28.337675	0.001	
835.089	17741	2158.95	682.305	1.10748	28.516100	28.337675	0.001	
836.116	17791	2161.62	689.468	1.10748	28.516100	28.337675	0.001	
837.143	17837	2167.07	696.1	1.10748	28.516100	28.337675	0.001	
838.169	17865	2168.65	702.281	1.10748	28.516100	28.337675	0.001	
839.194	17913	2161.92	709.858	1.10748	28.516100	28.337675	0.001	
840.22	17934	2154.69	717.054	1.10748	28.516100	28.337675	0.001	
841.244	17998	2161.92	724.405	1.10748	28.516100	28.337675	0.001	
842.268	18009	2158.26	730.933	1.10748	28.516100	28.337675	0.001	
843.292	18064	2173.8	737.563	1.10748	28.516100	28.337675	0.001	
844.315	18081	2159.25	744.598	1.10748	28.516100	28.337675	0.001	
845.338	18121	2172.11	751.357	1.10748	28.516100	28.337675	0.001	
846.36	18147	2156.57	759.722	1.10748	28.516100	28.337675	0.001	
847.382	18169	2159.84	765.863	1.10748	28.516100	28.337675	0.001	
848.404	18176	2164.99	772.853	1.10748	28.516100	28.337675	0.001	
849.425	18239	2169.15	781.507	1.10748	28.516100	28.337675	0.001	
850.445	18224	2163.11	787.658	1.10748	28.516100	28.337675	0.001	
851.465	18282	2174.99	795.838	1.10748	28.516100	28.337675	0.001	
852.484	18307	2159.05	803.485	1.10748	28.516100	28.337675	0.001	
853.503	18366	2154.89	812.875	1.10748	28.516100	28.337675	0.001	
854.522	18404	2151.63	820.203	1.10748	28.516100	28.337675	0.001	
855.54	18465	2169.94	828.211	1.10748	28.516100	28.337675	0.001	
856.557	18503	2169.64	835.564	1.10748	28.516100	28.337675	0.001	
857.574	18544	2162.91	842.906	1.10748	28.516100	28.337675	0.001	
858.591	18594	2158.65	850.517	1.10748	28.516100	28.337675	0.001	
859.607	18622	2159.45	857.489	1.10748	28.516100	28.337675	0.001	
860.622	18684	2166.18	865.786	1.10748	28.516100	28.337675	0.001	
861.637	18747	2158.16	874.685	1.10748	28.516100	28.337675	0.001	
862.652	18766	2158.65	881.883	1.10748	28.516100	28.337675	0.001	
863.666	18845	2162.41	890.315	1.10748	28.516100	28.337675	0.001	
864.679	18869	2150.14	898.373	1.10748	28.516100	28.337675	0.001	
865.692	18900	2158.06	904.957	1.10748	28.516100	28.337675	0.001	
866.705	18940	2146.08	914.036	1.10748	28.516100	28.337675	0.001	
867.717	18971	2151.72	921.867	1.10748	28.516100	28.337675	0.001	
868.728	19000	2157.37	930.192	1.10748	28.516100	28.337675	0.001	
869.739	19028	2150.54	938.582	1.10748	28.516100	28.337675	0.001	
870.75	19047	2169.64	945.144	1.10748	28.516100	28.337675	0.001	
871.76	19080	2151.72	954.726	1.10748	28.516100	28.337675	0.001	
872.769	19085	2150.14	961.667	1.10748	28.516100	28.337675	0.001	
873.778	19115	2153.21	970.926	1.10748	28.516100	28.337675	0.001	
874.786	19121	2153.51	978.245	1.10748	28.516100	28.337675	0.001	
875.794	19181	2162.51	988.2	1.10748	28.516100	28.337675	0.001	
876.802	19176	2177.76	994.989	1.10748	28.516100	28.337675	0.001	
877.809	19211	2165.29	1005.73	1.10748	28.516100	28.337675	0.001	
878.815	19214	2171.13	1012.81	1.10748	28.516100	28.337675	0.001	
879.821	19250	2158.46	1024.09	1.10748	28.516100	28.337675	0.001	
880.826	19295	2169.44	1032.47	1.10748	28.516100	28.337675	0.001	
881.831	19302	2168.85	1040.78	1.10748	28.516100	28.337675	0.001	
882.835	19301	2162.22	1048.89	1.10748	28.516100	28.337675	0.001	
883.839	19295	2160.53	1057.08	1.10748	28.516100	28.337675	0.001	
884.842	19337	2156.67	1067.25	1.10748	28.516100	28.337675	0.001	
885.844	19358	2162.12	1075.05	1.10748	28.516100	28.337675	0.001	
886.847	19377	2164.3	1083.78	1.10748	28.516100	28.337675	0.001	
887.848	19365	2160.93	1092.36	1.10748	28.516100	28.337675	0.001	
888.849	19352	2156.18	1101.44	1.10748	28.516100	28.337675	0.001	
889.85	19344	2159.64	1110.38	1.10748	28.516100	28.337675	0.001	
890.85	19312	2151.72	1119.23	1.10748	28.516100	28.337675	0.001	
891.849	19313	2151.33	1129.42	1.10748	28.516100	28.337675	0.001	
892.848	19336	2159.45	1139.22	1.10748	28.516100	28.337675	0.001	
893.846	19318	2162.32	1145.29	1.10748	28.516100	28.337675	0.001	
894.844	19319	2144.99	1155.29	1.10748	28.516100	28.337675	0.001	
895.841	19324	2159.84	1164.17	1.10748	28.516100	28.337675	0.001	
896.838	19316	2151.23	1173.53	1.10748	28.516100	28.337675	0.001	
897.834	19298	2154.89	1181.58	1.10748	28.516100	28.337675	0.001	
898.83	19264	2139.35	1191.28	1.10748	28.516100	28.337675	0.001	
899.825	19263	2162.41	1200.56	1.10748	28.516100	28.337675	0.001	
900.819	19224	2141.63	1209.42	1.10748	28.516100	28.337675	0.001	
901.813	19229	2157.96	1218.25	1.10748	28.516100	28.337675	0.001	
902.807	19212	2163.21	1228.68	1.10748	28.516100	28.337675	0.001	
903.799	19207	2159.74	1238.63	1.10748	28.516100	28.337675	0.001	
904.792	19160	2155.49	1248.16	1.10748	28.516100	28.337675	0.001	
905.783	19168	2164.89	1258.16	1.10748	28.516100	28.337675	0.001	
906.775	19138	2158.16	1267.59	1.10748	28.516100	28.337675	0.001	
907.765	19153	2175.48	1278.38	1.10748	28.516100	28.337675	0.001	
908.755	19133	2162.81	1288.16	1.10748	28.516100	28.337675	0.001	
909.745	19120	2166.87	1297.51	1.10748	28.516100	28.337675	0.001	
910.733	19109	2150.83	1308.28	1.10748	28.516100	28.337675	0.001	
911.722	19109	2163.9	1318.42	1.10748	28.516100	28.337675	0.001	
912.71	19086	2159.74	1327.67	1.10748	28.516100	28.337675	0.001	
913.697	19096	2166.57	1338.27	1.10748	28.516100	28.337675	0.001	
914.683	19076	2154.5	1347.27	1.10748	28.516100	28.337675	0.001	
915.669	19050	2145.59	1357.65	1.10748	28.516100	28.337675	0.001	
916.655	19014	2158.65	1366.42	1.10748	28.516100	28.337675	0.001	
917.64	18976	2159.64	1374.93	1.10748	28.516100	28.337675	0.001	
918.624	18939	2151.72	1385.48	1.10748	28.516100	28.337675	0.001	
919.608	18876	2158.46	1392.72	1.10748	28.516100	28.337675	0.001	
920.591	18828	2154.59	1403.11	1.10748	28.516100	28.337675	0.001	
921.573	18794	2171.22	1413.4	1.10748	28.516100	28.337675	0.001	
922.555	18753	2143.41	1424.98	1.10748	28.516100	28.337675	0.001	
923.537	18677	2150.54	1433.85	1.10748	28.516100	28.337675	0.001	
924.517	18634	2163.21	1444.53	1.10748	28.516100	28.337675	0.001	
925.498	18539	2156.08	1452.66	1.10748	28.516100	28.337675	0.001	
926.477	18488	2164.3	1462.15	1.10748	28.516100	28.337675	0.001	
927.456	18411	2151.72	1473.27	1.10748	28.516100	28.337675	0.001	
928.435	18339	2165.78	1481.39	1.10748	28.516100	28.337675	0.001	
929.412	18280	2155.88	1494.06	1.10748	28.516100	28.337675	0.001	
930.39	18193	2164.1	1503.13	1.10748	28.516100	28.337675	0.001	
931.366	18144	2162.71	1515.04	1.10748	28.516100	28.337675	0.001	
932.342	18041	2154	1524.93	1.10748	28.516100	28.337675	0.001	
933.318	17978	2162.91	1536.08	1.10748	28.516100	28.337675	0.001	
934.293	17912	2162.12	1547.62	1.10748	28.516100	28.337675	0.001	
935.267	17828	2157.96	1559.74	1.10748	28.516100	28.337675	0.001	
936.24	17732	2139.85	1571.74	1.10748	28.516100	28.337675	0.001	
937.213	17667	2168.45	1582.25	1.10748	28.516100	28.337675	0.001	
938.186	17540	2153.7	1591.57	1.10748	28.516100	28.337675	0.001	
939.158	17473	2175.48	1600.83	1.10748	28.516100	28.337675	0.001	
940.129	17330	2152.91	1609.11	1.10748	28.516100	28.337675	0.001	
941.099	17259	2164.89	1621.27	1.10748	28.516100	28.337675	0.001	
942.069	17158	2161.42	1632.68	1.10748	28.516100	28.337675	0.001	
943.039	17078	2158.16	1645.26	1.10748	28.516100	28.337675	0.001	
944.007	16981	2144.89	1656.17	1.10748	28.516100	28.337675	0.001	
944.975	16902	2174.09	1663.95	1.10748	28.516100	28.337675	0.001	
945.943	16788	2168.95	1671.66	1.10748	28.516100	28.337675	0.001	
946.91	16737	2163.9	1685.67	1.10748	28.516100	28.337675	0.001	
947.876	16648	2147.76	1697.42	1.10748	28.516100	28.337675	0.001	
948.842	16558	2158.75	1704.98	1.10748	28.516100	28.337675	0.001	
949.807	16511	2165.09	1719.32	1.10748	28.516100	28.337675	0.001	
950.771	16413	2165.19	1727.84	1.10748	28.516100	28.337675	0.001	
951.735	16310	2152.02	1736.29	1.10748	28.516100	28.337675	0.001	
952.698	16230	2181.62	1743.49	1.10748	28.516100	28.337675	0.001	
953.66	16148	2155.98	1758.82	1.10748	28.516100	28.337675	0.001	
954.622	16038	2159.15	1766.32	1.10748	28.516100	28.337675	0.001	
955.584	15959	2159.64	1779.16	1.10748	28.516100	28.337675	0.001	
956.544	15854	2163.31	1788.64	1.10748	28.516100	28.337675	0.001	
957.504	15749	2152.42	1800.42	1.10748	28.516100	28.337675	0.001	
958.463	15644	2173.4	1807.71	1.10748	28.516100	28.337675	0.001	
959.422	15507	2152.81	1818.36	1.10748	28.516100	28.337675	0.001	
960.38	15401	2158.75	1829.35	1.10748	28.516100	28.337675	0.001	
961.338	15286	2164.49	1841.21	1.10748	28.516100	28.337675	0.001	
962.294	15179	2157.27	1855.74	1.10748	28.516100	28.337675	0.001	
963.25	15072	2146.78	1868.75	1.10748	28.516100	28.337675	0.001	
964.206	14954	2164.99	1877.67	1.10748	28.516100	28.337675	0.001	
965.161	14845	2155.78	1891.21	1.10748	28.516100	28.337675	0.001	
966.115	14721	2160.04	1902.35	1.10748	28.516100	28.337675	0.001	
