452.692	2207	2127.22	-359.994	1.10748	28.516100	28.337675	0.001	
453.787	2239	2158.81	-3.50632	1.10748	28.516100	28.337675	0.001	
454.882	2233	2149.01	0.337783	1.10748	28.516100	28.337675	0.001	
455.977	2242	2170.3	-108.557	1.10748	28.516100	28.337675	0.001	
457.072	2232	2135.73	3.75399	1.10748	28.516100	28.337675	0.001	
458.167	2246	2175.46	-79.2993	1.10748	28.516100	28.337675	0.001	
459.263	2229	2150	-1.68673	1.10748	28.516100	28.337675	0.001	
460.358	2254	2163.57	4.07643	1.10748	28.516100	28.337675	0.001	
461.453	2240	2155.15	1.5002	1.10748	28.516100	28.337675	0.001	
462.549	2248	2153.66	9.93834	1.10748	28.516100	28.337675	0.001	
463.644	2219	2145.34	-44.9625	1.10748	28.516100	28.337675	0.001	
464.74	2239	2155.35	0.0821097	1.10748	28.516100	28.337675	0.001	
465.835	2249	2156.44	23.65	1.10748	28.516100	28.337675	0.001	
466.931	2245	2158.91	2.46336	1.10748	28.516100	28.337675	0.001	
468.027	2222	2140.09	-6.15091	1.10748	28.516100	28.337675	0.001	
469.123	2248	2165.35	-0.564455	1.10748	28.516100	28.337675	0.001	
470.219	2241	2140.49	13.5061	1.10748	28.516100	28.337675	0.001	
471.315	2244	2152.08	5.80127	1.10748	28.516100	28.337675	0.001	
472.411	2232	2145.34	3.28005	1.10748	28.516100	28.337675	0.001	
473.507	2243	2164.86	-4.90239	1.10748	28.516100	28.337675	0.001	
474.603	2236	2144.65	3.54107	1.10748	28.516100	28.337675	0.001	
475.699	2248	2153.76	-67.2787	1.10748	28.516100	28.337675	0.001	
476.795	2243	2156.54	1.70511	1.10748	28.516100	28.337675	0.001	
477.892	2253	2163.07	6.36587	1.10748	28.516100	28.337675	0.001	
478.988	2239	2156.73	-0.596156	1.10748	28.516100	28.337675	0.001	
480.084	2256	2154.65	12.36	1.10748	28.516100	28.337675	0.001	
481.181	2246	2157.82	2.36046	1.10748	28.516100	28.337675	0.001	
482.277	2254	2163.37	15.1779	1.10748	28.516100	28.337675	0.001	
483.374	2231	2147.72	0.0715313	1.10748	28.516100	28.337675	0.001	
484.47	2264	2156.54	67.2387	1.10748	28.516100	28.337675	0.001	
485.567	2246	2152.38	4.97264	1.10748	28.516100	28.337675	0.001	
486.663	2255	2168.03	0.989276	1.10748	28.516100	28.337675	0.001	
487.76	2251	2154.46	10.276	1.10748	28.516100	28.337675	0.001	
488.857	2245	2167.33	-4.61765	1.10748	28.516100	28.337675	0.001	
489.954	2233	2147.22	0.979252	1.10748	28.516100	28.337675	0.001	
491.05	2250	2154.26	4.84486	1.10748	28.516100	28.337675	0.001	
492.147	2245	2148.02	5.80469	1.10748	28.516100	28.337675	0.001	
493.244	2257	2157.33	4.80034	1.10748	28.516100	28.337675	0.001	
494.341	2269	2158.32	7.1456	1.10748	28.516100	28.337675	0.001	
495.438	2254	2171.59	-0.464007	1.10748	28.516100	28.337675	0.001	
496.535	2241	2144.45	3.82894	1.10748	28.516100	28.337675	0.001	
497.632	2261	2156.34	4.89948	1.10748	28.516100	28.337675	0.001	
498.729	2264	2156.44	5.05797	1.10748	28.516100	28.337675	0.001	
499.825	2276	2156.34	6.71907	1.10748	28.516100	28.337675	0.001	
500.922	2267	2154.65	4.19033	1.10748	28.516100	28.337675	0.001	
502.019	2285	2160.89	6.77354	1.10748	28.516100	28.337675	0.001	
503.117	2267	2153.37	4.44764	1.10748	28.516100	28.337675	0.001	
504.214	2277	2149.5	6.2347	1.10748	28.516100	28.337675	0.001	
505.311	2273	2144.85	6.05906	1.10748	28.516100	28.337675	0.001	
506.408	2285	2158.02	5.63752	1.10748	28.516100	28.337675	0.001	
507.505	2304	2160.3	6.81272	1.10748	28.516100	28.337675	0.001	
508.602	2299	2148.31	8.22588	1.10748	28.516100	28.337675	0.001	
509.699	2299	2152.47	6.7	1.10748	28.516100	28.337675	0.001	
510.796	2294	2151.09	6.28049	1.10748	28.516100	28.337675	0.001	
511.893	2316	2156.93	7.03741	1.10748	28.516100	28.337675	0.001	
512.99	2333	2171.1	6.88656	1.10748	28.516100	28.337675	0.001	
514.087	2325	2149.8	7.70556	1.10748	28.516100	28.337675	0.001	
515.184	2333	2158.62	7.6069	1.10748	28.516100	28.337675	0.001	
516.281	2346	2150.69	7.70198	1.10748	28.516100	28.337675	0.001	
517.378	2358	2160.1	8.38978	1.10748	28.516100	28.337675	0.001	
518.475	2362	2154.26	8.43411	1.10748	28.516100	28.337675	0.001	
519.573	2381	2159.61	9.42561	1.10748	28.516100	28.337675	0.001	
520.67	2380	2150.1	9.25597	1.10748	28.516100	28.337675	0.001	
521.767	2380	2160.6	8.39541	1.10748	28.516100	28.337675	0.001	
522.864	2396	2160.3	9.42292	1.10748	28.516100	28.337675	0.001	
523.961	2422	2167.14	10.205	1.10748	28.516100	28.337675	0.001	
525.058	2404	2147.62	9.98547	1.10748	28.516100	28.337675	0.001	
526.155	2433	2169.91	9.84097	1.10748	28.516100	28.337675	0.001	
527.252	2451	2150.49	11.2612	1.10748	28.516100	28.337675	0.001	
528.348	2476	2167.23	11.5969	1.10748	28.516100	28.337675	0.001	
529.445	2464	2151.19	11.2231	1.10748	28.516100	28.337675	0.001	
530.542	2481	2143.16	12.1679	1.10748	28.516100	28.337675	0.001	
531.639	2500	2150.2	12.2891	1.10748	28.516100	28.337675	0.001	
532.736	2536	2169.22	12.8377	1.10748	28.516100	28.337675	0.001	
533.833	2530	2154.16	12.8687	1.10748	28.516100	28.337675	0.001	
534.929	2567	2161.49	13.6462	1.10748	28.516100	28.337675	0.001	
536.026	2558	2135.14	14.1229	1.10748	28.516100	28.337675	0.001	
537.123	2597	2160	14.2241	1.10748	28.516100	28.337675	0.001	
538.22	2606	2144.06	14.9381	1.10748	28.516100	28.337675	0.001	
539.316	2641	2161.79	15.1731	1.10748	28.516100	28.337675	0.001	
540.413	2665	2156.34	15.9685	1.10748	28.516100	28.337675	0.001	
541.509	2685	2153.86	16.2502	1.10748	28.516100	28.337675	0.001	
542.606	2691	2139.89	16.5428	1.10748	28.516100	28.337675	0.001	
543.702	2740	2160.89	16.9443	1.10748	28.516100	28.337675	0.001	
544.799	2749	2138.41	17.7482	1.10748	28.516100	28.337675	0.001	
545.895	2809	2157.33	18.6708	1.10748	28.516100	28.337675	0.001	
546.991	2806	2149.11	18.4918	1.10748	28.516100	28.337675	0.001	
548.088	2862	2159.61	19.5637	1.10748	28.516100	28.337675	0.001	
549.184	2867	2145.74	19.7788	1.10748	28.516100	28.337675	0.001	
550.28	2911	2147.32	20.5528	1.10748	28.516100	28.337675	0.001	
551.376	2941	2143.66	21.1934	1.10748	28.516100	28.337675	0.001	
552.472	2986	2160.5	21.5027	1.10748	28.516100	28.337675	0.001	
553.568	2999	2151.78	21.689	1.10748	28.516100	28.337675	0.001	
554.664	3068	2164.06	22.9455	1.10748	28.516100	28.337675	0.001	
555.76	3087	2152.57	23.3844	1.10748	28.516100	28.337675	0.001	
556.856	3140	2161.89	24.223	1.10748	28.516100	28.337675	0.001	
557.952	3169	2149.01	25.0338	1.10748	28.516100	28.337675	0.001	
559.047	3230	2167.14	25.7066	1.10748	28.516100	28.337675	0.001	
560.143	3254	2149.4	26.4262	1.10748	28.516100	28.337675	0.001	
561.239	3284	2135.14	27.3582	1.10748	28.516100	28.337675	0.001	
562.334	3320	2141.58	27.8025	1.10748	28.516100	28.337675	0.001	
563.43	3375	2152.38	28.4774	1.10748	28.516100	28.337675	0.001	
564.525	3417	2155.45	29.0581	1.10748	28.516100	28.337675	0.001	
565.62	3455	2157.43	29.8279	1.10748	28.516100	28.337675	0.001	
566.715	3499	2140.19	30.9341	1.10748	28.516100	28.337675	0.001	
567.811	3553	2165.25	31.5106	1.10748	28.516100	28.337675	0.001	
568.906	3592	2140.98	32.6942	1.10748	28.516100	28.337675	0.001	
570.001	3645	2158.02	33.3008	1.10748	28.516100	28.337675	0.001	
571.095	3665	2132.86	34.2509	1.10748	28.516100	28.337675	0.001	
572.19	3734	2153.37	35.3036	1.10748	28.516100	28.337675	0.001	
573.285	3774	2140.59	36.376	1.10748	28.516100	28.337675	0.001	
574.38	3828	2157.53	37.0376	1.10748	28.516100	28.337675	0.001	
575.474	3849	2136.63	37.8887	1.10748	28.516100	28.337675	0.001	
576.569	3889	2142.67	38.5641	1.10748	28.516100	28.337675	0.001	
577.663	3944	2140.19	39.8182	1.10748	28.516100	28.337675	0.001	
578.757	3999	2145.24	40.9673	1.10748	28.516100	28.337675	0.001	
579.851	4033	2141.58	41.6783	1.10748	28.516100	28.337675	0.001	
580.945	4101	2164.76	42.7461	1.10748	28.516100	28.337675	0.001	
582.039	4127	2136.92	43.9888	1.10748	28.516100	28.337675	0.001	
583.133	4184	2147.32	45.1794	1.10748	28.516100	28.337675	0.001	
584.227	4203	2129.3	46.2486	1.10748	28.516100	28.337675	0.001	
585.321	4267	2143.86	47.4091	1.10748	28.516100	28.337675	0.001	
586.414	4300	2140.49	48.4602	1.10748	28.516100	28.337675	0.001	
587.508	4356	2155.84	49.6142	1.10748	28.516100	28.337675	0.001	
588.601	4371	2144.55	50.4298	1.10748	28.516100	28.337675	0.001	
589.694	4433	2140.49	52.1903	1.10748	28.516100	28.337675	0.001	
590.787	4467	2140.59	53.418	1.10748	28.516100	28.337675	0.001	
591.881	4527	2152.77	54.5562	1.10748	28.516100	28.337675	0.001	
592.973	4557	2142.77	55.7764	1.10748	28.516100	28.337675	0.001	
594.066	4611	2144.45	57.2544	1.10748	28.516100	28.337675	0.001	
595.159	4659	2153.86	58.4933	1.10748	28.516100	28.337675	0.001	
596.251	4692	2151.98	59.6649	1.10748	28.516100	28.337675	0.001	
597.344	4739	2152.28	60.9972	1.10748	28.516100	28.337675	0.001	
598.436	4786	2162.08	62.1864	1.10748	28.516100	28.337675	0.001	
599.528	4836	2146.83	64.1014	1.10748	28.516100	28.337675	0.001	
600.621	4889	2150.89	65.3336	1.10748	28.516100	28.337675	0.001	
601.713	4948	2154.16	66.8633	1.10748	28.516100	28.337675	0.001	
602.804	5001	2149.31	68.3258	1.10748	28.516100	28.337675	0.001	
603.896	5059	2145.94	70.2618	1.10748	28.516100	28.337675	0.001	
604.988	5110	2148.51	71.4657	1.10748	28.516100	28.337675	0.001	
606.079	5164	2151.19	72.8434	1.10748	28.516100	28.337675	0.001	
607.17	5241	2157.33	74.6667	1.10748	28.516100	28.337675	0.001	
608.262	5277	2139.3	76.259	1.10748	28.516100	28.337675	0.001	
609.353	5378	2150.3	78.3119	1.10748	28.516100	28.337675	0.001	
610.443	5440	2149.6	79.8513	1.10748	28.516100	28.337675	0.001	
611.534	5514	2158.12	81.4482	1.10748	28.516100	28.337675	0.001	
612.625	5565	2145.44	82.9859	1.10748	28.516100	28.337675	0.001	
613.715	5655	2151.88	84.947	1.10748	28.516100	28.337675	0.001	
614.806	5736	2157.43	86.5778	1.10748	28.516100	28.337675	0.001	
615.896	5819	2167.53	88.466	1.10748	28.516100	28.337675	0.001	
616.986	5900	2153.56	90.5545	1.10748	28.516100	28.337675	0.001	
618.076	5983	2156.44	92.615	1.10748	28.516100	28.337675	0.001	
619.165	6072	2159.61	94.3542	1.10748	28.516100	28.337675	0.001	
620.255	6157	2166.74	96.0726	1.10748	28.516100	28.337675	0.001	
621.344	6252	2149.11	98.4636	1.10748	28.516100	28.337675	0.001	
622.434	6340	2152.67	100.334	1.10748	28.516100	28.337675	0.001	
623.523	6436	2151.48	102.493	1.10748	28.516100	28.337675	0.001	
624.612	6531	2156.24	104.54	1.10748	28.516100	28.337675	0.001	
625.701	6639	2148.51	107.039	1.10748	28.516100	28.337675	0.001	
626.789	6744	2159.71	109.104	1.10748	28.516100	28.337675	0.001	
627.878	6840	2150.79	111.411	1.10748	28.516100	28.337675	0.001	
628.966	6952	2156.93	113.666	1.10748	28.516100	28.337675	0.001	
630.054	7037	2151.09	115.952	1.10748	28.516100	28.337675	0.001	
631.142	7145	2156.34	117.873	1.10748	28.516100	28.337675	0.001	
632.23	7265	2155.35	120.364	1.10748	28.516100	28.337675	0.001	
633.318	7377	2158.22	122.659	1.10748	28.516100	28.337675	0.001	
634.405	7488	2152.38	125.334	1.10748	28.516100	28.337675	0.001	
635.492	7603	2157.33	127.714	1.10748	28.516100	28.337675	0.001	
636.579	7734	2153.47	130.496	1.10748	28.516100	28.337675	0.001	
637.666	7837	2149.4	132.853	1.10748	28.516100	28.337675	0.001	
638.753	7951	2155.25	135.009	1.10748	28.516100	28.337675	0.001	
639.84	8080	2160.1	137.734	1.10748	28.516100	28.337675	0.001	
640.926	8185	2152.18	140.37	1.10748	28.516100	28.337675	0.001	
642.012	8333	2159.21	143.356	1.10748	28.516100	28.337675	0.001	
643.098	8454	2155.15	145.885	1.10748	28.516100	28.337675	0.001	
644.184	8593	2163.07	148.583	1.10748	28.516100	28.337675	0.001	
645.27	8705	2155.84	151.19	1.10748	28.516100	28.337675	0.001	
646.355	8875	2174.96	154.311	1.10748	28.516100	28.337675	0.001	
647.441	8998	2159.21	157.216	1.10748	28.516100	28.337675	0.001	
648.526	9123	2158.42	159.489	1.10748	28.516100	28.337675	0.001	
649.611	9252	2149.21	162.869	1.10748	28.516100	28.337675	0.001	
650.695	9409	2166.44	165.766	1.10748	28.516100	28.337675	0.001	
651.78	9557	2153.76	169.127	1.10748	28.516100	28.337675	0.001	
652.864	9700	2166.84	171.763	1.10748	28.516100	28.337675	0.001	
653.948	9841	2155.45	175.223	1.10748	28.516100	28.337675	0.001	
655.032	10009	2154.95	178.678	1.10748	28.516100	28.337675	0.001	
656.116	10156	2158.02	181.476	1.10748	28.516100	28.337675	0.001	
657.199	10323	2161.49	184.852	1.10748	28.516100	28.337675	0.001	
658.283	10470	2149.01	188.276	1.10748	28.516100	28.337675	0.001	
659.366	10652	2168.03	191.4	1.10748	28.516100	28.337675	0.001	
660.448	10800	2153.07	194.905	1.10748	28.516100	28.337675	0.001	
661.531	10973	2151.19	198.288	1.10748	28.516100	28.337675	0.001	
662.614	11135	2154.26	201.789	1.10748	28.516100	28.337675	0.001	
663.696	11313	2172.58	204.786	1.10748	28.516100	28.337675	0.001	
664.778	11490	2157.33	208.587	1.10748	28.516100	28.337675	0.001	
665.86	11650	2158.62	212.197	1.10748	28.516100	28.337675	0.001	
666.941	11833	2141.28	215.989	1.10748	28.516100	28.337675	0.001	
668.023	12009	2156.44	219.323	1.10748	28.516100	28.337675	0.001	
669.104	12211	2159.71	223.092	1.10748	28.516100	28.337675	0.001	
670.185	12379	2159.41	226.668	1.10748	28.516100	28.337675	0.001	
671.265	12582	2149.31	230.838	1.10748	28.516100	28.337675	0.001	
672.346	12760	2153.76	234.414	1.10748	28.516100	28.337675	0.001	
673.426	12944	2149.11	238.511	1.10748	28.516100	28.337675	0.001	
674.506	13169	2171.99	242.22	1.10748	28.516100	28.337675	0.001	
675.586	13325	2143.46	246.078	1.10748	28.516100	28.337675	0.001	
676.665	13573	2173.38	250.206	1.10748	28.516100	28.337675	0.001	
677.745	13774	2152.57	254.404	1.10748	28.516100	28.337675	0.001	
678.824	14007	2164.26	258.729	1.10748	28.516100	28.337675	0.001	
679.903	14216	2154.75	262.928	1.10748	28.516100	28.337675	0.001	
680.981	14443	2172.58	266.778	1.10748	28.516100	28.337675	0.001	
682.059	14675	2147.52	272.004	1.10748	28.516100	28.337675	0.001	
683.138	14904	2167.33	275.675	1.10748	28.516100	28.337675	0.001	
684.215	15153	2170.8	280.28	1.10748	28.516100	28.337675	0.001	
685.293	15417	2170.6	285.371	1.10748	28.516100	28.337675	0.001	
686.37	15616	2157.13	289.471	1.10748	28.516100	28.337675	0.001	
687.448	15880	2167.83	294.035	1.10748	28.516100	28.337675	0.001	
688.524	16136	2167.14	298.387	1.10748	28.516100	28.337675	0.001	
689.601	16388	2158.81	303.076	1.10748	28.516100	28.337675	0.001	
690.678	16667	2151.39	308.318	1.10748	28.516100	28.337675	0.001	
691.754	16932	2157.82	312.603	1.10748	28.516100	28.337675	0.001	
692.83	17195	2165.35	316.96	1.10748	28.516100	28.337675	0.001	
693.905	17482	2156.64	322.323	1.10748	28.516100	28.337675	0.001	
694.98	17761	2140.39	327.65	1.10748	28.516100	28.337675	0.001	
696.056	18043	2159.01	332.12	1.10748	28.516100	28.337675	0.001	
697.13	18329	2153.96	336.759	1.10748	28.516100	28.337675	0.001	
698.205	18657	2165.75	342.574	1.10748	28.516100	28.337675	0.001	
699.279	18936	2150.99	347.498	1.10748	28.516100	28.337675	0.001	
700.353	19255	2164.66	353.037	1.10748	28.516100	28.337675	0.001	
701.427	19560	2158.32	357.874	1.10748	28.516100	28.337675	0.001	
702.501	19893	2151.58	363.456	1.10748	28.516100	28.337675	0.001	
703.574	20203	2160.3	368.571	1.10748	28.516100	28.337675	0.001	
704.647	20580	2173.08	374.539	1.10748	28.516100	28.337675	0.001	
705.719	20902	2152.47	379.849	1.10748	28.516100	28.337675	0.001	
706.792	21253	2157.92	385.175	1.10748	28.516100	28.337675	0.001	
707.864	21612	2164.66	390.933	1.10748	28.516100	28.337675	0.001	
708.936	21949	2165.05	396.34	1.10748	28.516100	28.337675	0.001	
710.007	22292	2163.57	401.96	1.10748	28.516100	28.337675	0.001	
711.079	22639	2161.49	407.974	1.10748	28.516100	28.337675	0.001	
712.15	23020	2161.09	414.348	1.10748	28.516100	28.337675	0.001	
713.221	23349	2158.81	419.68	1.10748	28.516100	28.337675	0.001	
714.291	23740	2158.52	425.882	1.10748	28.516100	28.337675	0.001	
715.361	24107	2168.72	431.946	1.10748	28.516100	28.337675	0.001	
716.431	24486	2152.47	438.318	1.10748	28.516100	28.337675	0.001	
717.501	24883	2163.27	444.659	1.10748	28.516100	28.337675	0.001	
718.57	25246	2166.54	450.904	1.10748	28.516100	28.337675	0.001	
719.639	25640	2173.18	457.05	1.10748	28.516100	28.337675	0.001	
720.707	25974	2153.56	463.437	1.10748	28.516100	28.337675	0.001	
721.776	26374	2162.78	469.789	1.10748	28.516100	28.337675	0.001	
722.844	26726	2164.76	475.779	1.10748	28.516100	28.337675	0.001	
723.912	27125	2176.55	482.494	1.10748	28.516100	28.337675	0.001	
724.979	27468	2161.49	489.173	1.10748	28.516100	28.337675	0.001	
726.046	27792	2171.69	494.581	1.10748	28.516100	28.337675	0.001	
727.113	28162	2170.9	501.808	1.10748	28.516100	28.337675	0.001	
728.18	28453	2173.18	508.622	1.10748	28.516100	28.337675	0.001	
729.246	28779	2153.47	515.765	1.10748	28.516100	28.337675	0.001	
730.312	29061	2162.78	522.68	1.10748	28.516100	28.337675	0.001	
731.378	29363	2151.48	529.829	1.10748	28.516100	28.337675	0.001	
732.443	29671	2165.25	537.306	1.10748	28.516100	28.337675	0.001	
733.508	29924	2155.45	543.976	1.10748	28.516100	28.337675	0.001	
734.573	30218	2170.3	551.199	1.10748	28.516100	28.337675	0.001	
735.637	30467	2165.65	558.528	1.10748	28.516100	28.337675	0.001	
736.701	30736	2175.55	566.4	1.10748	28.516100	28.337675	0.001	
737.765	30981	2160.89	573.833	1.10748	28.516100	28.337675	0.001	
738.829	31169	2170.11	580.246	1.10748	28.516100	28.337675	0.001	
739.892	31394	2166.24	588.203	1.10748	28.516100	28.337675	0.001	
740.955	31585	2173.38	595.266	1.10748	28.516100	28.337675	0.001	
742.017	31747	2151.98	602.58	1.10748	28.516100	28.337675	0.001	
743.079	31933	2166.34	610.049	1.10748	28.516100	28.337675	0.001	
744.141	32093	2162.28	617.897	1.10748	28.516100	28.337675	0.001	
745.202	32245	2169.91	625.712	1.10748	28.516100	28.337675	0.001	
746.264	32423	2158.22	634.358	1.10748	28.516100	28.337675	0.001	
747.324	32584	2172.48	641.891	1.10748	28.516100	28.337675	0.001	
748.385	32753	2163.57	650.357	1.10748	28.516100	28.337675	0.001	
749.445	32886	2154.65	658.92	1.10748	28.516100	28.337675	0.001	
750.505	33050	2171.99	666.887	1.10748	28.516100	28.337675	0.001	
751.564	33191	2169.41	675.336	1.10748	28.516100	28.337675	0.001	
752.623	33348	2158.42	683.752	1.10748	28.516100	28.337675	0.001	
753.682	33507	2166.05	692.687	1.10748	28.516100	28.337675	0.001	
754.741	33656	2164.26	701.077	1.10748	28.516100	28.337675	0.001	
755.799	33781	2165.95	709.2	1.10748	28.516100	28.337675	0.001	
756.857	33973	2159.8	717.841	1.10748	28.516100	28.337675	0.001	
757.914	34133	2164.66	726.528	1.10748	28.516100	28.337675	0.001	
758.971	34278	2169.81	734.502	1.10748	28.516100	28.337675	0.001	
760.028	34417	2160	742.985	1.10748	28.516100	28.337675	0.001	
761.084	34576	2171.59	751.69	1.10748	28.516100	28.337675	0.001	
762.14	34714	2158.42	760.755	1.10748	28.516100	28.337675	0.001	
763.196	34801	2171	769.655	1.10748	28.516100	28.337675	0.001	
764.251	34948	2157.82	779.409	1.10748	28.516100	28.337675	0.001	
765.306	35078	2166.24	788.482	1.10748	28.516100	28.337675	0.001	
766.36	35196	2167.23	797.624	1.10748	28.516100	28.337675	0.001	
767.415	35349	2154.46	807.463	1.10748	28.516100	28.337675	0.001	
768.468	35488	2168.62	817.206	1.10748	28.516100	28.337675	0.001	
769.522	35606	2150.1	826.094	1.10748	28.516100	28.337675	0.001	
770.575	35772	2163.57	836.206	1.10748	28.516100	28.337675	0.001	
771.628	35885	2161.19	845.492	1.10748	28.516100	28.337675	0.001	
772.68	36045	2175.65	855.742	1.10748	28.516100	28.337675	0.001	
773.732	36139	2153.47	865.361	1.10748	28.516100	28.337675	0.001	
774.784	36310	2170.01	875.829	1.10748	28.516100	28.337675	0.001	
775.835	36404	2163.97	885.426	1.10748	28.516100	28.337675	0.001	
776.886	36523	2167.53	895.326	1.10748	28.516100	28.337675	0.001	
777.936	36655	2163.67	904.964	1.10748	28.516100	28.337675	0.001	
778.986	36810	2175.06	914.391	1.10748	28.516100	28.337675	0.001	
780.036	36887	2154.95	923.79	1.10748	28.516100	28.337675	0.001	
781.086	36910	2154.95	933.191	1.10748	28.516100	28.337675	0.001	
782.135	36963	2154.65	943.346	1.10748	28.516100	28.337675	0.001	
783.183	37031	2170.6	954.267	1.10748	28.516100	28.337675	0.001	
784.231	37088	2152.77	965.535	1.10748	28.516100	28.337675	0.001	
785.279	37068	2166.94	975.704	1.10748	28.516100	28.337675	0.001	
786.327	37165	2147.92	987.166	1.10748	28.516100	28.337675	0.001	
787.374	37180	2164.26	997.173	1.10748	28.516100	28.337675	0.001	
788.42	37244	2156.34	1009.51	1.10748	28.516100	28.337675	0.001	
789.466	37287	2162.48	1020.71	1.10748	28.516100	28.337675	0.001	
790.512	37294	2161.59	1031.78	1.10748	28.516100	28.337675	0.001	
791.558	37350	2162.97	1042.42	1.10748	28.516100	28.337675	0.001	
792.603	37323	2165.25	1053.18	1.10748	28.516100	28.337675	0.001	
793.648	37383	2165.35	1064.07	1.10748	28.516100	28.337675	0.001	
794.692	37408	2166.14	1076.14	1.10748	28.516100	28.337675	0.001	
795.736	37421	2160.1	1087.81	1.10748	28.516100	28.337675	0.001	
796.779	37474	2159.11	1098.5	1.10748	28.516100	28.337675	0.001	
797.822	37448	2180.11	1109.27	1.10748	28.516100	28.337675	0.001	
798.865	37419	2163.67	1119.96	1.10748	28.516100	28.337675	0.001	
799.907	37447	2150	1132.62	1.10748	28.516100	28.337675	0.001	
800.949	37406	2159.31	1142.98	1.10748	28.516100	28.337675	0.001	
801.99	37388	2164.56	1153.88	1.10748	28.516100	28.337675	0.001	
803.031	37326	2150.69	1165.48	1.10748	28.516100	28.337675	0.001	
804.072	37307	2169.91	1177.07	1.10748	28.516100	28.337675	0.001	
805.112	37299	2159.61	1190.64	1.10748	28.516100	28.337675	0.001	
806.152	37293	2170.21	1201.96	1.10748	28.516100	28.337675	0.001	
807.191	37256	2172.09	1214.02	1.10748	28.516100	28.337675	0.001	
808.23	37251	2163.27	1226.92	1.10748	28.516100	28.337675	0.001	
809.268	37278	2151.19	1240.88	1.10748	28.516100	28.337675	0.001	
810.307	37314	2153.27	1254.13	1.10748	28.516100	28.337675	0.001	
811.344	37333	2155.05	1266.02	1.10748	28.516100	28.337675	0.001	
812.381	37317	2169.81	1277.57	1.10748	28.516100	28.337675	0.001	
813.418	37350	2159.71	1290.78	1.10748	28.516100	28.337675	0.001	
814.454	37365	2168.42	1303.75	1.10748	28.516100	28.337675	0.001	
815.49	37353	2158.32	1316.38	1.10748	28.516100	28.337675	0.001	
816.526	37362	2163.77	1328.28	1.10748	28.516100	28.337675	0.001	
817.561	37352	2160.89	1341.18	1.10748	28.516100	28.337675	0.001	
818.596	37376	2170.3	1354.44	1.10748	28.516100	28.337675	0.001	
819.63	37348	2160.6	1366.52	1.10748	28.516100	28.337675	0.001	
820.664	37401	2173.08	1378.99	1.10748	28.516100	28.337675	0.001	
821.697	37359	2168.13	1391.24	1.10748	28.516100	28.337675	0.001	
822.73	37376	2176.55	1404.22	1.10748	28.516100	28.337675	0.001	
823.762	37355	2172.88	1417.09	1.10748	28.516100	28.337675	0.001	
824.794	37312	2172.09	1429.48	1.10748	28.516100	28.337675	0.001	
825.826	37309	2163.07	1443.64	1.10748	28.516100	28.337675	0.001	
826.857	37260	2177.54	1457.54	1.10748	28.516100	28.337675	0.001	
827.887	37284	2163.07	1471.14	1.10748	28.516100	28.337675	0.001	
828.918	37286	2175.75	1484.84	1.10748	28.516100	28.337675	0.001	
829.947	37266	2164.16	1499.42	1.10748	28.516100	28.337675	0.001	
830.977	37334	2165.45	1515.15	1.10748	28.516100	28.337675	0.001	
832.005	37336	2165.25	1528.33	1.10748	28.516100	28.337675	0.001	
833.034	37359	2166.74	1542.47	1.10748	28.516100	28.337675	0.001	
834.062	37316	2171.39	1555.6	1.10748	28.516100	28.337675	0.001	
835.089	37341	2160.5	1571.19	1.10748	28.516100	28.337675	0.001	
836.116	37395	2163.17	1585.18	1.10748	28.516100	28.337675	0.001	
837.143	37449	2168.62	1598.5	1.10748	28.516100	28.337675	0.001	
838.169	37511	2170.21	1612.78	1.10748	28.516100	28.337675	0.001	
839.194	37579	2163.47	1627.95	1.10748	28.516100	28.337675	0.001	
840.22	37611	2156.24	1643.32	1.10748	28.516100	28.337675	0.001	
841.244	37659	2163.47	1656.09	1.10748	28.516100	28.337675	0.001	
842.268	37699	2159.8	1671.55	1.10748	28.516100	28.337675	0.001	
843.292	37754	2175.36	1684.42	1.10748	28.516100	28.337675	0.001	
844.315	37783	2160.8	1699.16	1.10748	28.516100	28.337675	0.001	
845.338	37817	2173.67	1712.7	1.10748	28.516100	28.337675	0.001	
846.36	37838	2158.12	1728.98	1.10748	28.516100	28.337675	0.001	
847.382	37849	2161.39	1741.27	1.10748	28.516100	28.337675	0.001	
848.404	37824	2166.54	1755.44	1.10748	28.516100	28.337675	0.001	
849.425	37877	2170.7	1770.99	1.10748	28.516100	28.337675	0.001	
850.445	37877	2164.66	1786.24	1.10748	28.516100	28.337675	0.001	
851.465	37937	2176.55	1802.07	1.10748	28.516100	28.337675	0.001	
852.484	38025	2160.6	1820.09	1.10748	28.516100	28.337675	0.001	
853.503	38064	2156.44	1836.33	1.10748	28.516100	28.337675	0.001	
854.522	38138	2153.17	1852.19	1.10748	28.516100	28.337675	0.001	
855.54	38195	2171.49	1867.41	1.10748	28.516100	28.337675	0.001	
856.557	38266	2171.2	1883.34	1.10748	28.516100	28.337675	0.001	
857.574	38346	2164.46	1898.93	1.10748	28.516100	28.337675	0.001	
858.591	38414	2160.2	1913.57	1.10748	28.516100	28.337675	0.001	
859.607	38464	2160.99	1928.71	1.10748	28.516100	28.337675	0.001	
860.622	38534	2167.73	1944.25	1.10748	28.516100	28.337675	0.001	
861.637	38618	2159.71	1960.76	1.10748	28.516100	28.337675	0.001	
862.652	38668	2160.2	1977.43	1.10748	28.516100	28.337675	0.001	
863.666	38789	2163.97	1993.77	1.10748	28.516100	28.337675	0.001	
864.679	38781	2151.68	2007.58	1.10748	28.516100	28.337675	0.001	
865.692	38843	2159.61	2022.56	1.10748	28.516100	28.337675	0.001	
866.705	38892	2147.62	2039.88	1.10748	28.516100	28.337675	0.001	
867.717	38915	2153.27	2055.21	1.10748	28.516100	28.337675	0.001	
868.728	38944	2158.91	2072.22	1.10748	28.516100	28.337675	0.001	
869.739	38980	2152.08	2089.01	1.10748	28.516100	28.337675	0.001	
870.75	38991	2171.2	2103.2	1.10748	28.516100	28.337675	0.001	
871.76	39002	2153.27	2119.68	1.10748	28.516100	28.337675	0.001	
872.769	39019	2151.68	2135.36	1.10748	28.516100	28.337675	0.001	
873.778	39031	2154.75	2152.98	1.10748	28.516100	28.337675	0.001	
874.786	39041	2155.05	2169.06	1.10748	28.516100	28.337675	0.001	
875.794	39084	2164.06	2186.55	1.10748	28.516100	28.337675	0.001	
876.802	39057	2179.32	2201.68	1.10748	28.516100	28.337675	0.001	
877.809	39075	2166.84	2220.99	1.10748	28.516100	28.337675	0.001	
878.815	39112	2172.68	2238.98	1.10748	28.516100	28.337675	0.001	
879.821	39103	2160	2257.54	1.10748	28.516100	28.337675	0.001	
880.826	39185	2171	2275.96	1.10748	28.516100	28.337675	0.001	
881.831	39157	2170.4	2291.47	1.10748	28.516100	28.337675	0.001	
882.835	39134	2163.77	2307.49	1.10748	28.516100	28.337675	0.001	
883.839	39106	2162.08	2324.38	1.10748	28.516100	28.337675	0.001	
884.842	39146	2158.22	2343.23	1.10748	28.516100	28.337675	0.001	
885.844	39176	2163.67	2359.8	1.10748	28.516100	28.337675	0.001	
886.847	39171	2165.85	2376.13	1.10748	28.516100	28.337675	0.001	
887.848	39138	2162.48	2394.17	1.10748	28.516100	28.337675	0.001	
888.849	39078	2157.72	2411.5	1.10748	28.516100	28.337675	0.001	
889.85	39025	2161.19	2428.89	1.10748	28.516100	28.337675	0.001	
890.85	38978	2153.27	2449.05	1.10748	28.516100	28.337675	0.001	
891.849	38894	2152.87	2465.35	1.10748	28.516100	28.337675	0.001	
892.848	38885	2160.99	2483.36	1.10748	28.516100	28.337675	0.001	
893.846	38864	2163.87	2498.02	1.10748	28.516100	28.337675	0.001	
894.844	38829	2146.53	2515.8	1.10748	28.516100	28.337675	0.001	
895.841	38779	2161.39	2532.02	1.10748	28.516100	28.337675	0.001	
896.838	38720	2152.77	2548.63	1.10748	28.516100	28.337675	0.001	
897.834	38689	2156.44	2566.9	1.10748	28.516100	28.337675	0.001	
898.83	38589	2140.89	2584.58	1.10748	28.516100	28.337675	0.001	
899.825	38487	2163.97	2599.28	1.10748	28.516100	28.337675	0.001	
900.819	38426	2143.16	2618.24	1.10748	28.516100	28.337675	0.001	
901.813	38404	2159.51	2636.31	1.10748	28.516100	28.337675	0.001	
902.807	38336	2164.76	2656.87	1.10748	28.516100	28.337675	0.001	
903.799	38283	2161.29	2674.84	1.10748	28.516100	28.337675	0.001	
904.792	38192	2157.03	2695.59	1.10748	28.516100	28.337675	0.001	
905.783	38130	2166.44	2711.9	1.10748	28.516100	28.337675	0.001	
906.775	38080	2159.71	2732.6	1.10748	28.516100	28.337675	0.001	
907.765	38038	2177.04	2751.62	1.10748	28.516100	28.337675	0.001	
908.755	38002	2164.36	2771.98	1.10748	28.516100	28.337675	0.001	
909.745	37952	2168.42	2790.63	1.10748	28.516100	28.337675	0.001	
910.733	37908	2152.38	2810.61	1.10748	28.516100	28.337675	0.001	
911.722	37833	2165.45	2827.45	1.10748	28.516100	28.337675	0.001	
912.71	37797	2161.29	2847.88	1.10748	28.516100	28.337675	0.001	
913.697	37778	2168.13	2867.94	1.10748	28.516100	28.337675	0.001	
914.683	37717	2156.04	2884.47	1.10748	28.516100	28.337675	0.001	
915.669	37618	2147.13	2902.04	1.10748	28.516100	28.337675	0.001	
916.655	37531	2160.2	2920.97	1.10748	28.516100	28.337675	0.001	
917.64	37429	2161.19	2937.24	1.10748	28.516100	28.337675	0.001	
918.624	37321	2153.27	2956.3	1.10748	28.516100	28.337675	0.001	
919.608	37213	2160	2974.35	1.10748	28.516100	28.337675	0.001	
920.591	37055	2156.14	2990.96	1.10748	28.516100	28.337675	0.001	
921.573	36924	2172.78	3009.11	1.10748	28.516100	28.337675	0.001	
922.555	36817	2144.95	3028.96	1.10748	28.516100	28.337675	0.001	
923.537	36655	2152.08	3048.05	1.10748	28.516100	28.337675	0.001	
924.517	36507	2164.76	3066.57	1.10748	28.516100	28.337675	0.001	
925.498	36318	2157.63	3083.71	1.10748	28.516100	28.337675	0.001	
926.477	36158	2165.85	3099.52	1.10748	28.516100	28.337675	0.001	
927.456	35982	2153.27	3120.09	1.10748	28.516100	28.337675	0.001	
928.435	35824	2167.33	3137.81	1.10748	28.516100	28.337675	0.001	
929.412	35636	2157.43	3157.09	1.10748	28.516100	28.337675	0.001	
930.39	35459	2165.65	3177.27	1.10748	28.516100	28.337675	0.001	
931.366	35332	2164.26	3199.65	1.10748	28.516100	28.337675	0.001	
932.342	35129	2155.55	3220.4	1.10748	28.516100	28.337675	0.001	
933.318	34957	2164.46	3240.56	1.10748	28.516100	28.337675	0.001	
934.293	34796	2163.67	3262.15	1.10748	28.516100	28.337675	0.001	
935.267	34599	2159.51	3284.6	1.10748	28.516100	28.337675	0.001	
936.24	34415	2141.38	3309.08	1.10748	28.516100	28.337675	0.001	
937.213	34185	2170.01	3324.13	1.10748	28.516100	28.337675	0.001	
938.186	33939	2155.25	3343.4	1.10748	28.516100	28.337675	0.001	
939.158	33746	2177.04	3359.28	1.10748	28.516100	28.337675	0.001	
940.129	33508	2154.46	3379.86	1.10748	28.516100	28.337675	0.001	
941.099	33297	2166.44	3399.44	1.10748	28.516100	28.337675	0.001	
942.069	33056	2162.97	3418.91	1.10748	28.516100	28.337675	0.001	
943.039	32863	2159.71	3441.36	1.10748	28.516100	28.337675	0.001	
944.007	32655	2146.43	3461.24	1.10748	28.516100	28.337675	0.001	
944.975	32455	2175.65	3476.57	1.10748	28.516100	28.337675	0.001	
945.943	32262	2170.5	3496.61	1.10748	28.516100	28.337675	0.001	
946.91	32074	2165.45	3515.08	1.10748	28.516100	28.337675	0.001	
947.876	31871	2149.31	3534.71	1.10748	28.516100	28.337675	0.001	
948.842	31705	2160.3	3553.93	1.10748	28.516100	28.337675	0.001	
949.807	31512	2166.64	3572.43	1.10748	28.516100	28.337675	0.001	
950.771	31337	2166.74	3593.09	1.10748	28.516100	28.337675	0.001	
951.735	31151	2153.56	3611.76	1.10748	28.516100	28.337675	0.001	
952.698	30937	2183.18	3624.09	1.10748	28.516100	28.337675	0.001	
953.66	30720	2157.53	3645.67	1.10748	28.516100	28.337675	0.001	
954.622	30525	2160.7	3665.27	1.10748	28.516100	28.337675	0.001	
955.584	30321	2161.19	3686.05	1.10748	28.516100	28.337675	0.001	
956.544	30080	2164.86	3702.26	1.10748	28.516100	28.337675	0.001	
957.504	29815	2153.96	3717.73	1.10748	28.516100	28.337675	0.001	
958.463	29633	2174.96	3740.01	1.10748	28.516100	28.337675	0.001	
959.422	29354	2154.36	3758.61	1.10748	28.516100	28.337675	0.001	
960.38	29109	2160.3	3777.74	1.10748	28.516100	28.337675	0.001	
961.338	28839	2166.05	3797.57	1.10748	28.516100	28.337675	0.001	
962.294	28588	2158.81	3821.14	1.10748	28.516100	28.337675	0.001	
963.25	28351	2148.31	3843	1.10748	28.516100	28.337675	0.001	
964.206	28097	2166.54	3861.7	1.10748	28.516100	28.337675	0.001	
965.161	27887	2157.33	3889.46	1.10748	28.516100	28.337675	0.001	
966.115	27643	2161.59	3913.94	1.10748	28.516100	28.337675	0.001	
