452.692	2213	2126.26	638.221	1.10748	28.516100	28.337675	0.001	
453.787	2232	2157.85	-9.88953	1.10748	28.516100	28.337675	0.001	
454.882	2238	2148.05	2.6486	1.10748	28.516100	28.337675	0.001	
455.977	2234	2169.33	-170.712	1.10748	28.516100	28.337675	0.001	
457.072	2232	2134.78	4.027	1.10748	28.516100	28.337675	0.001	
458.167	2256	2174.48	-14.8784	1.10748	28.516100	28.337675	0.001	
459.263	2236	2149.04	1.56381	1.10748	28.516100	28.337675	0.001	
460.358	2239	2162.6	-4.34468	1.10748	28.516100	28.337675	0.001	
461.453	2238	2154.18	0.506067	1.10748	28.516100	28.337675	0.001	
462.549	2233	2152.7	-2.65478	1.10748	28.516100	28.337675	0.001	
463.644	2219	2144.38	-40.1551	1.10748	28.516100	28.337675	0.001	
464.74	2244	2154.38	1.71563	1.10748	28.516100	28.337675	0.001	
465.835	2242	2155.47	8.18282	1.10748	28.516100	28.337675	0.001	
466.931	2243	2157.95	1.51991	1.10748	28.516100	28.337675	0.001	
468.027	2230	2139.13	56.9637	1.10748	28.516100	28.337675	0.001	
469.123	2255	2164.38	3.63982	1.10748	28.516100	28.337675	0.001	
470.219	2228	2139.53	4.35152	1.10748	28.516100	28.337675	0.001	
471.315	2253	2151.11	12.4758	1.10748	28.516100	28.337675	0.001	
472.411	2237	2144.38	8.62776	1.10748	28.516100	28.337675	0.001	
473.507	2262	2163.89	12.7339	1.10748	28.516100	28.337675	0.001	
474.603	2238	2143.69	4.80472	1.10748	28.516100	28.337675	0.001	
475.699	2245	2152.8	-54.9882	1.10748	28.516100	28.337675	0.001	
476.795	2239	2155.57	0.0391673	1.10748	28.516100	28.337675	0.001	
477.892	2260	2162.1	14.4696	1.10748	28.516100	28.337675	0.001	
478.988	2240	2155.77	0.453668	1.10748	28.516100	28.337675	0.001	
480.084	2251	2153.69	9.61705	1.10748	28.516100	28.337675	0.001	
481.181	2248	2156.86	3.8577	1.10748	28.516100	28.337675	0.001	
482.277	2277	2162.4	67.379	1.10748	28.516100	28.337675	0.001	
483.374	2230	2146.76	0.0707174	1.10748	28.516100	28.337675	0.001	
484.47	2261	2155.57	61.6566	1.10748	28.516100	28.337675	0.001	
485.567	2251	2151.41	7.84589	1.10748	28.516100	28.337675	0.001	
486.663	2260	2167.06	2.87512	1.10748	28.516100	28.337675	0.001	
487.76	2257	2153.49	15.7154	1.10748	28.516100	28.337675	0.001	
488.857	2249	2166.36	-0.845627	1.10748	28.516100	28.337675	0.001	
489.954	2233	2146.26	1.33758	1.10748	28.516100	28.337675	0.001	
491.05	2241	2153.29	1.72745	1.10748	28.516100	28.337675	0.001	
492.147	2244	2147.06	5.80385	1.10748	28.516100	28.337675	0.001	
493.244	2259	2156.36	5.68742	1.10748	28.516100	28.337675	0.001	
494.341	2257	2157.35	4.25855	1.10748	28.516100	28.337675	0.001	
495.438	2259	2170.62	1.33814	1.10748	28.516100	28.337675	0.001	
496.535	2252	2143.49	7.20563	1.10748	28.516100	28.337675	0.001	
497.632	2258	2155.37	4.43923	1.10748	28.516100	28.337675	0.001	
498.729	2260	2155.47	4.43055	1.10748	28.516100	28.337675	0.001	
499.825	2260	2155.37	3.94089	1.10748	28.516100	28.337675	0.001	
500.922	2273	2153.69	5.20125	1.10748	28.516100	28.337675	0.001	
502.019	2274	2159.93	5.10363	1.10748	28.516100	28.337675	0.001	
503.117	2276	2152.4	5.91288	1.10748	28.516100	28.337675	0.001	
504.214	2272	2148.54	5.6723	1.10748	28.516100	28.337675	0.001	
505.311	2267	2143.89	5.38817	1.10748	28.516100	28.337675	0.001	
506.408	2261	2157.06	2.65893	1.10748	28.516100	28.337675	0.001	
507.505	2283	2159.33	4.54835	1.10748	28.516100	28.337675	0.001	
508.602	2289	2147.35	7.13033	1.10748	28.516100	28.337675	0.001	
509.699	2291	2151.51	5.95881	1.10748	28.516100	28.337675	0.001	
510.796	2284	2150.12	5.33386	1.10748	28.516100	28.337675	0.001	
511.893	2295	2155.97	5.17715	1.10748	28.516100	28.337675	0.001	
512.99	2308	2170.12	4.76733	1.10748	28.516100	28.337675	0.001	
514.087	2299	2148.84	5.61266	1.10748	28.516100	28.337675	0.001	
515.184	2322	2157.65	6.77032	1.10748	28.516100	28.337675	0.001	
516.281	2317	2149.73	5.77848	1.10748	28.516100	28.337675	0.001	
517.378	2325	2159.13	6.04241	1.10748	28.516100	28.337675	0.001	
518.475	2327	2153.29	6.12937	1.10748	28.516100	28.337675	0.001	
519.573	2348	2158.64	7.23807	1.10748	28.516100	28.337675	0.001	
520.67	2329	2149.13	6.10184	1.10748	28.516100	28.337675	0.001	
521.767	2334	2159.63	5.61454	1.10748	28.516100	28.337675	0.001	
522.864	2350	2159.33	6.63615	1.10748	28.516100	28.337675	0.001	
523.961	2372	2166.16	7.28205	1.10748	28.516100	28.337675	0.001	
525.058	2358	2146.66	7.39231	1.10748	28.516100	28.337675	0.001	
526.155	2387	2168.94	7.36979	1.10748	28.516100	28.337675	0.001	
527.252	2387	2149.53	7.99622	1.10748	28.516100	28.337675	0.001	
528.348	2412	2166.26	8.34914	1.10748	28.516100	28.337675	0.001	
529.445	2396	2150.22	7.94763	1.10748	28.516100	28.337675	0.001	
530.542	2426	2142.2	9.58971	1.10748	28.516100	28.337675	0.001	
531.639	2430	2149.23	9.10825	1.10748	28.516100	28.337675	0.001	
532.736	2464	2168.24	9.6155	1.10748	28.516100	28.337675	0.001	
533.833	2444	2153.19	9.1286	1.10748	28.516100	28.337675	0.001	
534.929	2478	2160.52	9.91512	1.10748	28.516100	28.337675	0.001	
536.026	2456	2134.18	9.92922	1.10748	28.516100	28.337675	0.001	
537.123	2496	2159.04	10.1988	1.10748	28.516100	28.337675	0.001	
538.22	2492	2143.09	10.4828	1.10748	28.516100	28.337675	0.001	
539.316	2520	2160.82	10.5694	1.10748	28.516100	28.337675	0.001	
540.413	2537	2155.37	11.198	1.10748	28.516100	28.337675	0.001	
541.509	2553	2152.9	11.4949	1.10748	28.516100	28.337675	0.001	
542.606	2569	2138.94	12.2666	1.10748	28.516100	28.337675	0.001	
543.702	2599	2159.93	12.1551	1.10748	28.516100	28.337675	0.001	
544.799	2602	2137.45	12.8367	1.10748	28.516100	28.337675	0.001	
545.895	2643	2156.36	13.2465	1.10748	28.516100	28.337675	0.001	
546.991	2634	2148.14	12.9776	1.10748	28.516100	28.337675	0.001	
548.088	2677	2158.64	13.7438	1.10748	28.516100	28.337675	0.001	
549.184	2687	2144.78	14.2282	1.10748	28.516100	28.337675	0.001	
550.28	2714	2146.36	14.63	1.10748	28.516100	28.337675	0.001	
551.376	2738	2142.7	15.1966	1.10748	28.516100	28.337675	0.001	
552.472	2782	2159.53	15.6151	1.10748	28.516100	28.337675	0.001	
553.568	2788	2150.82	15.7226	1.10748	28.516100	28.337675	0.001	
554.664	2828	2163.09	16.2543	1.10748	28.516100	28.337675	0.001	
555.76	2845	2151.61	16.7575	1.10748	28.516100	28.337675	0.001	
556.856	2877	2160.92	17.1216	1.10748	28.516100	28.337675	0.001	
557.952	2892	2148.05	17.6516	1.10748	28.516100	28.337675	0.001	
559.047	2951	2166.16	18.3999	1.10748	28.516100	28.337675	0.001	
560.143	2967	2148.44	19.0188	1.10748	28.516100	28.337675	0.001	
561.239	2990	2134.18	19.8313	1.10748	28.516100	28.337675	0.001	
562.334	3001	2140.62	19.723	1.10748	28.516100	28.337675	0.001	
563.43	3054	2151.41	20.4693	1.10748	28.516100	28.337675	0.001	
564.525	3079	2154.48	20.7359	1.10748	28.516100	28.337675	0.001	
565.62	3132	2156.46	21.9065	1.10748	28.516100	28.337675	0.001	
566.715	3129	2139.23	21.976	1.10748	28.516100	28.337675	0.001	
567.811	3183	2164.28	22.5813	1.10748	28.516100	28.337675	0.001	
568.906	3217	2140.03	23.7434	1.10748	28.516100	28.337675	0.001	
570.001	3258	2157.06	24.1281	1.10748	28.516100	28.337675	0.001	
571.095	3267	2131.91	24.8555	1.10748	28.516100	28.337675	0.001	
572.19	3318	2152.4	25.5028	1.10748	28.516100	28.337675	0.001	
573.285	3338	2139.63	26.1538	1.10748	28.516100	28.337675	0.001	
574.38	3389	2156.56	26.7981	1.10748	28.516100	28.337675	0.001	
575.474	3402	2135.67	27.5011	1.10748	28.516100	28.337675	0.001	
576.569	3455	2141.71	28.5072	1.10748	28.516100	28.337675	0.001	
577.663	3477	2139.23	29.0164	1.10748	28.516100	28.337675	0.001	
578.757	3514	2144.28	29.7485	1.10748	28.516100	28.337675	0.001	
579.851	3526	2140.62	29.9952	1.10748	28.516100	28.337675	0.001	
580.945	3585	2163.79	30.8399	1.10748	28.516100	28.337675	0.001	
582.039	3611	2135.97	32.0878	1.10748	28.516100	28.337675	0.001	
583.133	3649	2146.36	32.8051	1.10748	28.516100	28.337675	0.001	
584.227	3674	2128.34	33.9601	1.10748	28.516100	28.337675	0.001	
585.321	3695	2142.9	34.1133	1.10748	28.516100	28.337675	0.001	
586.414	3729	2139.53	35.1314	1.10748	28.516100	28.337675	0.001	
587.508	3771	2154.88	35.8976	1.10748	28.516100	28.337675	0.001	
588.601	3792	2143.59	36.8023	1.10748	28.516100	28.337675	0.001	
589.694	3835	2139.53	38.0596	1.10748	28.516100	28.337675	0.001	
590.787	3850	2139.63	38.7201	1.10748	28.516100	28.337675	0.001	
591.881	3899	2151.81	39.5931	1.10748	28.516100	28.337675	0.001	
592.973	3923	2141.81	40.5993	1.10748	28.516100	28.337675	0.001	
594.066	3961	2143.49	41.6314	1.10748	28.516100	28.337675	0.001	
595.159	4007	2152.9	42.7359	1.10748	28.516100	28.337675	0.001	
596.251	4033	2151.02	43.6502	1.10748	28.516100	28.337675	0.001	
597.344	4071	2151.31	44.7104	1.10748	28.516100	28.337675	0.001	
598.436	4112	2161.11	45.676	1.10748	28.516100	28.337675	0.001	
599.528	4129	2145.87	46.6987	1.10748	28.516100	28.337675	0.001	
600.621	4180	2149.93	47.8731	1.10748	28.516100	28.337675	0.001	
601.713	4223	2153.19	48.9655	1.10748	28.516100	28.337675	0.001	
602.804	4254	2148.34	49.8759	1.10748	28.516100	28.337675	0.001	
603.896	4292	2144.98	51.2041	1.10748	28.516100	28.337675	0.001	
604.988	4337	2147.55	52.258	1.10748	28.516100	28.337675	0.001	
606.079	4391	2150.22	53.6083	1.10748	28.516100	28.337675	0.001	
607.17	4440	2156.36	54.717	1.10748	28.516100	28.337675	0.001	
608.262	4475	2138.34	56.2234	1.10748	28.516100	28.337675	0.001	
609.353	4537	2149.33	57.3516	1.10748	28.516100	28.337675	0.001	
610.443	4591	2148.64	58.6982	1.10748	28.516100	28.337675	0.001	
611.534	4645	2157.15	59.8045	1.10748	28.516100	28.337675	0.001	
612.625	4698	2144.48	61.4078	1.10748	28.516100	28.337675	0.001	
613.715	4751	2150.92	62.4783	1.10748	28.516100	28.337675	0.001	
614.806	4818	2156.46	63.8252	1.10748	28.516100	28.337675	0.001	
615.896	4879	2166.56	65.1455	1.10748	28.516100	28.337675	0.001	
616.986	4932	2152.6	66.6137	1.10748	28.516100	28.337675	0.001	
618.076	4999	2155.47	68.2586	1.10748	28.516100	28.337675	0.001	
619.165	5060	2158.64	69.4072	1.10748	28.516100	28.337675	0.001	
620.255	5138	2165.77	71.0062	1.10748	28.516100	28.337675	0.001	
621.344	5193	2148.14	72.5181	1.10748	28.516100	28.337675	0.001	
622.434	5262	2151.71	73.9765	1.10748	28.516100	28.337675	0.001	
623.523	5347	2150.52	75.926	1.10748	28.516100	28.337675	0.001	
624.612	5424	2155.27	77.5754	1.10748	28.516100	28.337675	0.001	
625.701	5480	2147.55	78.8951	1.10748	28.516100	28.337675	0.001	
626.789	5581	2158.74	80.919	1.10748	28.516100	28.337675	0.001	
627.878	5633	2149.83	82.2255	1.10748	28.516100	28.337675	0.001	
628.966	5733	2155.97	84.2716	1.10748	28.516100	28.337675	0.001	
630.054	5791	2150.12	85.8853	1.10748	28.516100	28.337675	0.001	
631.142	5887	2155.37	87.6621	1.10748	28.516100	28.337675	0.001	
632.23	5974	2154.38	89.4706	1.10748	28.516100	28.337675	0.001	
633.318	6053	2157.25	91.0592	1.10748	28.516100	28.337675	0.001	
634.405	6135	2151.41	93.0758	1.10748	28.516100	28.337675	0.001	
635.492	6228	2156.36	94.9955	1.10748	28.516100	28.337675	0.001	
636.579	6313	2152.5	96.7965	1.10748	28.516100	28.337675	0.001	
637.666	6397	2148.44	98.7531	1.10748	28.516100	28.337675	0.001	
638.753	6496	2154.28	100.659	1.10748	28.516100	28.337675	0.001	
639.84	6594	2159.13	102.705	1.10748	28.516100	28.337675	0.001	
640.926	6676	2151.21	104.809	1.10748	28.516100	28.337675	0.001	
642.012	6776	2158.24	106.749	1.10748	28.516100	28.337675	0.001	
643.098	6873	2154.18	108.82	1.10748	28.516100	28.337675	0.001	
644.184	6971	2162.1	110.651	1.10748	28.516100	28.337675	0.001	
645.27	7059	2154.88	112.744	1.10748	28.516100	28.337675	0.001	
646.355	7192	2173.99	115.099	1.10748	28.516100	28.337675	0.001	
647.441	7299	2158.24	117.715	1.10748	28.516100	28.337675	0.001	
648.526	7376	2157.45	119.035	1.10748	28.516100	28.337675	0.001	
649.611	7486	2148.24	121.929	1.10748	28.516100	28.337675	0.001	
650.695	7594	2165.47	123.769	1.10748	28.516100	28.337675	0.001	
651.78	7708	2152.8	126.431	1.10748	28.516100	28.337675	0.001	
652.864	7830	2165.87	128.665	1.10748	28.516100	28.337675	0.001	
653.948	7931	2154.48	131.212	1.10748	28.516100	28.337675	0.001	
655.032	8057	2153.99	133.798	1.10748	28.516100	28.337675	0.001	
656.116	8171	2157.06	135.956	1.10748	28.516100	28.337675	0.001	
657.199	8282	2160.52	138.132	1.10748	28.516100	28.337675	0.001	
658.283	8413	2148.05	141.237	1.10748	28.516100	28.337675	0.001	
659.366	8548	2167.06	143.421	1.10748	28.516100	28.337675	0.001	
660.448	8651	2152.1	145.943	1.10748	28.516100	28.337675	0.001	
661.531	8788	2150.22	148.642	1.10748	28.516100	28.337675	0.001	
662.614	8933	2153.29	151.767	1.10748	28.516100	28.337675	0.001	
663.696	9047	2171.61	153.45	1.10748	28.516100	28.337675	0.001	
664.778	9182	2156.36	156.422	1.10748	28.516100	28.337675	0.001	
665.86	9321	2157.65	159.534	1.10748	28.516100	28.337675	0.001	
666.941	9452	2140.32	162.317	1.10748	28.516100	28.337675	0.001	
668.023	9591	2155.47	164.867	1.10748	28.516100	28.337675	0.001	
669.104	9736	2158.74	167.505	1.10748	28.516100	28.337675	0.001	
670.185	9895	2158.44	170.908	1.10748	28.516100	28.337675	0.001	
671.265	10031	2148.34	173.705	1.10748	28.516100	28.337675	0.001	
672.346	10199	2152.8	177.11	1.10748	28.516100	28.337675	0.001	
673.426	10326	2148.14	179.942	1.10748	28.516100	28.337675	0.001	
674.506	10499	2171.02	182.658	1.10748	28.516100	28.337675	0.001	
675.586	10625	2142.5	185.895	1.10748	28.516100	28.337675	0.001	
676.665	10801	2172.4	188.568	1.10748	28.516100	28.337675	0.001	
677.745	10975	2151.61	192.323	1.10748	28.516100	28.337675	0.001	
678.824	11141	2163.29	195.279	1.10748	28.516100	28.337675	0.001	
679.903	11304	2153.79	198.594	1.10748	28.516100	28.337675	0.001	
680.981	11499	2171.61	201.897	1.10748	28.516100	28.337675	0.001	
682.059	11661	2146.56	205.667	1.10748	28.516100	28.337675	0.001	
683.138	11845	2166.36	208.549	1.10748	28.516100	28.337675	0.001	
684.215	12040	2169.83	212.135	1.10748	28.516100	28.337675	0.001	
685.293	12248	2169.63	216.143	1.10748	28.516100	28.337675	0.001	
686.37	12399	2156.16	219.309	1.10748	28.516100	28.337675	0.001	
687.448	12609	2166.86	222.902	1.10748	28.516100	28.337675	0.001	
688.524	12802	2166.16	226.16	1.10748	28.516100	28.337675	0.001	
689.601	13020	2157.85	230.318	1.10748	28.516100	28.337675	0.001	
690.678	13221	2150.42	234.08	1.10748	28.516100	28.337675	0.001	
691.754	13438	2156.86	237.616	1.10748	28.516100	28.337675	0.001	
692.83	13640	2164.38	240.911	1.10748	28.516100	28.337675	0.001	
693.905	13874	2155.67	245.346	1.10748	28.516100	28.337675	0.001	
694.98	14067	2139.43	249.049	1.10748	28.516100	28.337675	0.001	
696.056	14293	2158.05	252.573	1.10748	28.516100	28.337675	0.001	
697.13	14508	2153	256.048	1.10748	28.516100	28.337675	0.001	
698.205	14771	2164.78	260.664	1.10748	28.516100	28.337675	0.001	
699.279	14993	2150.03	264.662	1.10748	28.516100	28.337675	0.001	
700.353	15250	2163.69	269.072	1.10748	28.516100	28.337675	0.001	
701.427	15486	2157.35	272.832	1.10748	28.516100	28.337675	0.001	
702.501	15740	2150.62	277.086	1.10748	28.516100	28.337675	0.001	
703.574	16008	2159.33	281.561	1.10748	28.516100	28.337675	0.001	
704.647	16278	2172.1	285.641	1.10748	28.516100	28.337675	0.001	
705.719	16536	2151.51	290.007	1.10748	28.516100	28.337675	0.001	
706.792	16856	2156.96	295.062	1.10748	28.516100	28.337675	0.001	
707.864	17093	2163.69	298.619	1.10748	28.516100	28.337675	0.001	
708.936	17369	2164.08	303.078	1.10748	28.516100	28.337675	0.001	
710.007	17639	2162.6	307.491	1.10748	28.516100	28.337675	0.001	
711.079	17906	2160.52	312.083	1.10748	28.516100	28.337675	0.001	
712.15	18190	2160.12	316.756	1.10748	28.516100	28.337675	0.001	
713.221	18475	2157.85	321.467	1.10748	28.516100	28.337675	0.001	
714.291	18770	2157.55	326.071	1.10748	28.516100	28.337675	0.001	
715.361	19064	2167.75	330.872	1.10748	28.516100	28.337675	0.001	
716.431	19369	2151.51	336.066	1.10748	28.516100	28.337675	0.001	
717.501	19667	2162.3	340.693	1.10748	28.516100	28.337675	0.001	
718.57	19966	2165.57	345.824	1.10748	28.516100	28.337675	0.001	
719.639	20273	2172.2	350.545	1.10748	28.516100	28.337675	0.001	
720.707	20541	2152.6	355.721	1.10748	28.516100	28.337675	0.001	
721.776	20855	2161.81	360.634	1.10748	28.516100	28.337675	0.001	
722.844	21147	2163.79	365.601	1.10748	28.516100	28.337675	0.001	
723.912	21466	2175.57	370.893	1.10748	28.516100	28.337675	0.001	
724.979	21752	2160.52	376.485	1.10748	28.516100	28.337675	0.001	
726.046	22011	2170.72	380.743	1.10748	28.516100	28.337675	0.001	
727.113	22287	2169.93	386.083	1.10748	28.516100	28.337675	0.001	
728.18	22537	2172.2	391.785	1.10748	28.516100	28.337675	0.001	
729.246	22784	2152.5	397.246	1.10748	28.516100	28.337675	0.001	
730.312	23018	2161.81	402.818	1.10748	28.516100	28.337675	0.001	
731.378	23247	2150.52	408.256	1.10748	28.516100	28.337675	0.001	
732.443	23490	2164.28	414.018	1.10748	28.516100	28.337675	0.001	
733.508	23705	2154.48	419.56	1.10748	28.516100	28.337675	0.001	
734.573	23950	2169.33	425.378	1.10748	28.516100	28.337675	0.001	
735.637	24142	2164.68	431.009	1.10748	28.516100	28.337675	0.001	
736.701	24363	2174.58	437.262	1.10748	28.516100	28.337675	0.001	
737.765	24561	2159.93	443.202	1.10748	28.516100	28.337675	0.001	
738.829	24716	2169.13	448.278	1.10748	28.516100	28.337675	0.001	
739.892	24911	2165.27	454.835	1.10748	28.516100	28.337675	0.001	
740.955	25057	2172.4	460.193	1.10748	28.516100	28.337675	0.001	
742.017	25199	2151.02	466.264	1.10748	28.516100	28.337675	0.001	
743.079	25333	2165.37	471.733	1.10748	28.516100	28.337675	0.001	
744.141	25477	2161.31	478.215	1.10748	28.516100	28.337675	0.001	
745.202	25602	2168.94	484.352	1.10748	28.516100	28.337675	0.001	
746.264	25731	2157.25	490.878	1.10748	28.516100	28.337675	0.001	
747.324	25876	2171.51	497.043	1.10748	28.516100	28.337675	0.001	
748.385	26032	2162.6	504.151	1.10748	28.516100	28.337675	0.001	
749.445	26136	2153.69	510.825	1.10748	28.516100	28.337675	0.001	
750.505	26259	2171.02	516.79	1.10748	28.516100	28.337675	0.001	
751.564	26417	2168.44	524.399	1.10748	28.516100	28.337675	0.001	
752.623	26535	2157.45	530.868	1.10748	28.516100	28.337675	0.001	
753.682	26650	2165.08	537.542	1.10748	28.516100	28.337675	0.001	
754.741	26777	2163.29	544.287	1.10748	28.516100	28.337675	0.001	
755.799	26916	2164.98	551.515	1.10748	28.516100	28.337675	0.001	
756.857	27049	2158.84	557.849	1.10748	28.516100	28.337675	0.001	
757.914	27182	2163.69	564.739	1.10748	28.516100	28.337675	0.001	
758.971	27332	2168.84	571.746	1.10748	28.516100	28.337675	0.001	
760.028	27449	2159.04	578.575	1.10748	28.516100	28.337675	0.001	
761.084	27574	2170.62	585.285	1.10748	28.516100	28.337675	0.001	
762.14	27687	2157.45	592.513	1.10748	28.516100	28.337675	0.001	
763.196	27769	2170.03	599.7	1.10748	28.516100	28.337675	0.001	
764.251	27867	2156.86	606.935	1.10748	28.516100	28.337675	0.001	
765.306	27994	2165.27	614.553	1.10748	28.516100	28.337675	0.001	
766.36	28082	2166.26	621.548	1.10748	28.516100	28.337675	0.001	
767.415	28218	2153.49	629.663	1.10748	28.516100	28.337675	0.001	
768.468	28324	2167.65	637.091	1.10748	28.516100	28.337675	0.001	
769.522	28443	2149.13	644.772	1.10748	28.516100	28.337675	0.001	
770.575	28590	2162.6	652.992	1.10748	28.516100	28.337675	0.001	
771.628	28694	2160.22	660.632	1.10748	28.516100	28.337675	0.001	
772.68	28804	2174.68	668.134	1.10748	28.516100	28.337675	0.001	
773.732	28896	2152.5	676.23	1.10748	28.516100	28.337675	0.001	
774.784	29039	2169.04	684.518	1.10748	28.516100	28.337675	0.001	
775.835	29095	2163	691.57	1.10748	28.516100	28.337675	0.001	
776.886	29209	2166.56	699.811	1.10748	28.516100	28.337675	0.001	
777.936	29342	2162.7	708.131	1.10748	28.516100	28.337675	0.001	
778.986	29477	2174.09	715.771	1.10748	28.516100	28.337675	0.001	
780.036	29549	2153.99	723.544	1.10748	28.516100	28.337675	0.001	
781.086	29547	2153.99	730.354	1.10748	28.516100	28.337675	0.001	
782.135	29619	2153.69	739.133	1.10748	28.516100	28.337675	0.001	
783.183	29700	2169.63	748.351	1.10748	28.516100	28.337675	0.001	
784.231	29724	2151.81	756.696	1.10748	28.516100	28.337675	0.001	
785.279	29748	2165.97	765.715	1.10748	28.516100	28.337675	0.001	
786.327	29827	2146.96	774.884	1.10748	28.516100	28.337675	0.001	
787.374	29836	2163.29	782.553	1.10748	28.516100	28.337675	0.001	
788.42	29894	2155.37	792.495	1.10748	28.516100	28.337675	0.001	
789.466	29937	2161.51	801.51	1.10748	28.516100	28.337675	0.001	
790.512	29962	2160.62	810.789	1.10748	28.516100	28.337675	0.001	
791.558	30008	2162.01	819.19	1.10748	28.516100	28.337675	0.001	
792.603	30023	2164.28	828.747	1.10748	28.516100	28.337675	0.001	
793.648	30065	2164.38	837.135	1.10748	28.516100	28.337675	0.001	
794.692	30081	2165.17	846.502	1.10748	28.516100	28.337675	0.001	
795.736	30097	2159.13	855.898	1.10748	28.516100	28.337675	0.001	
796.779	30158	2158.14	864.919	1.10748	28.516100	28.337675	0.001	
797.822	30143	2179.13	873.436	1.10748	28.516100	28.337675	0.001	
798.865	30146	2162.7	882.81	1.10748	28.516100	28.337675	0.001	
799.907	30151	2149.04	892.317	1.10748	28.516100	28.337675	0.001	
800.949	30163	2158.34	901.896	1.10748	28.516100	28.337675	0.001	
801.99	30128	2163.59	909.766	1.10748	28.516100	28.337675	0.001	
803.031	30062	2149.73	918.454	1.10748	28.516100	28.337675	0.001	
804.072	30095	2168.94	929.097	1.10748	28.516100	28.337675	0.001	
805.112	30073	2158.64	939.34	1.10748	28.516100	28.337675	0.001	
806.152	30104	2169.23	949.444	1.10748	28.516100	28.337675	0.001	
807.191	30063	2171.11	958.554	1.10748	28.516100	28.337675	0.001	
808.23	30076	2162.3	969.406	1.10748	28.516100	28.337675	0.001	
809.268	30089	2150.22	980.217	1.10748	28.516100	28.337675	0.001	
810.307	30130	2152.3	991.117	1.10748	28.516100	28.337675	0.001	
811.344	30153	2154.08	1000.79	1.10748	28.516100	28.337675	0.001	
812.381	30165	2168.84	1010.73	1.10748	28.516100	28.337675	0.001	
813.418	30191	2158.74	1021.24	1.10748	28.516100	28.337675	0.001	
814.454	30223	2167.45	1032.19	1.10748	28.516100	28.337675	0.001	
815.49	30193	2157.35	1041.49	1.10748	28.516100	28.337675	0.001	
816.526	30251	2162.8	1052.81	1.10748	28.516100	28.337675	0.001	
817.561	30207	2159.93	1061.66	1.10748	28.516100	28.337675	0.001	
818.596	30253	2169.33	1073.13	1.10748	28.516100	28.337675	0.001	
819.63	30238	2159.63	1083.08	1.10748	28.516100	28.337675	0.001	
820.664	30299	2172.1	1093.6	1.10748	28.516100	28.337675	0.001	
821.697	30260	2167.15	1103.14	1.10748	28.516100	28.337675	0.001	
822.73	30291	2175.57	1114.07	1.10748	28.516100	28.337675	0.001	
823.762	30267	2171.91	1124.02	1.10748	28.516100	28.337675	0.001	
824.794	30273	2171.11	1135.54	1.10748	28.516100	28.337675	0.001	
825.826	30265	2162.1	1146.62	1.10748	28.516100	28.337675	0.001	
826.857	30235	2176.56	1157.94	1.10748	28.516100	28.337675	0.001	
827.887	30263	2162.1	1169.24	1.10748	28.516100	28.337675	0.001	
828.918	30286	2174.78	1180.94	1.10748	28.516100	28.337675	0.001	
829.947	30255	2163.19	1191.99	1.10748	28.516100	28.337675	0.001	
830.977	30316	2164.48	1204.76	1.10748	28.516100	28.337675	0.001	
832.005	30329	2164.28	1215.75	1.10748	28.516100	28.337675	0.001	
833.034	30354	2165.77	1227.28	1.10748	28.516100	28.337675	0.001	
834.062	30333	2170.42	1238.29	1.10748	28.516100	28.337675	0.001	
835.089	30357	2159.53	1250.98	1.10748	28.516100	28.337675	0.001	
836.116	30410	2162.2	1262.53	1.10748	28.516100	28.337675	0.001	
837.143	30457	2167.65	1273.25	1.10748	28.516100	28.337675	0.001	
838.169	30501	2169.23	1284.34	1.10748	28.516100	28.337675	0.001	
839.194	30546	2162.5	1296.02	1.10748	28.516100	28.337675	0.001	
840.22	30601	2155.27	1309.71	1.10748	28.516100	28.337675	0.001	
841.244	30676	2162.5	1321.55	1.10748	28.516100	28.337675	0.001	
842.268	30701	2158.84	1333.57	1.10748	28.516100	28.337675	0.001	
843.292	30748	2174.38	1343.81	1.10748	28.516100	28.337675	0.001	
844.315	30800	2159.83	1357.11	1.10748	28.516100	28.337675	0.001	
845.338	30850	2172.7	1368.91	1.10748	28.516100	28.337675	0.001	
846.36	30845	2157.15	1380.98	1.10748	28.516100	28.337675	0.001	
847.382	30880	2160.42	1392.07	1.10748	28.516100	28.337675	0.001	
848.404	30872	2165.57	1403.96	1.10748	28.516100	28.337675	0.001	
849.425	30916	2169.73	1416.42	1.10748	28.516100	28.337675	0.001	
850.445	30915	2163.69	1428.62	1.10748	28.516100	28.337675	0.001	
851.465	30967	2175.57	1441.34	1.10748	28.516100	28.337675	0.001	
852.484	31048	2159.63	1456.43	1.10748	28.516100	28.337675	0.001	
853.503	31087	2155.47	1469.85	1.10748	28.516100	28.337675	0.001	
854.522	31133	2152.2	1481.85	1.10748	28.516100	28.337675	0.001	
855.54	31203	2170.52	1495.1	1.10748	28.516100	28.337675	0.001	
856.557	31261	2170.22	1507.88	1.10748	28.516100	28.337675	0.001	
857.574	31349	2163.49	1521.69	1.10748	28.516100	28.337675	0.001	
858.591	31397	2159.23	1533.08	1.10748	28.516100	28.337675	0.001	
859.607	31441	2160.03	1545.39	1.10748	28.516100	28.337675	0.001	
860.622	31525	2166.76	1559.26	1.10748	28.516100	28.337675	0.001	
861.637	31594	2158.74	1572.64	1.10748	28.516100	28.337675	0.001	
862.652	31648	2159.23	1586.74	1.10748	28.516100	28.337675	0.001	
863.666	31737	2163	1599.31	1.10748	28.516100	28.337675	0.001	
864.679	31770	2150.72	1612.73	1.10748	28.516100	28.337675	0.001	
865.692	31822	2158.64	1624.77	1.10748	28.516100	28.337675	0.001	
866.705	31864	2146.66	1638.94	1.10748	28.516100	28.337675	0.001	
867.717	31874	2152.3	1650.7	1.10748	28.516100	28.337675	0.001	
868.728	31901	2157.95	1664.5	1.10748	28.516100	28.337675	0.001	
869.739	31932	2151.11	1678.16	1.10748	28.516100	28.337675	0.001	
870.75	31965	2170.22	1690.75	1.10748	28.516100	28.337675	0.001	
871.76	31989	2152.3	1705.09	1.10748	28.516100	28.337675	0.001	
872.769	32017	2150.72	1718.56	1.10748	28.516100	28.337675	0.001	
873.778	32009	2153.79	1731.64	1.10748	28.516100	28.337675	0.001	
874.786	32018	2154.08	1744.62	1.10748	28.516100	28.337675	0.001	
875.794	32070	2163.09	1759.62	1.10748	28.516100	28.337675	0.001	
876.802	32086	2178.34	1773.93	1.10748	28.516100	28.337675	0.001	
877.809	32116	2165.87	1790.58	1.10748	28.516100	28.337675	0.001	
878.815	32111	2171.71	1802.83	1.10748	28.516100	28.337675	0.001	
879.821	32112	2159.04	1818.45	1.10748	28.516100	28.337675	0.001	
880.826	32169	2170.03	1832.54	1.10748	28.516100	28.337675	0.001	
881.831	32176	2169.43	1846.93	1.10748	28.516100	28.337675	0.001	
882.835	32170	2162.8	1860.73	1.10748	28.516100	28.337675	0.001	
883.839	32153	2161.11	1874.75	1.10748	28.516100	28.337675	0.001	
884.842	32196	2157.25	1890.67	1.10748	28.516100	28.337675	0.001	
885.844	32213	2162.7	1903.49	1.10748	28.516100	28.337675	0.001	
886.847	32225	2164.88	1917.69	1.10748	28.516100	28.337675	0.001	
887.848	32204	2161.51	1932.68	1.10748	28.516100	28.337675	0.001	
888.849	32155	2156.76	1946.73	1.10748	28.516100	28.337675	0.001	
889.85	32114	2160.22	1960.88	1.10748	28.516100	28.337675	0.001	
890.85	32090	2152.3	1978.23	1.10748	28.516100	28.337675	0.001	
891.849	32023	2151.91	1991.51	1.10748	28.516100	28.337675	0.001	
892.848	32027	2160.03	2006.74	1.10748	28.516100	28.337675	0.001	
893.846	32017	2162.9	2019.05	1.10748	28.516100	28.337675	0.001	
894.844	31999	2145.57	2034.38	1.10748	28.516100	28.337675	0.001	
895.841	31973	2160.42	2048.36	1.10748	28.516100	28.337675	0.001	
896.838	31938	2151.81	2062.86	1.10748	28.516100	28.337675	0.001	
897.834	31911	2155.47	2077.47	1.10748	28.516100	28.337675	0.001	
898.83	31836	2139.93	2092.49	1.10748	28.516100	28.337675	0.001	
899.825	31787	2163	2106.59	1.10748	28.516100	28.337675	0.001	
900.819	31725	2142.2	2121.36	1.10748	28.516100	28.337675	0.001	
901.813	31688	2158.54	2134.36	1.10748	28.516100	28.337675	0.001	
902.807	31645	2163.79	2151.88	1.10748	28.516100	28.337675	0.001	
903.799	31599	2160.32	2166.28	1.10748	28.516100	28.337675	0.001	
904.792	31536	2156.07	2184.03	1.10748	28.516100	28.337675	0.001	
905.783	31507	2165.47	2198.78	1.10748	28.516100	28.337675	0.001	
906.775	31465	2158.74	2215.58	1.10748	28.516100	28.337675	0.001	
907.765	31461	2176.07	2233.14	1.10748	28.516100	28.337675	0.001	
908.755	31399	2163.39	2247.28	1.10748	28.516100	28.337675	0.001	
909.745	31374	2167.45	2263.61	1.10748	28.516100	28.337675	0.001	
910.733	31364	2151.41	2282.14	1.10748	28.516100	28.337675	0.001	
911.722	31318	2164.48	2296.88	1.10748	28.516100	28.337675	0.001	
912.71	31280	2160.32	2312.85	1.10748	28.516100	28.337675	0.001	
913.697	31249	2167.15	2327.77	1.10748	28.516100	28.337675	0.001	
914.683	31215	2155.08	2342.7	1.10748	28.516100	28.337675	0.001	
915.669	31161	2146.16	2359.39	1.10748	28.516100	28.337675	0.001	
916.655	31089	2159.23	2374.53	1.10748	28.516100	28.337675	0.001	
917.64	31035	2160.22	2390.26	1.10748	28.516100	28.337675	0.001	
918.624	30917	2152.3	2403.39	1.10748	28.516100	28.337675	0.001	
919.608	30822	2159.04	2417.41	1.10748	28.516100	28.337675	0.001	
920.591	30699	2155.17	2431.55	1.10748	28.516100	28.337675	0.001	
921.573	30600	2171.81	2446.8	1.10748	28.516100	28.337675	0.001	
922.555	30530	2143.99	2464.99	1.10748	28.516100	28.337675	0.001	
923.537	30412	2151.11	2481.77	1.10748	28.516100	28.337675	0.001	
924.517	30273	2163.79	2495.07	1.10748	28.516100	28.337675	0.001	
925.498	30140	2156.66	2511.19	1.10748	28.516100	28.337675	0.001	
926.477	30013	2164.88	2524.35	1.10748	28.516100	28.337675	0.001	
927.456	29863	2152.3	2540.83	1.10748	28.516100	28.337675	0.001	
928.435	29743	2166.36	2555.96	1.10748	28.516100	28.337675	0.001	
929.412	29625	2156.46	2575.37	1.10748	28.516100	28.337675	0.001	
930.39	29476	2164.68	2591.38	1.10748	28.516100	28.337675	0.001	
931.366	29364	2163.29	2608.93	1.10748	28.516100	28.337675	0.001	
932.342	29215	2154.58	2627.82	1.10748	28.516100	28.337675	0.001	
933.318	29058	2163.49	2642.57	1.10748	28.516100	28.337675	0.001	
934.293	28941	2162.7	2661.79	1.10748	28.516100	28.337675	0.001	
935.267	28789	2158.54	2681.25	1.10748	28.516100	28.337675	0.001	
936.24	28624	2140.42	2700.2	1.10748	28.516100	28.337675	0.001	
937.213	28456	2169.04	2714.21	1.10748	28.516100	28.337675	0.001	
938.186	28243	2154.28	2729.15	1.10748	28.516100	28.337675	0.001	
939.158	28103	2176.07	2743.76	1.10748	28.516100	28.337675	0.001	
940.129	27915	2153.49	2761.94	1.10748	28.516100	28.337675	0.001	
941.099	27740	2165.47	2777.61	1.10748	28.516100	28.337675	0.001	
942.069	27562	2162.01	2795.95	1.10748	28.516100	28.337675	0.001	
943.039	27401	2158.74	2814.2	1.10748	28.516100	28.337675	0.001	
944.007	27230	2145.47	2830.83	1.10748	28.516100	28.337675	0.001	
944.975	27078	2174.68	2844.29	1.10748	28.516100	28.337675	0.001	
945.943	26890	2169.53	2857.43	1.10748	28.516100	28.337675	0.001	
946.91	26772	2164.48	2877.08	1.10748	28.516100	28.337675	0.001	
947.876	26614	2148.34	2894.68	1.10748	28.516100	28.337675	0.001	
948.842	26459	2159.33	2908.01	1.10748	28.516100	28.337675	0.001	
949.807	26319	2165.67	2925.42	1.10748	28.516100	28.337675	0.001	
950.771	26176	2165.77	2942.55	1.10748	28.516100	28.337675	0.001	
951.735	26024	2152.6	2958.37	1.10748	28.516100	28.337675	0.001	
952.698	25878	2182.2	2971.75	1.10748	28.516100	28.337675	0.001	
953.66	25703	2156.56	2990.65	1.10748	28.516100	28.337675	0.001	
954.622	25526	2159.73	3004.6	1.10748	28.516100	28.337675	0.001	
955.584	25370	2160.22	3023.32	1.10748	28.516100	28.337675	0.001	
956.544	25187	2163.89	3038.75	1.10748	28.516100	28.337675	0.001	
957.504	24985	2153	3054.09	1.10748	28.516100	28.337675	0.001	
958.463	24807	2173.99	3068.1	1.10748	28.516100	28.337675	0.001	
959.422	24583	2153.39	3084.84	1.10748	28.516100	28.337675	0.001	
960.38	24387	2159.33	3101.35	1.10748	28.516100	28.337675	0.001	
961.338	24160	2165.08	3116.96	1.10748	28.516100	28.337675	0.001	
962.294	23977	2157.85	3140.12	1.10748	28.516100	28.337675	0.001	
963.25	23779	2147.35	3158.1	1.10748	28.516100	28.337675	0.001	
964.206	23588	2165.57	3175.91	1.10748	28.516100	28.337675	0.001	
965.161	23395	2156.36	3196.06	1.10748	28.516100	28.337675	0.001	
966.115	23180	2160.62	3214.02	1.10748	28.516100	28.337675	0.001	
