452.692	2222	2134.77	663.017	1.10748	28.516100	28.337675	0.001	
453.787	2252	2166.48	1.86437	1.10748	28.516100	28.337675	0.001	
454.882	2241	2156.64	0.369313	1.10748	28.516100	28.337675	0.001	
455.977	2255	2178.01	-64.0794	1.10748	28.516100	28.337675	0.001	
457.072	2230	2143.32	1.03843	1.10748	28.516100	28.337675	0.001	
458.167	2253	2183.18	-85.2409	1.10748	28.516100	28.337675	0.001	
459.263	2249	2157.64	3.22169	1.10748	28.516100	28.337675	0.001	
460.358	2262	2171.26	4.09354	1.10748	28.516100	28.337675	0.001	
461.453	2232	2162.81	-14.3683	1.10748	28.516100	28.337675	0.001	
462.549	2240	2161.31	-4.39635	1.10748	28.516100	28.337675	0.001	
463.644	2239	2152.96	13.3765	1.10748	28.516100	28.337675	0.001	
464.74	2253	2163	1.73124	1.10748	28.516100	28.337675	0.001	
465.835	2247	2164.1	-1.99603	1.10748	28.516100	28.337675	0.001	
466.931	2250	2166.58	-0.332691	1.10748	28.516100	28.337675	0.001	
468.027	2238	2147.7	50.7915	1.10748	28.516100	28.337675	0.001	
469.123	2260	2173.04	1.54759	1.10748	28.516100	28.337675	0.001	
470.219	2241	2148.09	7.4922	1.10748	28.516100	28.337675	0.001	
471.315	2233	2159.72	-6.83309	1.10748	28.516100	28.337675	0.001	
472.411	2226	2152.96	-9.11986	1.10748	28.516100	28.337675	0.001	
473.507	2248	2172.55	-7.52641	1.10748	28.516100	28.337675	0.001	
474.603	2245	2152.27	4.00404	1.10748	28.516100	28.337675	0.001	
475.699	2266	2161.41	-129.147	1.10748	28.516100	28.337675	0.001	
476.795	2236	2164.2	-6.59978	1.10748	28.516100	28.337675	0.001	
477.892	2260	2170.76	5.38399	1.10748	28.516100	28.337675	0.001	
478.988	2245	2164.4	-1.61706	1.10748	28.516100	28.337675	0.001	
480.084	2257	2162.31	7.60072	1.10748	28.516100	28.337675	0.001	
481.181	2252	2165.49	1.38763	1.10748	28.516100	28.337675	0.001	
482.277	2265	2171.06	21.7649	1.10748	28.516100	28.337675	0.001	
483.374	2243	2155.35	1.44674	1.10748	28.516100	28.337675	0.001	
484.47	2258	2164.2	28.2787	1.10748	28.516100	28.337675	0.001	
485.567	2253	2160.02	4.52704	1.10748	28.516100	28.337675	0.001	
486.663	2254	2175.73	-1.83229	1.10748	28.516100	28.337675	0.001	
487.76	2253	2162.11	5.66243	1.10748	28.516100	28.337675	0.001	
488.857	2256	2175.03	-2.34663	1.10748	28.516100	28.337675	0.001	
489.954	2248	2154.85	3.52543	1.10748	28.516100	28.337675	0.001	
491.05	2255	2161.91	3.70003	1.10748	28.516100	28.337675	0.001	
492.147	2249	2155.65	4.17055	1.10748	28.516100	28.337675	0.001	
493.244	2265	2164.99	4.81554	1.10748	28.516100	28.337675	0.001	
494.341	2273	2165.99	6.1081	1.10748	28.516100	28.337675	0.001	
495.438	2274	2179.31	3.13468	1.10748	28.516100	28.337675	0.001	
496.535	2250	2152.07	4.13817	1.10748	28.516100	28.337675	0.001	
497.632	2260	2164	2.8394	1.10748	28.516100	28.337675	0.001	
498.729	2260	2164.1	2.55831	1.10748	28.516100	28.337675	0.001	
499.825	2266	2164	3.39511	1.10748	28.516100	28.337675	0.001	
500.922	2266	2162.31	2.89966	1.10748	28.516100	28.337675	0.001	
502.019	2280	2168.57	4.60828	1.10748	28.516100	28.337675	0.001	
503.117	2280	2161.02	5.18993	1.10748	28.516100	28.337675	0.001	
504.214	2272	2157.14	4.41893	1.10748	28.516100	28.337675	0.001	
505.311	2287	2152.47	6.87664	1.10748	28.516100	28.337675	0.001	
506.408	2290	2165.69	5.25534	1.10748	28.516100	28.337675	0.001	
507.505	2303	2167.97	5.79823	1.10748	28.516100	28.337675	0.001	
508.602	2286	2155.95	5.68058	1.10748	28.516100	28.337675	0.001	
509.699	2296	2160.12	5.54268	1.10748	28.516100	28.337675	0.001	
510.796	2308	2158.73	6.91944	1.10748	28.516100	28.337675	0.001	
511.893	2321	2164.59	6.76334	1.10748	28.516100	28.337675	0.001	
512.99	2336	2178.81	6.44506	1.10748	28.516100	28.337675	0.001	
514.087	2327	2157.44	7.20999	1.10748	28.516100	28.337675	0.001	
515.184	2334	2166.28	7.02514	1.10748	28.516100	28.337675	0.001	
516.281	2351	2158.33	7.50122	1.10748	28.516100	28.337675	0.001	
517.378	2352	2167.78	7.36581	1.10748	28.516100	28.337675	0.001	
518.475	2354	2161.91	7.35383	1.10748	28.516100	28.337675	0.001	
519.573	2388	2167.28	9.36033	1.10748	28.516100	28.337675	0.001	
520.67	2379	2157.74	8.69326	1.10748	28.516100	28.337675	0.001	
521.767	2382	2168.27	8.02714	1.10748	28.516100	28.337675	0.001	
522.864	2385	2167.97	8.24878	1.10748	28.516100	28.337675	0.001	
523.961	2409	2174.83	8.95318	1.10748	28.516100	28.337675	0.001	
525.058	2405	2155.25	9.58726	1.10748	28.516100	28.337675	0.001	
526.155	2449	2177.62	10.2809	1.10748	28.516100	28.337675	0.001	
527.252	2440	2158.13	10.2806	1.10748	28.516100	28.337675	0.001	
528.348	2478	2174.93	11.2885	1.10748	28.516100	28.337675	0.001	
529.445	2464	2158.83	10.8357	1.10748	28.516100	28.337675	0.001	
530.542	2483	2150.78	11.8866	1.10748	28.516100	28.337675	0.001	
531.639	2484	2157.84	11.1865	1.10748	28.516100	28.337675	0.001	
532.736	2533	2176.92	12.339	1.10748	28.516100	28.337675	0.001	
533.833	2527	2161.81	12.3876	1.10748	28.516100	28.337675	0.001	
534.929	2561	2169.17	13.0543	1.10748	28.516100	28.337675	0.001	
536.026	2549	2142.73	13.4228	1.10748	28.516100	28.337675	0.001	
537.123	2584	2167.68	13.3806	1.10748	28.516100	28.337675	0.001	
538.22	2586	2151.67	13.8383	1.10748	28.516100	28.337675	0.001	
539.316	2609	2169.47	13.6399	1.10748	28.516100	28.337675	0.001	
540.413	2636	2164	14.5808	1.10748	28.516100	28.337675	0.001	
541.509	2675	2161.51	15.5994	1.10748	28.516100	28.337675	0.001	
542.606	2672	2147.5	15.5929	1.10748	28.516100	28.337675	0.001	
543.702	2728	2168.57	16.2616	1.10748	28.516100	28.337675	0.001	
544.799	2716	2146.01	16.3732	1.10748	28.516100	28.337675	0.001	
545.895	2770	2164.99	17.1274	1.10748	28.516100	28.337675	0.001	
546.991	2795	2156.74	17.8819	1.10748	28.516100	28.337675	0.001	
548.088	2821	2167.28	18.0152	1.10748	28.516100	28.337675	0.001	
549.184	2850	2153.36	19.0067	1.10748	28.516100	28.337675	0.001	
550.28	2880	2154.95	19.3771	1.10748	28.516100	28.337675	0.001	
551.376	2906	2151.27	19.92	1.10748	28.516100	28.337675	0.001	
552.472	2954	2168.17	20.3438	1.10748	28.516100	28.337675	0.001	
553.568	2960	2159.43	20.3558	1.10748	28.516100	28.337675	0.001	
554.664	3030	2171.75	21.6585	1.10748	28.516100	28.337675	0.001	
555.76	3045	2160.22	22.0115	1.10748	28.516100	28.337675	0.001	
556.856	3095	2169.57	22.7874	1.10748	28.516100	28.337675	0.001	
557.952	3112	2156.64	23.2974	1.10748	28.516100	28.337675	0.001	
559.047	3173	2174.83	23.9986	1.10748	28.516100	28.337675	0.001	
560.143	3203	2157.04	24.9002	1.10748	28.516100	28.337675	0.001	
561.239	3232	2142.73	25.8203	1.10748	28.516100	28.337675	0.001	
562.334	3271	2149.19	26.3571	1.10748	28.516100	28.337675	0.001	
563.43	3312	2160.02	26.7022	1.10748	28.516100	28.337675	0.001	
564.525	3352	2163.1	27.2567	1.10748	28.516100	28.337675	0.001	
565.62	3392	2165.09	28.0825	1.10748	28.516100	28.337675	0.001	
566.715	3429	2147.8	29.0431	1.10748	28.516100	28.337675	0.001	
567.811	3484	2172.95	29.6477	1.10748	28.516100	28.337675	0.001	
568.906	3527	2148.59	30.9497	1.10748	28.516100	28.337675	0.001	
570.001	3574	2165.69	31.4246	1.10748	28.516100	28.337675	0.001	
571.095	3595	2140.44	32.4082	1.10748	28.516100	28.337675	0.001	
572.19	3666	2161.02	33.5102	1.10748	28.516100	28.337675	0.001	
573.285	3688	2148.19	34.1695	1.10748	28.516100	28.337675	0.001	
574.38	3742	2165.19	34.8411	1.10748	28.516100	28.337675	0.001	
575.474	3768	2144.22	35.8187	1.10748	28.516100	28.337675	0.001	
576.569	3824	2150.28	36.8711	1.10748	28.516100	28.337675	0.001	
577.663	3867	2147.8	37.8505	1.10748	28.516100	28.337675	0.001	
578.757	3908	2152.86	38.6746	1.10748	28.516100	28.337675	0.001	
579.851	3944	2149.19	39.441	1.10748	28.516100	28.337675	0.001	
580.945	4021	2172.45	40.7121	1.10748	28.516100	28.337675	0.001	
582.039	4036	2144.51	41.7038	1.10748	28.516100	28.337675	0.001	
583.133	4089	2154.95	42.7945	1.10748	28.516100	28.337675	0.001	
584.227	4096	2136.86	43.5756	1.10748	28.516100	28.337675	0.001	
585.321	4164	2151.47	44.8266	1.10748	28.516100	28.337675	0.001	
586.414	4192	2148.09	45.7502	1.10748	28.516100	28.337675	0.001	
587.508	4249	2163.5	46.9144	1.10748	28.516100	28.337675	0.001	
588.601	4278	2152.17	48.0509	1.10748	28.516100	28.337675	0.001	
589.694	4315	2148.09	49.2106	1.10748	28.516100	28.337675	0.001	
590.787	4352	2148.19	50.4859	1.10748	28.516100	28.337675	0.001	
591.881	4409	2160.42	51.5509	1.10748	28.516100	28.337675	0.001	
592.973	4450	2150.38	53.0218	1.10748	28.516100	28.337675	0.001	
594.066	4482	2152.07	53.9589	1.10748	28.516100	28.337675	0.001	
595.159	4530	2161.51	55.1789	1.10748	28.516100	28.337675	0.001	
596.251	4563	2159.62	56.3325	1.10748	28.516100	28.337675	0.001	
597.344	4614	2159.92	57.7516	1.10748	28.516100	28.337675	0.001	
598.436	4672	2169.76	59.1947	1.10748	28.516100	28.337675	0.001	
599.528	4701	2154.46	60.5791	1.10748	28.516100	28.337675	0.001	
600.621	4756	2158.53	61.8587	1.10748	28.516100	28.337675	0.001	
601.713	4815	2161.81	63.3798	1.10748	28.516100	28.337675	0.001	
602.804	4859	2156.94	64.6187	1.10748	28.516100	28.337675	0.001	
603.896	4924	2153.56	66.7072	1.10748	28.516100	28.337675	0.001	
604.988	4969	2156.15	67.7615	1.10748	28.516100	28.337675	0.001	
606.079	5022	2158.83	69.1089	1.10748	28.516100	28.337675	0.001	
607.17	5092	2164.99	70.754	1.10748	28.516100	28.337675	0.001	
608.262	5127	2146.9	72.3111	1.10748	28.516100	28.337675	0.001	
609.353	5210	2157.93	73.9236	1.10748	28.516100	28.337675	0.001	
610.443	5261	2157.24	75.1903	1.10748	28.516100	28.337675	0.001	
611.534	5339	2165.79	76.8881	1.10748	28.516100	28.337675	0.001	
612.625	5401	2153.06	78.7044	1.10748	28.516100	28.337675	0.001	
613.715	5483	2159.53	80.4721	1.10748	28.516100	28.337675	0.001	
614.806	5553	2165.09	81.8423	1.10748	28.516100	28.337675	0.001	
615.896	5644	2175.23	83.9239	1.10748	28.516100	28.337675	0.001	
616.986	5704	2161.22	85.5083	1.10748	28.516100	28.337675	0.001	
618.076	5793	2164.1	87.7134	1.10748	28.516100	28.337675	0.001	
619.165	5875	2167.28	89.2999	1.10748	28.516100	28.337675	0.001	
620.255	5963	2174.44	91.1023	1.10748	28.516100	28.337675	0.001	
621.344	6045	2156.74	93.1967	1.10748	28.516100	28.337675	0.001	
622.434	6143	2160.32	95.3224	1.10748	28.516100	28.337675	0.001	
623.523	6227	2159.13	97.2003	1.10748	28.516100	28.337675	0.001	
624.612	6317	2163.9	99.1333	1.10748	28.516100	28.337675	0.001	
625.701	6394	2156.15	100.897	1.10748	28.516100	28.337675	0.001	
626.789	6517	2167.38	103.409	1.10748	28.516100	28.337675	0.001	
627.878	6586	2158.43	105.077	1.10748	28.516100	28.337675	0.001	
628.966	6721	2164.59	107.904	1.10748	28.516100	28.337675	0.001	
630.054	6800	2158.73	110.042	1.10748	28.516100	28.337675	0.001	
631.142	6909	2164	112.014	1.10748	28.516100	28.337675	0.001	
632.23	7018	2163	114.263	1.10748	28.516100	28.337675	0.001	
633.318	7130	2165.89	116.573	1.10748	28.516100	28.337675	0.001	
634.405	7224	2160.02	118.85	1.10748	28.516100	28.337675	0.001	
635.492	7352	2164.99	121.551	1.10748	28.516100	28.337675	0.001	
636.579	7452	2161.12	123.619	1.10748	28.516100	28.337675	0.001	
637.666	7555	2157.04	125.986	1.10748	28.516100	28.337675	0.001	
638.753	7668	2162.91	128.139	1.10748	28.516100	28.337675	0.001	
639.84	7794	2167.78	130.802	1.10748	28.516100	28.337675	0.001	
640.926	7895	2159.82	133.346	1.10748	28.516100	28.337675	0.001	
642.012	8031	2166.88	136.065	1.10748	28.516100	28.337675	0.001	
643.098	8138	2162.81	138.286	1.10748	28.516100	28.337675	0.001	
644.184	8289	2170.76	141.283	1.10748	28.516100	28.337675	0.001	
645.27	8403	2163.5	143.945	1.10748	28.516100	28.337675	0.001	
646.355	8552	2182.69	146.592	1.10748	28.516100	28.337675	0.001	
647.441	8665	2166.88	149.28	1.10748	28.516100	28.337675	0.001	
648.526	8800	2166.09	151.817	1.10748	28.516100	28.337675	0.001	
649.611	8919	2156.84	154.956	1.10748	28.516100	28.337675	0.001	
650.695	9057	2174.14	157.425	1.10748	28.516100	28.337675	0.001	
651.78	9193	2161.41	160.526	1.10748	28.516100	28.337675	0.001	
652.864	9339	2174.54	163.245	1.10748	28.516100	28.337675	0.001	
653.948	9476	2163.1	166.614	1.10748	28.516100	28.337675	0.001	
655.032	9628	2162.61	169.719	1.10748	28.516100	28.337675	0.001	
656.116	9787	2165.69	172.814	1.10748	28.516100	28.337675	0.001	
657.199	9932	2169.17	175.699	1.10748	28.516100	28.337675	0.001	
658.283	10063	2156.64	178.767	1.10748	28.516100	28.337675	0.001	
659.366	10231	2175.73	181.595	1.10748	28.516100	28.337675	0.001	
660.448	10387	2160.72	185.291	1.10748	28.516100	28.337675	0.001	
661.531	10564	2158.83	188.79	1.10748	28.516100	28.337675	0.001	
662.614	10697	2161.91	191.632	1.10748	28.516100	28.337675	0.001	
663.696	10884	2180.3	194.859	1.10748	28.516100	28.337675	0.001	
664.778	11035	2164.99	198.094	1.10748	28.516100	28.337675	0.001	
665.86	11190	2166.28	201.585	1.10748	28.516100	28.337675	0.001	
666.941	11382	2148.89	205.615	1.10748	28.516100	28.337675	0.001	
668.023	11557	2164.1	208.934	1.10748	28.516100	28.337675	0.001	
669.104	11752	2167.38	212.573	1.10748	28.516100	28.337675	0.001	
670.185	11921	2167.08	216.177	1.10748	28.516100	28.337675	0.001	
671.265	12091	2156.94	219.631	1.10748	28.516100	28.337675	0.001	
672.346	12274	2161.41	223.33	1.10748	28.516100	28.337675	0.001	
673.426	12449	2156.74	227.227	1.10748	28.516100	28.337675	0.001	
674.506	12658	2179.7	230.609	1.10748	28.516100	28.337675	0.001	
675.586	12813	2151.08	234.457	1.10748	28.516100	28.337675	0.001	
676.665	13048	2181.1	238.322	1.10748	28.516100	28.337675	0.001	
677.745	13237	2160.22	242.285	1.10748	28.516100	28.337675	0.001	
678.824	13455	2171.95	246.3	1.10748	28.516100	28.337675	0.001	
679.903	13657	2162.41	250.371	1.10748	28.516100	28.337675	0.001	
680.981	13887	2180.3	254.318	1.10748	28.516100	28.337675	0.001	
682.059	14075	2155.15	258.592	1.10748	28.516100	28.337675	0.001	
683.138	14319	2175.03	262.633	1.10748	28.516100	28.337675	0.001	
684.215	14562	2178.51	267.139	1.10748	28.516100	28.337675	0.001	
685.293	14788	2178.31	271.426	1.10748	28.516100	28.337675	0.001	
686.37	14985	2164.79	275.507	1.10748	28.516100	28.337675	0.001	
687.448	15248	2175.53	280.089	1.10748	28.516100	28.337675	0.001	
688.524	15505	2174.83	284.516	1.10748	28.516100	28.337675	0.001	
689.601	15731	2166.48	288.682	1.10748	28.516100	28.337675	0.001	
690.678	15988	2159.03	293.49	1.10748	28.516100	28.337675	0.001	
691.754	16255	2165.49	297.873	1.10748	28.516100	28.337675	0.001	
692.83	16517	2173.04	302.255	1.10748	28.516100	28.337675	0.001	
693.905	16810	2164.3	307.785	1.10748	28.516100	28.337675	0.001	
694.98	17042	2147.99	312.149	1.10748	28.516100	28.337675	0.001	
696.056	17320	2166.68	316.579	1.10748	28.516100	28.337675	0.001	
697.13	17612	2161.61	321.409	1.10748	28.516100	28.337675	0.001	
698.205	17903	2173.44	326.472	1.10748	28.516100	28.337675	0.001	
699.279	18179	2158.63	331.386	1.10748	28.516100	28.337675	0.001	
700.353	18484	2172.35	336.66	1.10748	28.516100	28.337675	0.001	
701.427	18791	2165.99	341.608	1.10748	28.516100	28.337675	0.001	
702.501	19100	2159.23	346.748	1.10748	28.516100	28.337675	0.001	
703.574	19408	2167.97	351.864	1.10748	28.516100	28.337675	0.001	
704.647	19760	2180.8	357.372	1.10748	28.516100	28.337675	0.001	
705.719	20060	2160.12	362.299	1.10748	28.516100	28.337675	0.001	
706.792	20412	2165.59	367.715	1.10748	28.516100	28.337675	0.001	
707.864	20748	2172.35	373.056	1.10748	28.516100	28.337675	0.001	
708.936	21072	2172.75	378.253	1.10748	28.516100	28.337675	0.001	
710.007	21398	2171.26	383.58	1.10748	28.516100	28.337675	0.001	
711.079	21737	2169.17	389.469	1.10748	28.516100	28.337675	0.001	
712.15	22099	2168.77	395.508	1.10748	28.516100	28.337675	0.001	
713.221	22429	2166.48	400.911	1.10748	28.516100	28.337675	0.001	
714.291	22777	2166.19	406.31	1.10748	28.516100	28.337675	0.001	
715.361	23149	2176.42	412.514	1.10748	28.516100	28.337675	0.001	
716.431	23519	2160.12	418.765	1.10748	28.516100	28.337675	0.001	
717.501	23874	2170.96	424.315	1.10748	28.516100	28.337675	0.001	
718.57	24216	2174.24	430.173	1.10748	28.516100	28.337675	0.001	
719.639	24610	2180.9	436.378	1.10748	28.516100	28.337675	0.001	
720.707	24947	2161.22	442.845	1.10748	28.516100	28.337675	0.001	
721.776	25313	2170.46	448.572	1.10748	28.516100	28.337675	0.001	
722.844	25661	2172.45	454.514	1.10748	28.516100	28.337675	0.001	
723.912	26022	2184.28	460.505	1.10748	28.516100	28.337675	0.001	
724.979	26368	2169.17	467.25	1.10748	28.516100	28.337675	0.001	
726.046	26690	2179.41	472.642	1.10748	28.516100	28.337675	0.001	
727.113	27047	2178.61	479.603	1.10748	28.516100	28.337675	0.001	
728.18	27326	2180.9	486.119	1.10748	28.516100	28.337675	0.001	
729.246	27600	2161.12	492.206	1.10748	28.516100	28.337675	0.001	
730.312	27917	2170.46	499.738	1.10748	28.516100	28.337675	0.001	
731.378	28192	2159.13	506.296	1.10748	28.516100	28.337675	0.001	
732.443	28477	2172.95	513.229	1.10748	28.516100	28.337675	0.001	
733.508	28739	2163.1	520.006	1.10748	28.516100	28.337675	0.001	
734.573	29027	2178.01	527.023	1.10748	28.516100	28.337675	0.001	
735.637	29269	2173.34	534.103	1.10748	28.516100	28.337675	0.001	
736.701	29518	2183.28	541.442	1.10748	28.516100	28.337675	0.001	
737.765	29730	2168.57	548.096	1.10748	28.516100	28.337675	0.001	
738.829	29951	2177.82	555.055	1.10748	28.516100	28.337675	0.001	
739.892	30150	2173.94	562.324	1.10748	28.516100	28.337675	0.001	
740.955	30328	2181.1	568.965	1.10748	28.516100	28.337675	0.001	
742.017	30499	2159.62	576.308	1.10748	28.516100	28.337675	0.001	
743.079	30662	2174.04	583.115	1.10748	28.516100	28.337675	0.001	
744.141	30811	2169.96	590.529	1.10748	28.516100	28.337675	0.001	
745.202	30989	2177.62	598.682	1.10748	28.516100	28.337675	0.001	
746.264	31148	2165.89	606.715	1.10748	28.516100	28.337675	0.001	
747.324	31315	2180.2	614.179	1.10748	28.516100	28.337675	0.001	
748.385	31459	2171.26	621.894	1.10748	28.516100	28.337675	0.001	
749.445	31589	2162.31	630.148	1.10748	28.516100	28.337675	0.001	
750.505	31769	2179.7	638.256	1.10748	28.516100	28.337675	0.001	
751.564	31903	2177.12	646.317	1.10748	28.516100	28.337675	0.001	
752.623	32047	2166.09	654.234	1.10748	28.516100	28.337675	0.001	
753.682	32187	2173.74	662.493	1.10748	28.516100	28.337675	0.001	
754.741	32346	2171.95	670.89	1.10748	28.516100	28.337675	0.001	
755.799	32466	2173.64	678.664	1.10748	28.516100	28.337675	0.001	
756.857	32661	2167.48	687.193	1.10748	28.516100	28.337675	0.001	
757.914	32806	2172.35	695.305	1.10748	28.516100	28.337675	0.001	
758.971	32984	2177.52	703.848	1.10748	28.516100	28.337675	0.001	
760.028	33087	2167.68	711.265	1.10748	28.516100	28.337675	0.001	
761.084	33232	2179.31	719.407	1.10748	28.516100	28.337675	0.001	
762.14	33357	2166.09	727.921	1.10748	28.516100	28.337675	0.001	
763.196	33463	2178.71	736.972	1.10748	28.516100	28.337675	0.001	
764.251	33588	2165.49	745.934	1.10748	28.516100	28.337675	0.001	
765.306	33697	2173.94	754.221	1.10748	28.516100	28.337675	0.001	
766.36	33831	2174.93	763.485	1.10748	28.516100	28.337675	0.001	
767.415	33993	2162.11	773.299	1.10748	28.516100	28.337675	0.001	
768.468	34107	2176.32	782.125	1.10748	28.516100	28.337675	0.001	
769.522	34260	2157.74	791.666	1.10748	28.516100	28.337675	0.001	
770.575	34393	2171.26	800.665	1.10748	28.516100	28.337675	0.001	
771.628	34512	2168.87	809.833	1.10748	28.516100	28.337675	0.001	
772.68	34644	2183.38	819.073	1.10748	28.516100	28.337675	0.001	
773.732	34761	2161.12	829.011	1.10748	28.516100	28.337675	0.001	
774.784	34919	2177.72	838.857	1.10748	28.516100	28.337675	0.001	
775.835	35023	2171.65	848.423	1.10748	28.516100	28.337675	0.001	
776.886	35121	2175.23	857.469	1.10748	28.516100	28.337675	0.001	
777.936	35254	2171.35	866.875	1.10748	28.516100	28.337675	0.001	
778.986	35403	2182.79	875.898	1.10748	28.516100	28.337675	0.001	
780.036	35492	2162.61	885.339	1.10748	28.516100	28.337675	0.001	
781.086	35499	2162.61	893.931	1.10748	28.516100	28.337675	0.001	
782.135	35576	2162.31	904.388	1.10748	28.516100	28.337675	0.001	
783.183	35619	2178.31	914.21	1.10748	28.516100	28.337675	0.001	
784.231	35704	2160.42	925.889	1.10748	28.516100	28.337675	0.001	
785.279	35691	2174.64	935.801	1.10748	28.516100	28.337675	0.001	
786.327	35757	2155.55	946.028	1.10748	28.516100	28.337675	0.001	
787.374	35809	2171.95	956.7	1.10748	28.516100	28.337675	0.001	
788.42	35836	2164	967.523	1.10748	28.516100	28.337675	0.001	
789.466	35888	2170.16	978.568	1.10748	28.516100	28.337675	0.001	
790.512	35889	2169.27	989.008	1.10748	28.516100	28.337675	0.001	
791.558	35984	2170.66	1000.47	1.10748	28.516100	28.337675	0.001	
792.603	35923	2172.95	1009.71	1.10748	28.516100	28.337675	0.001	
793.648	36010	2173.04	1021.06	1.10748	28.516100	28.337675	0.001	
794.692	36024	2173.84	1032.33	1.10748	28.516100	28.337675	0.001	
795.736	36024	2167.78	1043.13	1.10748	28.516100	28.337675	0.001	
796.779	36086	2166.78	1053.74	1.10748	28.516100	28.337675	0.001	
797.822	36069	2187.86	1064.3	1.10748	28.516100	28.337675	0.001	
798.865	36051	2171.35	1074.9	1.10748	28.516100	28.337675	0.001	
799.907	36053	2157.64	1086.25	1.10748	28.516100	28.337675	0.001	
800.949	36015	2166.98	1096.22	1.10748	28.516100	28.337675	0.001	
801.99	36006	2172.25	1106.94	1.10748	28.516100	28.337675	0.001	
803.031	35938	2158.33	1117.81	1.10748	28.516100	28.337675	0.001	
804.072	35938	2177.62	1129.53	1.10748	28.516100	28.337675	0.001	
805.112	35923	2167.28	1142.31	1.10748	28.516100	28.337675	0.001	
806.152	35943	2177.92	1154.06	1.10748	28.516100	28.337675	0.001	
807.191	35904	2179.8	1165.52	1.10748	28.516100	28.337675	0.001	
808.23	35908	2170.96	1178.23	1.10748	28.516100	28.337675	0.001	
809.268	35912	2158.83	1190.85	1.10748	28.516100	28.337675	0.001	
810.307	35953	2160.92	1203.8	1.10748	28.516100	28.337675	0.001	
811.344	35979	2162.71	1215.5	1.10748	28.516100	28.337675	0.001	
812.381	35978	2177.52	1227.11	1.10748	28.516100	28.337675	0.001	
813.418	35974	2167.38	1238.45	1.10748	28.516100	28.337675	0.001	
814.454	36025	2176.13	1252.29	1.10748	28.516100	28.337675	0.001	
815.49	35995	2165.99	1263.72	1.10748	28.516100	28.337675	0.001	
816.526	36035	2171.45	1276.35	1.10748	28.516100	28.337675	0.001	
817.561	36006	2168.57	1287.99	1.10748	28.516100	28.337675	0.001	
818.596	36027	2178.01	1300.62	1.10748	28.516100	28.337675	0.001	
819.63	36004	2168.27	1312.4	1.10748	28.516100	28.337675	0.001	
820.664	36075	2180.8	1325.16	1.10748	28.516100	28.337675	0.001	
821.697	36011	2175.83	1335.99	1.10748	28.516100	28.337675	0.001	
822.73	36052	2184.28	1349.44	1.10748	28.516100	28.337675	0.001	
823.762	35999	2180.6	1360.46	1.10748	28.516100	28.337675	0.001	
824.794	36008	2179.8	1374.47	1.10748	28.516100	28.337675	0.001	
825.826	35968	2170.76	1386.53	1.10748	28.516100	28.337675	0.001	
826.857	35931	2185.27	1400.29	1.10748	28.516100	28.337675	0.001	
827.887	35971	2170.76	1414.11	1.10748	28.516100	28.337675	0.001	
828.918	35957	2183.48	1426.56	1.10748	28.516100	28.337675	0.001	
829.947	35929	2171.85	1440.21	1.10748	28.516100	28.337675	0.001	
830.977	35992	2173.14	1455.2	1.10748	28.516100	28.337675	0.001	
832.005	36006	2172.95	1468.4	1.10748	28.516100	28.337675	0.001	
833.034	36054	2174.44	1483.16	1.10748	28.516100	28.337675	0.001	
834.062	36015	2179.11	1495.88	1.10748	28.516100	28.337675	0.001	
835.089	36035	2168.17	1510.7	1.10748	28.516100	28.337675	0.001	
836.116	36102	2170.86	1524.85	1.10748	28.516100	28.337675	0.001	
837.143	36147	2176.32	1537.32	1.10748	28.516100	28.337675	0.001	
838.169	36210	2177.92	1551.2	1.10748	28.516100	28.337675	0.001	
839.194	36239	2171.16	1564.07	1.10748	28.516100	28.337675	0.001	
840.22	36303	2163.9	1580.44	1.10748	28.516100	28.337675	0.001	
841.244	36384	2171.16	1594.37	1.10748	28.516100	28.337675	0.001	
842.268	36393	2167.48	1607.83	1.10748	28.516100	28.337675	0.001	
843.292	36435	2183.08	1619.64	1.10748	28.516100	28.337675	0.001	
844.315	36483	2168.47	1634.84	1.10748	28.516100	28.337675	0.001	
845.338	36506	2181.39	1647.35	1.10748	28.516100	28.337675	0.001	
846.36	36510	2165.79	1662.23	1.10748	28.516100	28.337675	0.001	
847.382	36527	2169.07	1674.36	1.10748	28.516100	28.337675	0.001	
848.404	36522	2174.24	1688.94	1.10748	28.516100	28.337675	0.001	
849.425	36579	2178.41	1704.2	1.10748	28.516100	28.337675	0.001	
850.445	36570	2172.35	1718.42	1.10748	28.516100	28.337675	0.001	
851.465	36630	2184.28	1733.73	1.10748	28.516100	28.337675	0.001	
852.484	36695	2168.27	1750.07	1.10748	28.516100	28.337675	0.001	
853.503	36730	2164.1	1765.56	1.10748	28.516100	28.337675	0.001	
854.522	36817	2160.82	1781.65	1.10748	28.516100	28.337675	0.001	
855.54	36874	2179.21	1796.36	1.10748	28.516100	28.337675	0.001	
856.557	36933	2178.91	1811.17	1.10748	28.516100	28.337675	0.001	
857.574	37029	2172.15	1827.2	1.10748	28.516100	28.337675	0.001	
858.591	37108	2167.88	1842.02	1.10748	28.516100	28.337675	0.001	
859.607	37176	2168.67	1857.68	1.10748	28.516100	28.337675	0.001	
860.622	37221	2175.43	1871.39	1.10748	28.516100	28.337675	0.001	
861.637	37302	2167.38	1887.3	1.10748	28.516100	28.337675	0.001	
862.652	37360	2167.88	1903.88	1.10748	28.516100	28.337675	0.001	
863.666	37471	2171.65	1919.29	1.10748	28.516100	28.337675	0.001	
864.679	37474	2159.33	1933.21	1.10748	28.516100	28.337675	0.001	
865.692	37538	2167.28	1947.85	1.10748	28.516100	28.337675	0.001	
866.705	37563	2155.25	1963.28	1.10748	28.516100	28.337675	0.001	
867.717	37603	2160.92	1979.06	1.10748	28.516100	28.337675	0.001	
868.728	37612	2166.58	1994.32	1.10748	28.516100	28.337675	0.001	
869.739	37634	2159.72	2009.75	1.10748	28.516100	28.337675	0.001	
870.75	37671	2178.91	2024.91	1.10748	28.516100	28.337675	0.001	
871.76	37679	2160.92	2040.66	1.10748	28.516100	28.337675	0.001	
872.769	37718	2159.33	2057.11	1.10748	28.516100	28.337675	0.001	
873.778	37705	2162.41	2072.59	1.10748	28.516100	28.337675	0.001	
874.786	37718	2162.71	2088.28	1.10748	28.516100	28.337675	0.001	
875.794	37756	2171.75	2104.88	1.10748	28.516100	28.337675	0.001	
876.802	37764	2187.06	2121.5	1.10748	28.516100	28.337675	0.001	
877.809	37767	2174.54	2139.25	1.10748	28.516100	28.337675	0.001	
878.815	37792	2180.4	2155.89	1.10748	28.516100	28.337675	0.001	
879.821	37801	2167.68	2174.91	1.10748	28.516100	28.337675	0.001	
880.826	37861	2178.71	2191.41	1.10748	28.516100	28.337675	0.001	
881.831	37843	2178.11	2206.93	1.10748	28.516100	28.337675	0.001	
882.835	37835	2171.45	2223.28	1.10748	28.516100	28.337675	0.001	
883.839	37831	2169.76	2241.06	1.10748	28.516100	28.337675	0.001	
884.842	37819	2165.89	2255.93	1.10748	28.516100	28.337675	0.001	
885.844	37885	2171.35	2274.31	1.10748	28.516100	28.337675	0.001	
886.847	37852	2173.54	2288.18	1.10748	28.516100	28.337675	0.001	
887.848	37845	2170.16	2307.22	1.10748	28.516100	28.337675	0.001	
888.849	37802	2165.39	2324.94	1.10748	28.516100	28.337675	0.001	
889.85	37763	2168.87	2342.52	1.10748	28.516100	28.337675	0.001	
890.85	37682	2160.92	2359.55	1.10748	28.516100	28.337675	0.001	
891.849	37624	2160.52	2376.85	1.10748	28.516100	28.337675	0.001	
892.848	37593	2168.67	2392.64	1.10748	28.516100	28.337675	0.001	
893.846	37576	2171.55	2406.99	1.10748	28.516100	28.337675	0.001	
894.844	37533	2154.16	2423.51	1.10748	28.516100	28.337675	0.001	
895.841	37508	2169.07	2440.76	1.10748	28.516100	28.337675	0.001	
896.838	37467	2160.42	2457.95	1.10748	28.516100	28.337675	0.001	
897.834	37420	2164.1	2474.32	1.10748	28.516100	28.337675	0.001	
898.83	37297	2148.49	2489.48	1.10748	28.516100	28.337675	0.001	
899.825	37244	2171.65	2506.93	1.10748	28.516100	28.337675	0.001	
900.819	37186	2150.78	2525.35	1.10748	28.516100	28.337675	0.001	
901.813	37144	2167.18	2541.17	1.10748	28.516100	28.337675	0.001	
902.807	37048	2172.45	2558.68	1.10748	28.516100	28.337675	0.001	
903.799	37031	2168.97	2578.6	1.10748	28.516100	28.337675	0.001	
904.792	36925	2164.69	2597.23	1.10748	28.516100	28.337675	0.001	
905.783	36892	2174.14	2615	1.10748	28.516100	28.337675	0.001	
906.775	36858	2167.38	2636.1	1.10748	28.516100	28.337675	0.001	
907.765	36809	2184.77	2653.74	1.10748	28.516100	28.337675	0.001	
908.755	36774	2172.05	2673.39	1.10748	28.516100	28.337675	0.001	
909.745	36735	2176.13	2692.11	1.10748	28.516100	28.337675	0.001	
910.733	36696	2160.02	2711.72	1.10748	28.516100	28.337675	0.001	
911.722	36623	2173.14	2727.89	1.10748	28.516100	28.337675	0.001	
912.71	36581	2168.97	2747.02	1.10748	28.516100	28.337675	0.001	
913.697	36563	2175.83	2766.38	1.10748	28.516100	28.337675	0.001	
914.683	36476	2163.7	2780.02	1.10748	28.516100	28.337675	0.001	
915.669	36434	2154.75	2801.5	1.10748	28.516100	28.337675	0.001	
916.655	36307	2167.88	2816.09	1.10748	28.516100	28.337675	0.001	
917.64	36247	2168.87	2835.07	1.10748	28.516100	28.337675	0.001	
918.624	36139	2160.92	2853.18	1.10748	28.516100	28.337675	0.001	
919.608	36024	2167.68	2869.66	1.10748	28.516100	28.337675	0.001	
920.591	35864	2163.8	2885.05	1.10748	28.516100	28.337675	0.001	
921.573	35753	2180.5	2903.9	1.10748	28.516100	28.337675	0.001	
922.555	35624	2152.57	2920.85	1.10748	28.516100	28.337675	0.001	
923.537	35472	2159.72	2939.64	1.10748	28.516100	28.337675	0.001	
924.517	35328	2172.45	2957.37	1.10748	28.516100	28.337675	0.001	
925.498	35172	2165.29	2976.39	1.10748	28.516100	28.337675	0.001	
926.477	35018	2173.54	2991.69	1.10748	28.516100	28.337675	0.001	
927.456	34841	2160.92	3010.93	1.10748	28.516100	28.337675	0.001	
928.435	34682	2175.03	3027.38	1.10748	28.516100	28.337675	0.001	
929.412	34530	2165.09	3048.89	1.10748	28.516100	28.337675	0.001	
930.39	34347	2173.34	3067.2	1.10748	28.516100	28.337675	0.001	
931.366	34194	2171.95	3085.8	1.10748	28.516100	28.337675	0.001	
932.342	34014	2163.2	3107.47	1.10748	28.516100	28.337675	0.001	
933.318	33865	2172.15	3128.64	1.10748	28.516100	28.337675	0.001	
934.293	33712	2171.35	3149.76	1.10748	28.516100	28.337675	0.001	
935.267	33521	2167.18	3171.4	1.10748	28.516100	28.337675	0.001	
936.24	33327	2148.99	3193.42	1.10748	28.516100	28.337675	0.001	
937.213	33133	2177.72	3210.85	1.10748	28.516100	28.337675	0.001	
938.186	32870	2162.91	3226.81	1.10748	28.516100	28.337675	0.001	
939.158	32713	2184.77	3245.28	1.10748	28.516100	28.337675	0.001	
940.129	32447	2162.11	3261.3	1.10748	28.516100	28.337675	0.001	
941.099	32284	2174.14	3284.74	1.10748	28.516100	28.337675	0.001	
942.069	32054	2170.66	3303.94	1.10748	28.516100	28.337675	0.001	
943.039	31850	2167.38	3323.67	1.10748	28.516100	28.337675	0.001	
944.007	31647	2154.06	3342.72	1.10748	28.516100	28.337675	0.001	
944.975	31468	2183.38	3359.1	1.10748	28.516100	28.337675	0.001	
945.943	31259	2178.21	3375.84	1.10748	28.516100	28.337675	0.001	
946.91	31091	2173.14	3395.36	1.10748	28.516100	28.337675	0.001	
947.876	30891	2156.94	3413.96	1.10748	28.516100	28.337675	0.001	
948.842	30740	2167.97	3433.66	1.10748	28.516100	28.337675	0.001	
949.807	30549	2174.34	3450.99	1.10748	28.516100	28.337675	0.001	
950.771	30361	2174.44	3468.58	1.10748	28.516100	28.337675	0.001	
951.735	30185	2161.22	3487.17	1.10748	28.516100	28.337675	0.001	
952.698	30021	2190.94	3504.49	1.10748	28.516100	28.337675	0.001	
953.66	29797	2165.19	3523.68	1.10748	28.516100	28.337675	0.001	
954.622	29597	2168.37	3541.12	1.10748	28.516100	28.337675	0.001	
955.584	29380	2168.87	3558.57	1.10748	28.516100	28.337675	0.001	
956.544	29179	2172.55	3578.57	1.10748	28.516100	28.337675	0.001	
957.504	28930	2161.61	3594.62	1.10748	28.516100	28.337675	0.001	
958.463	28721	2182.69	3611.49	1.10748	28.516100	28.337675	0.001	
959.422	28456	2162.01	3630.25	1.10748	28.516100	28.337675	0.001	
960.38	28243	2167.97	3652.15	1.10748	28.516100	28.337675	0.001	
961.338	27986	2173.74	3671.93	1.10748	28.516100	28.337675	0.001	
962.294	27732	2166.48	3693.15	1.10748	28.516100	28.337675	0.001	
963.25	27516	2155.95	3716.35	1.10748	28.516100	28.337675	0.001	
964.206	27280	2174.24	3735.86	1.10748	28.516100	28.337675	0.001	
965.161	27041	2164.99	3757.26	1.10748	28.516100	28.337675	0.001	
966.115	26815	2169.27	3782.47	1.10748	28.516100	28.337675	0.001	
