452.692	2218	2132.93	364.439	1.10748	28.516100	28.337675	0.001	
453.787	2258	2164.61	10.3141	1.10748	28.516100	28.337675	0.001	
454.882	2230	2154.78	-3.12511	1.10748	28.516100	28.337675	0.001	
455.977	2237	2176.14	-206.771	1.10748	28.516100	28.337675	0.001	
457.072	2234	2141.47	2.66663	1.10748	28.516100	28.337675	0.001	
458.167	2269	2181.3	19.8008	1.10748	28.516100	28.337675	0.001	
459.263	2247	2155.78	3.19331	1.10748	28.516100	28.337675	0.001	
460.358	2265	2169.38	7.0676	1.10748	28.516100	28.337675	0.001	
461.453	2242	2160.94	-2.48742	1.10748	28.516100	28.337675	0.001	
462.549	2242	2159.45	-0.857755	1.10748	28.516100	28.337675	0.001	
463.644	2233	2151.11	-6.27309	1.10748	28.516100	28.337675	0.001	
464.74	2233	2161.14	-3.18596	1.10748	28.516100	28.337675	0.001	
465.835	2242	2162.23	-9.89653	1.10748	28.516100	28.337675	0.001	
466.931	2258	2164.71	9.07274	1.10748	28.516100	28.337675	0.001	
468.027	2226	2145.84	-19.9346	1.10748	28.516100	28.337675	0.001	
469.123	2265	2171.17	5.19429	1.10748	28.516100	28.337675	0.001	
470.219	2237	2146.24	5.90748	1.10748	28.516100	28.337675	0.001	
471.315	2248	2157.86	4.46817	1.10748	28.516100	28.337675	0.001	
472.411	2242	2151.11	6.86624	1.10748	28.516100	28.337675	0.001	
473.507	2257	2170.67	2.12108	1.10748	28.516100	28.337675	0.001	
474.603	2236	2150.41	1.02067	1.10748	28.516100	28.337675	0.001	
475.699	2252	2159.55	-54.9727	1.10748	28.516100	28.337675	0.001	
476.795	2237	2162.33	-4.96816	1.10748	28.516100	28.337675	0.001	
477.892	2255	2168.89	2.28812	1.10748	28.516100	28.337675	0.001	
478.988	2241	2162.53	-2.69914	1.10748	28.516100	28.337675	0.001	
480.084	2252	2160.44	5.49806	1.10748	28.516100	28.337675	0.001	
481.181	2250	2163.62	1.35644	1.10748	28.516100	28.337675	0.001	
482.277	2260	2169.18	15.1156	1.10748	28.516100	28.337675	0.001	
483.374	2225	2153.49	-3.9619	1.10748	28.516100	28.337675	0.001	
484.47	2266	2162.33	56.0376	1.10748	28.516100	28.337675	0.001	
485.567	2259	2158.16	8.32582	1.10748	28.516100	28.337675	0.001	
486.663	2251	2173.85	-2.16302	1.10748	28.516100	28.337675	0.001	
487.76	2259	2160.24	11.827	1.10748	28.516100	28.337675	0.001	
488.857	2252	2173.16	-3.89426	1.10748	28.516100	28.337675	0.001	
489.954	2242	2152.99	2.0627	1.10748	28.516100	28.337675	0.001	
491.05	2254	2160.05	4.06411	1.10748	28.516100	28.337675	0.001	
492.147	2251	2153.79	5.8106	1.10748	28.516100	28.337675	0.001	
493.244	2256	2163.13	2.72862	1.10748	28.516100	28.337675	0.001	
494.341	2260	2164.12	3.20396	1.10748	28.516100	28.337675	0.001	
495.438	2266	2177.43	1.32008	1.10748	28.516100	28.337675	0.001	
496.535	2240	2150.21	1.86525	1.10748	28.516100	28.337675	0.001	
497.632	2255	2162.13	2.13373	1.10748	28.516100	28.337675	0.001	
498.729	2252	2162.23	1.28939	1.10748	28.516100	28.337675	0.001	
499.825	2265	2162.13	3.56845	1.10748	28.516100	28.337675	0.001	
500.922	2263	2160.44	2.74577	1.10748	28.516100	28.337675	0.001	
502.019	2275	2166.7	4.09711	1.10748	28.516100	28.337675	0.001	
503.117	2270	2159.15	4.00798	1.10748	28.516100	28.337675	0.001	
504.214	2272	2155.28	4.69014	1.10748	28.516100	28.337675	0.001	
505.311	2257	2150.61	3.11243	1.10748	28.516100	28.337675	0.001	
506.408	2287	2163.82	5.11769	1.10748	28.516100	28.337675	0.001	
507.505	2291	2166.1	4.65897	1.10748	28.516100	28.337675	0.001	
508.602	2276	2154.09	4.69832	1.10748	28.516100	28.337675	0.001	
509.699	2292	2158.26	5.32374	1.10748	28.516100	28.337675	0.001	
510.796	2287	2156.87	4.91388	1.10748	28.516100	28.337675	0.001	
511.893	2298	2162.73	4.80394	1.10748	28.516100	28.337675	0.001	
512.99	2312	2176.93	4.49722	1.10748	28.516100	28.337675	0.001	
514.087	2311	2155.58	6.03215	1.10748	28.516100	28.337675	0.001	
515.184	2316	2164.42	5.68104	1.10748	28.516100	28.337675	0.001	
516.281	2323	2156.47	5.71039	1.10748	28.516100	28.337675	0.001	
517.378	2332	2165.91	6.0408	1.10748	28.516100	28.337675	0.001	
518.475	2327	2160.05	5.65467	1.10748	28.516100	28.337675	0.001	
519.573	2346	2165.41	6.62143	1.10748	28.516100	28.337675	0.001	
520.67	2337	2155.87	6.16559	1.10748	28.516100	28.337675	0.001	
521.767	2348	2166.4	6.04568	1.10748	28.516100	28.337675	0.001	
522.864	2349	2166.1	6.13933	1.10748	28.516100	28.337675	0.001	
523.961	2374	2172.96	6.98114	1.10748	28.516100	28.337675	0.001	
525.058	2365	2153.39	7.3934	1.10748	28.516100	28.337675	0.001	
526.155	2396	2175.74	7.47674	1.10748	28.516100	28.337675	0.001	
527.252	2384	2156.27	7.47856	1.10748	28.516100	28.337675	0.001	
528.348	2409	2173.06	7.83135	1.10748	28.516100	28.337675	0.001	
529.445	2402	2156.97	7.89914	1.10748	28.516100	28.337675	0.001	
530.542	2429	2148.92	9.40042	1.10748	28.516100	28.337675	0.001	
531.639	2417	2155.97	8.18692	1.10748	28.516100	28.337675	0.001	
532.736	2454	2175.04	8.84176	1.10748	28.516100	28.337675	0.001	
533.833	2455	2159.95	9.30456	1.10748	28.516100	28.337675	0.001	
534.929	2480	2167.3	9.70213	1.10748	28.516100	28.337675	0.001	
536.026	2481	2140.88	10.679	1.10748	28.516100	28.337675	0.001	
537.123	2504	2165.81	10.2383	1.10748	28.516100	28.337675	0.001	
538.22	2496	2149.82	10.3659	1.10748	28.516100	28.337675	0.001	
539.316	2531	2167.59	10.7219	1.10748	28.516100	28.337675	0.001	
540.413	2541	2162.13	11.0851	1.10748	28.516100	28.337675	0.001	
541.509	2573	2159.65	11.9668	1.10748	28.516100	28.337675	0.001	
542.606	2578	2145.64	12.3389	1.10748	28.516100	28.337675	0.001	
543.702	2601	2166.7	11.9834	1.10748	28.516100	28.337675	0.001	
544.799	2603	2144.15	12.6367	1.10748	28.516100	28.337675	0.001	
545.895	2631	2163.13	12.6218	1.10748	28.516100	28.337675	0.001	
546.991	2639	2154.88	12.9138	1.10748	28.516100	28.337675	0.001	
548.088	2688	2165.41	13.8698	1.10748	28.516100	28.337675	0.001	
549.184	2687	2151.5	14.0122	1.10748	28.516100	28.337675	0.001	
550.28	2720	2153.09	14.6006	1.10748	28.516100	28.337675	0.001	
551.376	2740	2149.42	15.0493	1.10748	28.516100	28.337675	0.001	
552.472	2778	2166.3	15.2957	1.10748	28.516100	28.337675	0.001	
553.568	2782	2157.56	15.3538	1.10748	28.516100	28.337675	0.001	
554.664	2831	2169.88	16.1416	1.10748	28.516100	28.337675	0.001	
555.76	2846	2158.36	16.5929	1.10748	28.516100	28.337675	0.001	
556.856	2886	2167.69	17.1753	1.10748	28.516100	28.337675	0.001	
557.952	2891	2154.78	17.4384	1.10748	28.516100	28.337675	0.001	
559.047	2950	2172.96	18.1889	1.10748	28.516100	28.337675	0.001	
560.143	2968	2155.18	18.8642	1.10748	28.516100	28.337675	0.001	
561.239	2992	2140.88	19.7048	1.10748	28.516100	28.337675	0.001	
562.334	3015	2147.33	19.902	1.10748	28.516100	28.337675	0.001	
563.43	3057	2158.16	20.3697	1.10748	28.516100	28.337675	0.001	
564.525	3085	2161.24	20.7114	1.10748	28.516100	28.337675	0.001	
565.62	3112	2163.22	21.2427	1.10748	28.516100	28.337675	0.001	
566.715	3138	2145.94	22.0259	1.10748	28.516100	28.337675	0.001	
567.811	3192	2171.07	22.6292	1.10748	28.516100	28.337675	0.001	
568.906	3217	2146.74	23.5774	1.10748	28.516100	28.337675	0.001	
570.001	3245	2163.82	23.6532	1.10748	28.516100	28.337675	0.001	
571.095	3269	2138.59	24.7392	1.10748	28.516100	28.337675	0.001	
572.19	3304	2159.15	25.0077	1.10748	28.516100	28.337675	0.001	
573.285	3333	2146.34	25.8735	1.10748	28.516100	28.337675	0.001	
574.38	3378	2163.32	26.3777	1.10748	28.516100	28.337675	0.001	
575.474	3404	2142.37	27.3866	1.10748	28.516100	28.337675	0.001	
576.569	3441	2148.43	28.0211	1.10748	28.516100	28.337675	0.001	
577.663	3470	2145.94	28.6936	1.10748	28.516100	28.337675	0.001	
578.757	3509	2151.01	29.4717	1.10748	28.516100	28.337675	0.001	
579.851	3542	2147.33	30.2043	1.10748	28.516100	28.337675	0.001	
580.945	3583	2170.57	30.6317	1.10748	28.516100	28.337675	0.001	
582.039	3604	2142.66	31.7663	1.10748	28.516100	28.337675	0.001	
583.133	3645	2153.09	32.5514	1.10748	28.516100	28.337675	0.001	
584.227	3666	2135.02	33.6137	1.10748	28.516100	28.337675	0.001	
585.321	3701	2149.62	34.0914	1.10748	28.516100	28.337675	0.001	
586.414	3733	2146.24	35.0629	1.10748	28.516100	28.337675	0.001	
587.508	3774	2161.64	35.8042	1.10748	28.516100	28.337675	0.001	
588.601	3790	2150.31	36.5916	1.10748	28.516100	28.337675	0.001	
589.694	3826	2146.24	37.6829	1.10748	28.516100	28.337675	0.001	
590.787	3856	2146.34	38.698	1.10748	28.516100	28.337675	0.001	
591.881	3893	2158.56	39.2838	1.10748	28.516100	28.337675	0.001	
592.973	3921	2148.52	40.3852	1.10748	28.516100	28.337675	0.001	
594.066	3957	2150.21	41.3682	1.10748	28.516100	28.337675	0.001	
595.159	3996	2159.65	42.3012	1.10748	28.516100	28.337675	0.001	
596.251	4029	2157.76	43.3835	1.10748	28.516100	28.337675	0.001	
597.344	4062	2158.06	44.3208	1.10748	28.516100	28.337675	0.001	
598.436	4120	2167.89	45.7006	1.10748	28.516100	28.337675	0.001	
599.528	4133	2152.6	46.6261	1.10748	28.516100	28.337675	0.001	
600.621	4180	2156.67	47.7016	1.10748	28.516100	28.337675	0.001	
601.713	4220	2159.95	48.7192	1.10748	28.516100	28.337675	0.001	
602.804	4251	2155.08	49.6299	1.10748	28.516100	28.337675	0.001	
603.896	4281	2151.7	50.7579	1.10748	28.516100	28.337675	0.001	
604.988	4331	2154.29	51.936	1.10748	28.516100	28.337675	0.001	
606.079	4384	2156.97	53.2606	1.10748	28.516100	28.337675	0.001	
607.17	4432	2163.13	54.3437	1.10748	28.516100	28.337675	0.001	
608.262	4468	2145.05	55.8753	1.10748	28.516100	28.337675	0.001	
609.353	4545	2156.07	57.3778	1.10748	28.516100	28.337675	0.001	
610.443	4566	2155.38	57.9013	1.10748	28.516100	28.337675	0.001	
611.534	4644	2163.92	59.6056	1.10748	28.516100	28.337675	0.001	
612.625	4680	2151.21	60.7865	1.10748	28.516100	28.337675	0.001	
613.715	4740	2157.66	62.0315	1.10748	28.516100	28.337675	0.001	
614.806	4807	2163.22	63.3791	1.10748	28.516100	28.337675	0.001	
615.896	4873	2173.36	64.8224	1.10748	28.516100	28.337675	0.001	
616.986	4923	2159.35	66.2184	1.10748	28.516100	28.337675	0.001	
618.076	4996	2162.23	68.0115	1.10748	28.516100	28.337675	0.001	
619.165	5053	2165.41	69.0621	1.10748	28.516100	28.337675	0.001	
620.255	5117	2172.56	70.3163	1.10748	28.516100	28.337675	0.001	
621.344	5188	2154.88	72.225	1.10748	28.516100	28.337675	0.001	
622.434	5268	2158.46	73.953	1.10748	28.516100	28.337675	0.001	
623.523	5334	2157.27	75.4385	1.10748	28.516100	28.337675	0.001	
624.612	5410	2162.03	77.0638	1.10748	28.516100	28.337675	0.001	
625.701	5478	2154.29	78.6776	1.10748	28.516100	28.337675	0.001	
626.789	5567	2165.51	80.4097	1.10748	28.516100	28.337675	0.001	
627.878	5625	2156.57	81.8633	1.10748	28.516100	28.337675	0.001	
628.966	5709	2162.73	83.5235	1.10748	28.516100	28.337675	0.001	
630.054	5781	2156.87	85.4754	1.10748	28.516100	28.337675	0.001	
631.142	5885	2162.13	87.4462	1.10748	28.516100	28.337675	0.001	
632.23	5956	2161.14	88.8721	1.10748	28.516100	28.337675	0.001	
633.318	6043	2164.02	90.6533	1.10748	28.516100	28.337675	0.001	
634.405	6128	2158.16	92.7423	1.10748	28.516100	28.337675	0.001	
635.492	6226	2163.13	94.7814	1.10748	28.516100	28.337675	0.001	
636.579	6310	2159.25	96.5597	1.10748	28.516100	28.337675	0.001	
637.666	6389	2155.18	98.3984	1.10748	28.516100	28.337675	0.001	
638.753	6475	2161.04	99.9973	1.10748	28.516100	28.337675	0.001	
639.84	6589	2165.91	102.422	1.10748	28.516100	28.337675	0.001	
640.926	6653	2157.96	104.102	1.10748	28.516100	28.337675	0.001	
642.012	6769	2165.01	106.42	1.10748	28.516100	28.337675	0.001	
643.098	6859	2160.94	108.328	1.10748	28.516100	28.337675	0.001	
644.184	6974	2168.89	110.558	1.10748	28.516100	28.337675	0.001	
645.27	7051	2161.64	112.394	1.10748	28.516100	28.337675	0.001	
646.355	7163	2180.8	114.259	1.10748	28.516100	28.337675	0.001	
647.441	7286	2165.01	117.25	1.10748	28.516100	28.337675	0.001	
648.526	7384	2164.22	119.059	1.10748	28.516100	28.337675	0.001	
649.611	7462	2154.98	121.211	1.10748	28.516100	28.337675	0.001	
650.695	7581	2172.26	123.306	1.10748	28.516100	28.337675	0.001	
651.78	7693	2159.55	125.924	1.10748	28.516100	28.337675	0.001	
652.864	7824	2172.66	128.365	1.10748	28.516100	28.337675	0.001	
653.948	7935	2161.24	131.143	1.10748	28.516100	28.337675	0.001	
655.032	8038	2160.74	133.201	1.10748	28.516100	28.337675	0.001	
656.116	8159	2163.82	135.521	1.10748	28.516100	28.337675	0.001	
657.199	8272	2167.3	137.743	1.10748	28.516100	28.337675	0.001	
658.283	8403	2154.78	140.85	1.10748	28.516100	28.337675	0.001	
659.366	8542	2173.85	143.124	1.10748	28.516100	28.337675	0.001	
660.448	8642	2158.85	145.58	1.10748	28.516100	28.337675	0.001	
661.531	8769	2156.97	148.053	1.10748	28.516100	28.337675	0.001	
662.614	8895	2160.05	150.748	1.10748	28.516100	28.337675	0.001	
663.696	9036	2178.42	153.042	1.10748	28.516100	28.337675	0.001	
664.778	9165	2163.13	155.881	1.10748	28.516100	28.337675	0.001	
665.86	9292	2164.42	158.722	1.10748	28.516100	28.337675	0.001	
666.941	9451	2147.03	162.139	1.10748	28.516100	28.337675	0.001	
668.023	9588	2162.23	164.643	1.10748	28.516100	28.337675	0.001	
669.104	9729	2165.51	167.192	1.10748	28.516100	28.337675	0.001	
670.185	9878	2165.21	170.372	1.10748	28.516100	28.337675	0.001	
671.265	10019	2155.08	173.282	1.10748	28.516100	28.337675	0.001	
672.346	10164	2159.55	176.174	1.10748	28.516100	28.337675	0.001	
673.426	10293	2154.88	179.051	1.10748	28.516100	28.337675	0.001	
674.506	10478	2177.82	182.035	1.10748	28.516100	28.337675	0.001	
675.586	10596	2149.22	185.098	1.10748	28.516100	28.337675	0.001	
676.665	10782	2179.22	187.992	1.10748	28.516100	28.337675	0.001	
677.745	10931	2158.36	191.197	1.10748	28.516100	28.337675	0.001	
678.824	11118	2170.08	194.618	1.10748	28.516100	28.337675	0.001	
679.903	11299	2160.54	198.331	1.10748	28.516100	28.337675	0.001	
680.981	11486	2178.42	201.458	1.10748	28.516100	28.337675	0.001	
682.059	11638	2153.29	205.011	1.10748	28.516100	28.337675	0.001	
683.138	11822	2173.16	207.894	1.10748	28.516100	28.337675	0.001	
684.215	12019	2176.63	211.525	1.10748	28.516100	28.337675	0.001	
685.293	12215	2176.43	215.272	1.10748	28.516100	28.337675	0.001	
686.37	12369	2162.93	218.506	1.10748	28.516100	28.337675	0.001	
687.448	12586	2173.65	222.252	1.10748	28.516100	28.337675	0.001	
688.524	12782	2172.96	225.578	1.10748	28.516100	28.337675	0.001	
689.601	12979	2164.61	229.286	1.10748	28.516100	28.337675	0.001	
690.678	13169	2157.17	232.815	1.10748	28.516100	28.337675	0.001	
691.754	13389	2163.62	236.419	1.10748	28.516100	28.337675	0.001	
692.83	13625	2171.17	240.443	1.10748	28.516100	28.337675	0.001	
693.905	13815	2162.43	243.943	1.10748	28.516100	28.337675	0.001	
694.98	14032	2146.14	248.161	1.10748	28.516100	28.337675	0.001	
696.056	14275	2164.81	252.046	1.10748	28.516100	28.337675	0.001	
697.13	14481	2159.75	255.334	1.10748	28.516100	28.337675	0.001	
698.205	14757	2171.57	260.224	1.10748	28.516100	28.337675	0.001	
699.279	14968	2156.77	263.994	1.10748	28.516100	28.337675	0.001	
700.353	15219	2170.47	268.279	1.10748	28.516100	28.337675	0.001	
701.427	15444	2164.12	271.814	1.10748	28.516100	28.337675	0.001	
702.501	15705	2157.36	276.218	1.10748	28.516100	28.337675	0.001	
703.574	15967	2166.1	280.571	1.10748	28.516100	28.337675	0.001	
704.647	16259	2178.92	285.107	1.10748	28.516100	28.337675	0.001	
705.719	16493	2158.26	288.984	1.10748	28.516100	28.337675	0.001	
706.792	16818	2163.72	294.146	1.10748	28.516100	28.337675	0.001	
707.864	17045	2170.47	297.502	1.10748	28.516100	28.337675	0.001	
708.936	17355	2170.87	302.654	1.10748	28.516100	28.337675	0.001	
710.007	17584	2169.38	306.24	1.10748	28.516100	28.337675	0.001	
711.079	17873	2167.3	311.279	1.10748	28.516100	28.337675	0.001	
712.15	18155	2166.9	315.914	1.10748	28.516100	28.337675	0.001	
713.221	18417	2164.61	320.166	1.10748	28.516100	28.337675	0.001	
714.291	18733	2164.32	325.195	1.10748	28.516100	28.337675	0.001	
715.361	19021	2174.55	329.877	1.10748	28.516100	28.337675	0.001	
716.431	19309	2158.26	334.737	1.10748	28.516100	28.337675	0.001	
717.501	19621	2169.08	339.645	1.10748	28.516100	28.337675	0.001	
718.57	19913	2172.36	344.638	1.10748	28.516100	28.337675	0.001	
719.639	20222	2179.02	349.402	1.10748	28.516100	28.337675	0.001	
720.707	20507	2159.35	354.915	1.10748	28.516100	28.337675	0.001	
721.776	20802	2168.59	359.456	1.10748	28.516100	28.337675	0.001	
722.844	21096	2170.57	364.464	1.10748	28.516100	28.337675	0.001	
723.912	21408	2182.39	369.62	1.10748	28.516100	28.337675	0.001	
724.979	21687	2167.3	375.076	1.10748	28.516100	28.337675	0.001	
726.046	21962	2177.53	379.648	1.10748	28.516100	28.337675	0.001	
727.113	22222	2176.73	384.675	1.10748	28.516100	28.337675	0.001	
728.18	22487	2179.02	390.667	1.10748	28.516100	28.337675	0.001	
729.246	22704	2159.25	395.538	1.10748	28.516100	28.337675	0.001	
730.312	22971	2168.59	401.755	1.10748	28.516100	28.337675	0.001	
731.378	23198	2157.27	407.153	1.10748	28.516100	28.337675	0.001	
732.443	23443	2171.07	412.95	1.10748	28.516100	28.337675	0.001	
733.508	23653	2161.24	418.39	1.10748	28.516100	28.337675	0.001	
734.573	23899	2176.14	424.223	1.10748	28.516100	28.337675	0.001	
735.637	24078	2171.47	429.589	1.10748	28.516100	28.337675	0.001	
736.701	24298	2181.4	435.814	1.10748	28.516100	28.337675	0.001	
737.765	24492	2166.7	441.669	1.10748	28.516100	28.337675	0.001	
738.829	24673	2175.94	447.265	1.10748	28.516100	28.337675	0.001	
739.892	24836	2172.06	453.161	1.10748	28.516100	28.337675	0.001	
740.955	25003	2179.22	458.941	1.10748	28.516100	28.337675	0.001	
742.017	25124	2157.76	464.572	1.10748	28.516100	28.337675	0.001	
743.079	25288	2172.16	470.654	1.10748	28.516100	28.337675	0.001	
744.141	25418	2168.09	476.834	1.10748	28.516100	28.337675	0.001	
745.202	25556	2175.74	483.235	1.10748	28.516100	28.337675	0.001	
746.264	25683	2164.02	489.711	1.10748	28.516100	28.337675	0.001	
747.324	25828	2178.32	495.867	1.10748	28.516100	28.337675	0.001	
748.385	25967	2169.38	502.599	1.10748	28.516100	28.337675	0.001	
749.445	26082	2160.44	509.5	1.10748	28.516100	28.337675	0.001	
750.505	26205	2177.82	515.455	1.10748	28.516100	28.337675	0.001	
751.564	26335	2175.24	522.433	1.10748	28.516100	28.337675	0.001	
752.623	26478	2164.22	529.446	1.10748	28.516100	28.337675	0.001	
753.682	26601	2171.87	536.288	1.10748	28.516100	28.337675	0.001	
754.741	26727	2170.08	543.001	1.10748	28.516100	28.337675	0.001	
755.799	26853	2171.77	549.922	1.10748	28.516100	28.337675	0.001	
756.857	27012	2165.61	556.844	1.10748	28.516100	28.337675	0.001	
757.914	27127	2170.47	563.31	1.10748	28.516100	28.337675	0.001	
758.971	27263	2175.64	569.982	1.10748	28.516100	28.337675	0.001	
760.028	27379	2165.81	576.775	1.10748	28.516100	28.337675	0.001	
761.084	27507	2177.43	583.543	1.10748	28.516100	28.337675	0.001	
762.14	27628	2164.22	590.948	1.10748	28.516100	28.337675	0.001	
763.196	27713	2176.83	598.192	1.10748	28.516100	28.337675	0.001	
764.251	27808	2163.62	605.344	1.10748	28.516100	28.337675	0.001	
765.306	27909	2172.06	612.314	1.10748	28.516100	28.337675	0.001	
766.36	28048	2173.06	620.545	1.10748	28.516100	28.337675	0.001	
767.415	28147	2160.24	627.738	1.10748	28.516100	28.337675	0.001	
768.468	28273	2174.45	635.648	1.10748	28.516100	28.337675	0.001	
769.522	28396	2155.87	643.421	1.10748	28.516100	28.337675	0.001	
770.575	28531	2169.38	651.326	1.10748	28.516100	28.337675	0.001	
771.628	28629	2167	658.799	1.10748	28.516100	28.337675	0.001	
772.68	28762	2181.5	666.878	1.10748	28.516100	28.337675	0.001	
773.732	28829	2159.25	674.317	1.10748	28.516100	28.337675	0.001	
774.784	28978	2175.84	682.747	1.10748	28.516100	28.337675	0.001	
775.835	29048	2169.78	690.153	1.10748	28.516100	28.337675	0.001	
776.886	29159	2173.36	698.304	1.10748	28.516100	28.337675	0.001	
777.936	29265	2169.48	705.892	1.10748	28.516100	28.337675	0.001	
778.986	29416	2180.9	713.947	1.10748	28.516100	28.337675	0.001	
780.036	29488	2160.74	721.708	1.10748	28.516100	28.337675	0.001	
781.086	29516	2160.74	729.322	1.10748	28.516100	28.337675	0.001	
782.135	29579	2160.44	737.842	1.10748	28.516100	28.337675	0.001	
783.183	29633	2176.43	746.292	1.10748	28.516100	28.337675	0.001	
784.231	29672	2158.56	755.042	1.10748	28.516100	28.337675	0.001	
785.279	29665	2172.76	763.157	1.10748	28.516100	28.337675	0.001	
786.327	29760	2153.69	772.765	1.10748	28.516100	28.337675	0.001	
787.374	29803	2170.08	781.399	1.10748	28.516100	28.337675	0.001	
788.42	29820	2162.13	790.127	1.10748	28.516100	28.337675	0.001	
789.466	29869	2168.29	799.295	1.10748	28.516100	28.337675	0.001	
790.512	29898	2167.4	808.671	1.10748	28.516100	28.337675	0.001	
791.558	29943	2168.79	817.022	1.10748	28.516100	28.337675	0.001	
792.603	29942	2171.07	826.065	1.10748	28.516100	28.337675	0.001	
793.648	29989	2171.17	834.585	1.10748	28.516100	28.337675	0.001	
794.692	30032	2171.96	844.766	1.10748	28.516100	28.337675	0.001	
795.736	30036	2165.91	853.767	1.10748	28.516100	28.337675	0.001	
796.779	30089	2164.91	862.516	1.10748	28.516100	28.337675	0.001	
797.822	30072	2185.97	870.94	1.10748	28.516100	28.337675	0.001	
798.865	30083	2169.48	880.55	1.10748	28.516100	28.337675	0.001	
799.907	30086	2155.78	889.97	1.10748	28.516100	28.337675	0.001	
800.949	30078	2165.11	898.862	1.10748	28.516100	28.337675	0.001	
801.99	30067	2170.38	907.502	1.10748	28.516100	28.337675	0.001	
803.031	30003	2156.47	916.234	1.10748	28.516100	28.337675	0.001	
804.072	30033	2175.74	926.747	1.10748	28.516100	28.337675	0.001	
805.112	30011	2165.41	936.964	1.10748	28.516100	28.337675	0.001	
806.152	30045	2176.04	947.148	1.10748	28.516100	28.337675	0.001	
807.191	30020	2177.92	956.797	1.10748	28.516100	28.337675	0.001	
808.23	30013	2169.08	966.919	1.10748	28.516100	28.337675	0.001	
809.268	30027	2156.97	977.741	1.10748	28.516100	28.337675	0.001	
810.307	30090	2159.05	989.417	1.10748	28.516100	28.337675	0.001	
811.344	30086	2160.84	998.079	1.10748	28.516100	28.337675	0.001	
812.381	30104	2175.64	1008.21	1.10748	28.516100	28.337675	0.001	
813.418	30129	2165.51	1018.66	1.10748	28.516100	28.337675	0.001	
814.454	30140	2174.25	1028.8	1.10748	28.516100	28.337675	0.001	
815.49	30146	2164.12	1039.44	1.10748	28.516100	28.337675	0.001	
816.526	30179	2169.58	1049.78	1.10748	28.516100	28.337675	0.001	
817.561	30154	2166.7	1059.34	1.10748	28.516100	28.337675	0.001	
818.596	30194	2176.14	1070.55	1.10748	28.516100	28.337675	0.001	
819.63	30177	2166.4	1080.4	1.10748	28.516100	28.337675	0.001	
820.664	30231	2178.92	1090.61	1.10748	28.516100	28.337675	0.001	
821.697	30210	2173.95	1100.85	1.10748	28.516100	28.337675	0.001	
822.73	30234	2182.39	1111.47	1.10748	28.516100	28.337675	0.001	
823.762	30202	2178.72	1121.07	1.10748	28.516100	28.337675	0.001	
824.794	30205	2177.92	1132.43	1.10748	28.516100	28.337675	0.001	
825.826	30187	2168.89	1143.07	1.10748	28.516100	28.337675	0.001	
826.857	30169	2183.39	1154.85	1.10748	28.516100	28.337675	0.001	
827.887	30203	2168.89	1166.39	1.10748	28.516100	28.337675	0.001	
828.918	30205	2181.6	1177.15	1.10748	28.516100	28.337675	0.001	
829.947	30190	2169.98	1188.86	1.10748	28.516100	28.337675	0.001	
830.977	30237	2171.27	1200.99	1.10748	28.516100	28.337675	0.001	
832.005	30264	2171.07	1212.57	1.10748	28.516100	28.337675	0.001	
833.034	30296	2172.56	1224.38	1.10748	28.516100	28.337675	0.001	
834.062	30281	2177.23	1235.64	1.10748	28.516100	28.337675	0.001	
835.089	30296	2166.3	1247.89	1.10748	28.516100	28.337675	0.001	
836.116	30351	2168.99	1259.52	1.10748	28.516100	28.337675	0.001	
837.143	30383	2174.45	1269.52	1.10748	28.516100	28.337675	0.001	
838.169	30445	2176.04	1281.41	1.10748	28.516100	28.337675	0.001	
839.194	30494	2169.28	1293.26	1.10748	28.516100	28.337675	0.001	
840.22	30541	2162.03	1306.55	1.10748	28.516100	28.337675	0.001	
841.244	30626	2169.28	1318.84	1.10748	28.516100	28.337675	0.001	
842.268	30645	2165.61	1330.56	1.10748	28.516100	28.337675	0.001	
843.292	30700	2181.2	1341.17	1.10748	28.516100	28.337675	0.001	
844.315	30736	2166.6	1353.67	1.10748	28.516100	28.337675	0.001	
845.338	30792	2179.51	1365.73	1.10748	28.516100	28.337675	0.001	
846.36	30781	2163.92	1377.48	1.10748	28.516100	28.337675	0.001	
847.382	30832	2167.2	1389.35	1.10748	28.516100	28.337675	0.001	
848.404	30797	2172.36	1399.85	1.10748	28.516100	28.337675	0.001	
849.425	30855	2176.53	1412.98	1.10748	28.516100	28.337675	0.001	
850.445	30838	2170.47	1424.34	1.10748	28.516100	28.337675	0.001	
851.465	30917	2182.39	1438.41	1.10748	28.516100	28.337675	0.001	
852.484	30968	2166.4	1451.93	1.10748	28.516100	28.337675	0.001	
853.503	31009	2162.23	1465.43	1.10748	28.516100	28.337675	0.001	
854.522	31045	2158.95	1476.88	1.10748	28.516100	28.337675	0.001	
855.54	31127	2177.33	1490.72	1.10748	28.516100	28.337675	0.001	
856.557	31190	2177.03	1503.74	1.10748	28.516100	28.337675	0.001	
857.574	31274	2170.28	1517.3	1.10748	28.516100	28.337675	0.001	
858.591	31346	2166.01	1529.96	1.10748	28.516100	28.337675	0.001	
859.607	31396	2166.8	1542.58	1.10748	28.516100	28.337675	0.001	
860.622	31458	2173.55	1555.23	1.10748	28.516100	28.337675	0.001	
861.637	31524	2165.51	1568.43	1.10748	28.516100	28.337675	0.001	
862.652	31587	2166.01	1583	1.10748	28.516100	28.337675	0.001	
863.666	31665	2169.78	1594.93	1.10748	28.516100	28.337675	0.001	
864.679	31691	2157.46	1607.93	1.10748	28.516100	28.337675	0.001	
865.692	31743	2165.41	1619.94	1.10748	28.516100	28.337675	0.001	
866.705	31787	2153.39	1634.19	1.10748	28.516100	28.337675	0.001	
867.717	31831	2159.05	1647.86	1.10748	28.516100	28.337675	0.001	
868.728	31838	2164.71	1660.48	1.10748	28.516100	28.337675	0.001	
869.739	31871	2157.86	1674.24	1.10748	28.516100	28.337675	0.001	
870.75	31908	2177.03	1687.03	1.10748	28.516100	28.337675	0.001	
871.76	31929	2159.05	1701.17	1.10748	28.516100	28.337675	0.001	
872.769	31953	2157.46	1714.37	1.10748	28.516100	28.337675	0.001	
873.778	31958	2160.54	1728.2	1.10748	28.516100	28.337675	0.001	
874.786	31961	2160.84	1740.79	1.10748	28.516100	28.337675	0.001	
875.794	32016	2169.88	1755.94	1.10748	28.516100	28.337675	0.001	
876.802	32009	2185.17	1768.82	1.10748	28.516100	28.337675	0.001	
877.809	32015	2172.66	1783.96	1.10748	28.516100	28.337675	0.001	
878.815	32042	2178.52	1798.14	1.10748	28.516100	28.337675	0.001	
879.821	32039	2165.81	1813.47	1.10748	28.516100	28.337675	0.001	
880.826	32109	2176.83	1828.35	1.10748	28.516100	28.337675	0.001	
881.831	32123	2176.24	1843.14	1.10748	28.516100	28.337675	0.001	
882.835	32104	2169.58	1856.09	1.10748	28.516100	28.337675	0.001	
883.839	32116	2167.89	1871.94	1.10748	28.516100	28.337675	0.001	
884.842	32115	2164.02	1884.99	1.10748	28.516100	28.337675	0.001	
885.844	32153	2169.48	1899.14	1.10748	28.516100	28.337675	0.001	
886.847	32171	2171.67	1913.7	1.10748	28.516100	28.337675	0.001	
887.848	32137	2168.29	1927.8	1.10748	28.516100	28.337675	0.001	
888.849	32095	2163.52	1942.28	1.10748	28.516100	28.337675	0.001	
889.85	32073	2167	1957.66	1.10748	28.516100	28.337675	0.001	
890.85	32031	2159.05	1973.77	1.10748	28.516100	28.337675	0.001	
891.849	31981	2158.66	1988.17	1.10748	28.516100	28.337675	0.001	
892.848	31974	2166.8	2002.61	1.10748	28.516100	28.337675	0.001	
893.846	31953	2169.68	2014.13	1.10748	28.516100	28.337675	0.001	
894.844	31937	2152.3	2029.57	1.10748	28.516100	28.337675	0.001	
895.841	31896	2167.2	2042.44	1.10748	28.516100	28.337675	0.001	
896.838	31884	2158.56	2058.53	1.10748	28.516100	28.337675	0.001	
897.834	31840	2162.23	2071.89	1.10748	28.516100	28.337675	0.001	
898.83	31778	2146.64	2087.8	1.10748	28.516100	28.337675	0.001	
899.825	31694	2169.78	2099.3	1.10748	28.516100	28.337675	0.001	
900.819	31658	2148.92	2115.93	1.10748	28.516100	28.337675	0.001	
901.813	31626	2165.31	2129.25	1.10748	28.516100	28.337675	0.001	
902.807	31592	2170.57	2147.39	1.10748	28.516100	28.337675	0.001	
903.799	31561	2167.1	2162.9	1.10748	28.516100	28.337675	0.001	
904.792	31461	2162.83	2177.78	1.10748	28.516100	28.337675	0.001	
905.783	31464	2172.26	2194.95	1.10748	28.516100	28.337675	0.001	
906.775	31397	2165.51	2209.78	1.10748	28.516100	28.337675	0.001	
907.765	31385	2182.89	2226.65	1.10748	28.516100	28.337675	0.001	
908.755	31348	2170.18	2242.71	1.10748	28.516100	28.337675	0.001	
909.745	31315	2174.25	2258.37	1.10748	28.516100	28.337675	0.001	
910.733	31298	2158.16	2276.3	1.10748	28.516100	28.337675	0.001	
911.722	31261	2171.27	2291.72	1.10748	28.516100	28.337675	0.001	
912.71	31225	2167.1	2307.81	1.10748	28.516100	28.337675	0.001	
913.697	31199	2173.95	2323.1	1.10748	28.516100	28.337675	0.001	
914.683	31152	2161.83	2336.92	1.10748	28.516100	28.337675	0.001	
915.669	31070	2152.9	2351.22	1.10748	28.516100	28.337675	0.001	
916.655	31018	2166.01	2367.97	1.10748	28.516100	28.337675	0.001	
917.64	30959	2167	2383.22	1.10748	28.516100	28.337675	0.001	
918.624	30876	2159.05	2399.29	1.10748	28.516100	28.337675	0.001	
919.608	30781	2165.81	2413.27	1.10748	28.516100	28.337675	0.001	
920.591	30670	2161.93	2428.43	1.10748	28.516100	28.337675	0.001	
921.573	30567	2178.62	2443.28	1.10748	28.516100	28.337675	0.001	
922.555	30494	2150.71	2461.18	1.10748	28.516100	28.337675	0.001	
923.537	30344	2157.86	2475.03	1.10748	28.516100	28.337675	0.001	
924.517	30220	2170.57	2489.62	1.10748	28.516100	28.337675	0.001	
925.498	30088	2163.42	2505.78	1.10748	28.516100	28.337675	0.001	
926.477	29981	2171.67	2520.75	1.10748	28.516100	28.337675	0.001	
927.456	29821	2159.05	2536.24	1.10748	28.516100	28.337675	0.001	
928.435	29716	2173.16	2552.75	1.10748	28.516100	28.337675	0.001	
929.412	29559	2163.22	2568.37	1.10748	28.516100	28.337675	0.001	
930.39	29417	2171.47	2584.97	1.10748	28.516100	28.337675	0.001	
931.366	29309	2170.08	2602.85	1.10748	28.516100	28.337675	0.001	
932.342	29156	2161.34	2621.27	1.10748	28.516100	28.337675	0.001	
933.318	29005	2170.28	2636.54	1.10748	28.516100	28.337675	0.001	
934.293	28887	2169.48	2655.59	1.10748	28.516100	28.337675	0.001	
935.267	28721	2165.31	2673.53	1.10748	28.516100	28.337675	0.001	
936.24	28563	2147.13	2693.12	1.10748	28.516100	28.337675	0.001	
937.213	28408	2175.84	2708.41	1.10748	28.516100	28.337675	0.001	
938.186	28212	2161.04	2725.1	1.10748	28.516100	28.337675	0.001	
939.158	28076	2182.89	2740.09	1.10748	28.516100	28.337675	0.001	
940.129	27863	2160.24	2755.49	1.10748	28.516100	28.337675	0.001	
941.099	27692	2172.26	2771.51	1.10748	28.516100	28.337675	0.001	
942.069	27511	2168.79	2789.43	1.10748	28.516100	28.337675	0.001	
943.039	27369	2165.51	2809.77	1.10748	28.516100	28.337675	0.001	
944.007	27183	2152.2	2824.62	1.10748	28.516100	28.337675	0.001	
944.975	27047	2181.5	2839.87	1.10748	28.516100	28.337675	0.001	
945.943	26847	2176.33	2851.53	1.10748	28.516100	28.337675	0.001	
946.91	26721	2171.27	2870.16	1.10748	28.516100	28.337675	0.001	
947.876	26541	2155.08	2885.02	1.10748	28.516100	28.337675	0.001	
948.842	26420	2166.1	2902.4	1.10748	28.516100	28.337675	0.001	
949.807	26274	2172.46	2919	1.10748	28.516100	28.337675	0.001	
950.771	26128	2172.56	2935.67	1.10748	28.516100	28.337675	0.001	
951.735	25967	2159.35	2950.28	1.10748	28.516100	28.337675	0.001	
952.698	25825	2189.05	2964.07	1.10748	28.516100	28.337675	0.001	
953.66	25651	2163.32	2983.01	1.10748	28.516100	28.337675	0.001	
954.622	25471	2166.5	2996.47	1.10748	28.516100	28.337675	0.001	
955.584	25305	2167	3013.75	1.10748	28.516100	28.337675	0.001	
956.544	25138	2170.67	3031.22	1.10748	28.516100	28.337675	0.001	
957.504	24905	2159.75	3042.22	1.10748	28.516100	28.337675	0.001	
958.463	24777	2180.8	3062.99	1.10748	28.516100	28.337675	0.001	
959.422	24554	2160.15	3079.81	1.10748	28.516100	28.337675	0.001	
960.38	24351	2166.1	3095.24	1.10748	28.516100	28.337675	0.001	
961.338	24134	2171.87	3112.2	1.10748	28.516100	28.337675	0.001	
962.294	23929	2164.61	3132.06	1.10748	28.516100	28.337675	0.001	
963.25	23740	2154.09	3151.27	1.10748	28.516100	28.337675	0.001	
964.206	23527	2172.36	3165.63	1.10748	28.516100	28.337675	0.001	
965.161	23340	2163.13	3186.56	1.10748	28.516100	28.337675	0.001	
966.115	23131	2167.4	3205.3	1.10748	28.516100	28.337675	0.001	
