452.692	2214	2130.9	94.1731	1.10748	28.516100	28.337675	0.001	
453.787	2251	2162.55	5.14	1.10748	28.516100	28.337675	0.001	
454.882	2234	2152.73	-0.763795	1.10748	28.516100	28.337675	0.001	
455.977	2240	2174.06	-160.987	1.10748	28.516100	28.337675	0.001	
457.072	2233	2139.43	2.97378	1.10748	28.516100	28.337675	0.001	
458.167	2258	2179.22	-31.9487	1.10748	28.516100	28.337675	0.001	
459.263	2240	2153.72	1.21433	1.10748	28.516100	28.337675	0.001	
460.358	2257	2167.32	3.54363	1.10748	28.516100	28.337675	0.001	
461.453	2244	2158.88	1.62923	1.10748	28.516100	28.337675	0.001	
462.549	2240	2157.39	-0.737333	1.10748	28.516100	28.337675	0.001	
463.644	2235	2149.06	13.6267	1.10748	28.516100	28.337675	0.001	
464.74	2244	2159.08	0.389471	1.10748	28.516100	28.337675	0.001	
465.835	2237	2160.17	-17.2796	1.10748	28.516100	28.337675	0.001	
466.931	2237	2162.65	-8.77672	1.10748	28.516100	28.337675	0.001	
468.027	2238	2143.8	79.1564	1.10748	28.516100	28.337675	0.001	
469.123	2250	2169.1	-1.55622	1.10748	28.516100	28.337675	0.001	
470.219	2237	2144.2	7.52476	1.10748	28.516100	28.337675	0.001	
471.315	2242	2155.81	1.88684	1.10748	28.516100	28.337675	0.001	
472.411	2246	2149.06	12.3291	1.10748	28.516100	28.337675	0.001	
473.507	2258	2168.61	4.89356	1.10748	28.516100	28.337675	0.001	
474.603	2242	2148.36	4.44716	1.10748	28.516100	28.337675	0.001	
475.699	2249	2157.49	-49.6513	1.10748	28.516100	28.337675	0.001	
476.795	2251	2160.27	3.9984	1.10748	28.516100	28.337675	0.001	
477.892	2262	2166.82	11.5445	1.10748	28.516100	28.337675	0.001	
478.988	2253	2160.47	4.71454	1.10748	28.516100	28.337675	0.001	
480.084	2261	2158.38	13.1355	1.10748	28.516100	28.337675	0.001	
481.181	2245	2161.56	-0.0708494	1.10748	28.516100	28.337675	0.001	
482.277	2268	2167.12	37.1734	1.10748	28.516100	28.337675	0.001	
483.374	2240	2151.44	1.80223	1.10748	28.516100	28.337675	0.001	
484.47	2263	2160.27	53.6254	1.10748	28.516100	28.337675	0.001	
485.567	2251	2156.1	5.51595	1.10748	28.516100	28.337675	0.001	
486.663	2246	2171.78	-3.05823	1.10748	28.516100	28.337675	0.001	
487.76	2261	2158.19	15.0396	1.10748	28.516100	28.337675	0.001	
488.857	2250	2171.09	-3.78302	1.10748	28.516100	28.337675	0.001	
489.954	2250	2150.94	5.70067	1.10748	28.516100	28.337675	0.001	
491.05	2269	2157.99	10.742	1.10748	28.516100	28.337675	0.001	
492.147	2253	2151.74	7.5342	1.10748	28.516100	28.337675	0.001	
493.244	2267	2161.06	6.61034	1.10748	28.516100	28.337675	0.001	
494.341	2261	2162.06	4.02793	1.10748	28.516100	28.337675	0.001	
495.438	2259	2175.35	-0.13403	1.10748	28.516100	28.337675	0.001	
496.535	2251	2148.16	5.55969	1.10748	28.516100	28.337675	0.001	
497.632	2255	2160.07	2.62579	1.10748	28.516100	28.337675	0.001	
498.729	2258	2160.17	2.99203	1.10748	28.516100	28.337675	0.001	
499.825	2274	2160.07	5.63131	1.10748	28.516100	28.337675	0.001	
500.922	2265	2158.38	3.34283	1.10748	28.516100	28.337675	0.001	
502.019	2271	2164.64	3.78657	1.10748	28.516100	28.337675	0.001	
503.117	2267	2157.09	3.88105	1.10748	28.516100	28.337675	0.001	
504.214	2265	2153.23	4.00568	1.10748	28.516100	28.337675	0.001	
505.311	2272	2148.56	5.40853	1.10748	28.516100	28.337675	0.001	
506.408	2284	2161.76	5.00605	1.10748	28.516100	28.337675	0.001	
507.505	2288	2164.04	4.56162	1.10748	28.516100	28.337675	0.001	
508.602	2285	2152.03	6.05262	1.10748	28.516100	28.337675	0.001	
509.699	2283	2156.2	4.59663	1.10748	28.516100	28.337675	0.001	
510.796	2296	2154.81	6.0846	1.10748	28.516100	28.337675	0.001	
511.893	2318	2160.67	6.86316	1.10748	28.516100	28.337675	0.001	
512.99	2330	2174.86	6.2772	1.10748	28.516100	28.337675	0.001	
514.087	2314	2153.52	6.46157	1.10748	28.516100	28.337675	0.001	
515.184	2321	2162.35	6.27839	1.10748	28.516100	28.337675	0.001	
516.281	2328	2154.42	6.20021	1.10748	28.516100	28.337675	0.001	
517.378	2349	2163.84	7.44496	1.10748	28.516100	28.337675	0.001	
518.475	2349	2157.99	7.29065	1.10748	28.516100	28.337675	0.001	
519.573	2360	2163.35	7.7248	1.10748	28.516100	28.337675	0.001	
520.67	2355	2153.82	7.43538	1.10748	28.516100	28.337675	0.001	
521.767	2369	2164.34	7.47583	1.10748	28.516100	28.337675	0.001	
522.864	2383	2164.04	8.37755	1.10748	28.516100	28.337675	0.001	
523.961	2403	2170.89	8.83932	1.10748	28.516100	28.337675	0.001	
525.058	2387	2151.34	8.78368	1.10748	28.516100	28.337675	0.001	
526.155	2423	2173.67	9.07775	1.10748	28.516100	28.337675	0.001	
527.252	2411	2154.22	8.98811	1.10748	28.516100	28.337675	0.001	
528.348	2450	2170.99	10.0558	1.10748	28.516100	28.337675	0.001	
529.445	2448	2154.91	10.252	1.10748	28.516100	28.337675	0.001	
530.542	2452	2146.87	10.5997	1.10748	28.516100	28.337675	0.001	
531.639	2479	2153.92	11.1431	1.10748	28.516100	28.337675	0.001	
532.736	2500	2172.97	11.027	1.10748	28.516100	28.337675	0.001	
533.833	2497	2157.89	11.2464	1.10748	28.516100	28.337675	0.001	
534.929	2524	2165.23	11.6584	1.10748	28.516100	28.337675	0.001	
536.026	2515	2138.84	12.1784	1.10748	28.516100	28.337675	0.001	
537.123	2564	2163.74	12.7395	1.10748	28.516100	28.337675	0.001	
538.22	2569	2147.77	13.3275	1.10748	28.516100	28.337675	0.001	
539.316	2586	2165.53	12.914	1.10748	28.516100	28.337675	0.001	
540.413	2599	2160.07	13.3438	1.10748	28.516100	28.337675	0.001	
541.509	2644	2157.59	14.6215	1.10748	28.516100	28.337675	0.001	
542.606	2640	2143.6	14.6046	1.10748	28.516100	28.337675	0.001	
543.702	2675	2164.64	14.5878	1.10748	28.516100	28.337675	0.001	
544.799	2679	2142.11	15.2642	1.10748	28.516100	28.337675	0.001	
545.895	2703	2161.06	15.0585	1.10748	28.516100	28.337675	0.001	
546.991	2740	2152.83	16.2389	1.10748	28.516100	28.337675	0.001	
548.088	2773	2163.35	16.6257	1.10748	28.516100	28.337675	0.001	
549.184	2796	2149.45	17.4575	1.10748	28.516100	28.337675	0.001	
550.28	2825	2151.04	17.8373	1.10748	28.516100	28.337675	0.001	
551.376	2839	2147.37	18.0508	1.10748	28.516100	28.337675	0.001	
552.472	2902	2164.24	18.9536	1.10748	28.516100	28.337675	0.001	
553.568	2904	2155.51	18.8799	1.10748	28.516100	28.337675	0.001	
554.664	2954	2167.81	19.6446	1.10748	28.516100	28.337675	0.001	
555.76	2980	2156.3	20.3355	1.10748	28.516100	28.337675	0.001	
556.856	3005	2165.63	20.4581	1.10748	28.516100	28.337675	0.001	
557.952	3030	2152.73	21.2122	1.10748	28.516100	28.337675	0.001	
559.047	3100	2170.89	22.1869	1.10748	28.516100	28.337675	0.001	
560.143	3117	2153.13	22.7774	1.10748	28.516100	28.337675	0.001	
561.239	3137	2138.84	23.4829	1.10748	28.516100	28.337675	0.001	
562.334	3176	2145.29	24.0455	1.10748	28.516100	28.337675	0.001	
563.43	3224	2156.1	24.6011	1.10748	28.516100	28.337675	0.001	
564.525	3255	2159.18	24.9611	1.10748	28.516100	28.337675	0.001	
565.62	3294	2161.16	25.7712	1.10748	28.516100	28.337675	0.001	
566.715	3316	2143.9	26.3972	1.10748	28.516100	28.337675	0.001	
567.811	3379	2169	27.205	1.10748	28.516100	28.337675	0.001	
568.906	3416	2144.69	28.3892	1.10748	28.516100	28.337675	0.001	
570.001	3461	2161.76	28.8353	1.10748	28.516100	28.337675	0.001	
571.095	3470	2136.55	29.5445	1.10748	28.516100	28.337675	0.001	
572.19	3541	2157.09	30.6532	1.10748	28.516100	28.337675	0.001	
573.285	3559	2144.29	31.2322	1.10748	28.516100	28.337675	0.001	
574.38	3608	2161.26	31.8027	1.10748	28.516100	28.337675	0.001	
575.474	3655	2140.33	33.2799	1.10748	28.516100	28.337675	0.001	
576.569	3687	2146.38	33.7821	1.10748	28.516100	28.337675	0.001	
577.663	3718	2143.9	34.4893	1.10748	28.516100	28.337675	0.001	
578.757	3770	2148.96	35.5687	1.10748	28.516100	28.337675	0.001	
579.851	3803	2145.29	36.2777	1.10748	28.516100	28.337675	0.001	
580.945	3858	2168.51	37.0369	1.10748	28.516100	28.337675	0.001	
582.039	3883	2140.62	38.2604	1.10748	28.516100	28.337675	0.001	
583.133	3927	2151.04	39.1333	1.10748	28.516100	28.337675	0.001	
584.227	3944	2132.98	40.1306	1.10748	28.516100	28.337675	0.001	
585.321	4005	2147.57	41.2173	1.10748	28.516100	28.337675	0.001	
586.414	4035	2144.2	42.1722	1.10748	28.516100	28.337675	0.001	
587.508	4089	2159.58	43.2508	1.10748	28.516100	28.337675	0.001	
588.601	4108	2148.26	44.137	1.10748	28.516100	28.337675	0.001	
589.694	4156	2144.2	45.5416	1.10748	28.516100	28.337675	0.001	
590.787	4179	2144.29	46.4533	1.10748	28.516100	28.337675	0.001	
591.881	4238	2156.5	47.5658	1.10748	28.516100	28.337675	0.001	
592.973	4265	2146.48	48.6818	1.10748	28.516100	28.337675	0.001	
594.066	4299	2148.16	49.6499	1.10748	28.516100	28.337675	0.001	
595.159	4336	2157.59	50.5804	1.10748	28.516100	28.337675	0.001	
596.251	4383	2155.71	52.0492	1.10748	28.516100	28.337675	0.001	
597.344	4420	2156	53.1126	1.10748	28.516100	28.337675	0.001	
598.436	4470	2165.83	54.338	1.10748	28.516100	28.337675	0.001	
599.528	4511	2150.55	55.9944	1.10748	28.516100	28.337675	0.001	
600.621	4562	2154.61	57.1733	1.10748	28.516100	28.337675	0.001	
601.713	4602	2157.89	58.2137	1.10748	28.516100	28.337675	0.001	
602.804	4651	2153.03	59.5738	1.10748	28.516100	28.337675	0.001	
603.896	4703	2149.65	61.3086	1.10748	28.516100	28.337675	0.001	
604.988	4747	2152.23	62.338	1.10748	28.516100	28.337675	0.001	
606.079	4802	2154.91	63.7277	1.10748	28.516100	28.337675	0.001	
607.17	4852	2161.06	64.8698	1.10748	28.516100	28.337675	0.001	
608.262	4894	2143	66.5833	1.10748	28.516100	28.337675	0.001	
609.353	4967	2154.02	67.9607	1.10748	28.516100	28.337675	0.001	
610.443	5036	2153.32	69.6784	1.10748	28.516100	28.337675	0.001	
611.534	5093	2161.86	70.8551	1.10748	28.516100	28.337675	0.001	
612.625	5145	2149.16	72.4263	1.10748	28.516100	28.337675	0.001	
613.715	5219	2155.61	74.0041	1.10748	28.516100	28.337675	0.001	
614.806	5307	2161.16	75.8395	1.10748	28.516100	28.337675	0.001	
615.896	5374	2171.28	77.32	1.10748	28.516100	28.337675	0.001	
616.986	5444	2157.29	79.1721	1.10748	28.516100	28.337675	0.001	
618.076	5529	2160.17	81.2733	1.10748	28.516100	28.337675	0.001	
619.165	5599	2163.35	82.5906	1.10748	28.516100	28.337675	0.001	
620.255	5692	2170.49	84.5308	1.10748	28.516100	28.337675	0.001	
621.344	5755	2152.83	86.1854	1.10748	28.516100	28.337675	0.001	
622.434	5831	2156.4	87.7874	1.10748	28.516100	28.337675	0.001	
623.523	5923	2155.21	89.8773	1.10748	28.516100	28.337675	0.001	
624.612	6016	2159.97	91.8952	1.10748	28.516100	28.337675	0.001	
625.701	6087	2152.23	93.5355	1.10748	28.516100	28.337675	0.001	
626.789	6193	2163.45	95.6508	1.10748	28.516100	28.337675	0.001	
627.878	6282	2154.52	97.8202	1.10748	28.516100	28.337675	0.001	
628.966	6380	2160.67	99.7747	1.10748	28.516100	28.337675	0.001	
630.054	6445	2154.81	101.569	1.10748	28.516100	28.337675	0.001	
631.142	6555	2160.07	103.606	1.10748	28.516100	28.337675	0.001	
632.23	6651	2159.08	105.574	1.10748	28.516100	28.337675	0.001	
633.318	6760	2161.96	107.836	1.10748	28.516100	28.337675	0.001	
634.405	6857	2156.1	110.193	1.10748	28.516100	28.337675	0.001	
635.492	6957	2161.06	112.245	1.10748	28.516100	28.337675	0.001	
636.579	7045	2157.19	114.058	1.10748	28.516100	28.337675	0.001	
637.666	7163	2153.13	116.795	1.10748	28.516100	28.337675	0.001	
638.753	7272	2158.98	118.881	1.10748	28.516100	28.337675	0.001	
639.84	7396	2163.84	121.512	1.10748	28.516100	28.337675	0.001	
640.926	7467	2155.9	123.351	1.10748	28.516100	28.337675	0.001	
642.012	7599	2162.95	125.999	1.10748	28.516100	28.337675	0.001	
643.098	7702	2158.88	128.155	1.10748	28.516100	28.337675	0.001	
644.184	7833	2166.82	130.708	1.10748	28.516100	28.337675	0.001	
645.27	7941	2159.58	133.243	1.10748	28.516100	28.337675	0.001	
646.355	8084	2178.73	135.777	1.10748	28.516100	28.337675	0.001	
647.441	8193	2162.95	138.394	1.10748	28.516100	28.337675	0.001	
648.526	8336	2162.16	141.159	1.10748	28.516100	28.337675	0.001	
649.611	8408	2152.93	143.195	1.10748	28.516100	28.337675	0.001	
650.695	8563	2170.19	146.08	1.10748	28.516100	28.337675	0.001	
651.78	8685	2157.49	148.88	1.10748	28.516100	28.337675	0.001	
652.864	8810	2170.59	151.137	1.10748	28.516100	28.337675	0.001	
653.948	8959	2159.18	154.784	1.10748	28.516100	28.337675	0.001	
655.032	9091	2158.68	157.453	1.10748	28.516100	28.337675	0.001	
656.116	9230	2161.76	160.121	1.10748	28.516100	28.337675	0.001	
657.199	9379	2165.23	163.12	1.10748	28.516100	28.337675	0.001	
658.283	9490	2152.73	165.741	1.10748	28.516100	28.337675	0.001	
659.366	9646	2171.78	168.332	1.10748	28.516100	28.337675	0.001	
660.448	9791	2156.8	171.787	1.10748	28.516100	28.337675	0.001	
661.531	9952	2154.91	174.958	1.10748	28.516100	28.337675	0.001	
662.614	10071	2157.99	177.485	1.10748	28.516100	28.337675	0.001	
663.696	10257	2176.34	180.726	1.10748	28.516100	28.337675	0.001	
664.778	10411	2161.06	184.062	1.10748	28.516100	28.337675	0.001	
665.86	10555	2162.35	187.297	1.10748	28.516100	28.337675	0.001	
666.941	10702	2144.99	190.354	1.10748	28.516100	28.337675	0.001	
668.023	10885	2160.17	193.867	1.10748	28.516100	28.337675	0.001	
669.104	11063	2163.45	197.164	1.10748	28.516100	28.337675	0.001	
670.185	11220	2163.15	200.507	1.10748	28.516100	28.337675	0.001	
671.265	11379	2153.03	203.749	1.10748	28.516100	28.337675	0.001	
672.346	11582	2157.49	207.91	1.10748	28.516100	28.337675	0.001	
673.426	11717	2152.83	210.914	1.10748	28.516100	28.337675	0.001	
674.506	11932	2175.75	214.477	1.10748	28.516100	28.337675	0.001	
675.586	12061	2147.17	217.757	1.10748	28.516100	28.337675	0.001	
676.665	12281	2177.14	221.329	1.10748	28.516100	28.337675	0.001	
677.745	12460	2156.3	225.114	1.10748	28.516100	28.337675	0.001	
678.824	12663	2168.01	228.828	1.10748	28.516100	28.337675	0.001	
679.903	12851	2158.48	232.626	1.10748	28.516100	28.337675	0.001	
680.981	13080	2176.34	236.595	1.10748	28.516100	28.337675	0.001	
682.059	13254	2151.24	240.585	1.10748	28.516100	28.337675	0.001	
683.138	13473	2171.09	244.131	1.10748	28.516100	28.337675	0.001	
684.215	13711	2174.56	248.573	1.10748	28.516100	28.337675	0.001	
685.293	13926	2174.36	252.659	1.10748	28.516100	28.337675	0.001	
686.37	14107	2160.87	256.421	1.10748	28.516100	28.337675	0.001	
687.448	14359	2171.58	260.819	1.10748	28.516100	28.337675	0.001	
688.524	14589	2170.89	264.735	1.10748	28.516100	28.337675	0.001	
689.601	14808	2162.55	268.807	1.10748	28.516100	28.337675	0.001	
690.678	15056	2155.11	273.475	1.10748	28.516100	28.337675	0.001	
691.754	15293	2161.56	277.29	1.10748	28.516100	28.337675	0.001	
692.83	15550	2169.1	281.632	1.10748	28.516100	28.337675	0.001	
693.905	15780	2160.37	285.871	1.10748	28.516100	28.337675	0.001	
694.98	16018	2144.1	290.421	1.10748	28.516100	28.337675	0.001	
696.056	16300	2162.75	295.003	1.10748	28.516100	28.337675	0.001	
697.13	16546	2157.69	298.95	1.10748	28.516100	28.337675	0.001	
698.205	16852	2169.5	304.377	1.10748	28.516100	28.337675	0.001	
699.279	17087	2154.71	308.5	1.10748	28.516100	28.337675	0.001	
700.353	17369	2168.41	313.339	1.10748	28.516100	28.337675	0.001	
701.427	17652	2162.06	317.884	1.10748	28.516100	28.337675	0.001	
702.501	17947	2155.31	322.818	1.10748	28.516100	28.337675	0.001	
703.574	18260	2164.04	328.1	1.10748	28.516100	28.337675	0.001	
704.647	18576	2176.84	332.95	1.10748	28.516100	28.337675	0.001	
705.719	18872	2156.2	337.896	1.10748	28.516100	28.337675	0.001	
706.792	19189	2161.66	342.691	1.10748	28.516100	28.337675	0.001	
707.864	19495	2168.41	347.497	1.10748	28.516100	28.337675	0.001	
708.936	19816	2168.8	352.713	1.10748	28.516100	28.337675	0.001	
710.007	20114	2167.32	357.544	1.10748	28.516100	28.337675	0.001	
711.079	20448	2165.23	363.385	1.10748	28.516100	28.337675	0.001	
712.15	20757	2164.83	368.421	1.10748	28.516100	28.337675	0.001	
713.221	21069	2162.55	373.534	1.10748	28.516100	28.337675	0.001	
714.291	21430	2162.25	379.286	1.10748	28.516100	28.337675	0.001	
715.361	21760	2172.48	384.701	1.10748	28.516100	28.337675	0.001	
716.431	22099	2156.2	390.414	1.10748	28.516100	28.337675	0.001	
717.501	22447	2167.02	395.898	1.10748	28.516100	28.337675	0.001	
718.57	22766	2170.29	401.341	1.10748	28.516100	28.337675	0.001	
719.639	23129	2176.94	407.014	1.10748	28.516100	28.337675	0.001	
720.707	23461	2157.29	413.407	1.10748	28.516100	28.337675	0.001	
721.776	23795	2166.52	418.573	1.10748	28.516100	28.337675	0.001	
722.844	24135	2168.51	424.402	1.10748	28.516100	28.337675	0.001	
723.912	24472	2180.31	429.963	1.10748	28.516100	28.337675	0.001	
724.979	24790	2165.23	436.165	1.10748	28.516100	28.337675	0.001	
726.046	25122	2175.45	441.789	1.10748	28.516100	28.337675	0.001	
727.113	25424	2174.66	447.656	1.10748	28.516100	28.337675	0.001	
728.18	25694	2176.94	453.91	1.10748	28.516100	28.337675	0.001	
729.246	25966	2157.19	459.925	1.10748	28.516100	28.337675	0.001	
730.312	26244	2166.52	466.572	1.10748	28.516100	28.337675	0.001	
731.378	26528	2155.21	473.237	1.10748	28.516100	28.337675	0.001	
732.443	26794	2169	479.676	1.10748	28.516100	28.337675	0.001	
733.508	27039	2159.18	486.01	1.10748	28.516100	28.337675	0.001	
734.573	27315	2174.06	492.67	1.10748	28.516100	28.337675	0.001	
735.637	27536	2169.4	499.174	1.10748	28.516100	28.337675	0.001	
736.701	27766	2179.32	505.949	1.10748	28.516100	28.337675	0.001	
737.765	27998	2164.64	512.862	1.10748	28.516100	28.337675	0.001	
738.829	28176	2173.86	518.758	1.10748	28.516100	28.337675	0.001	
739.892	28383	2169.99	525.977	1.10748	28.516100	28.337675	0.001	
740.955	28535	2177.14	531.867	1.10748	28.516100	28.337675	0.001	
742.017	28698	2155.71	538.813	1.10748	28.516100	28.337675	0.001	
743.079	28878	2170.09	545.726	1.10748	28.516100	28.337675	0.001	
744.141	29016	2166.03	552.63	1.10748	28.516100	28.337675	0.001	
745.202	29169	2173.67	559.948	1.10748	28.516100	28.337675	0.001	
746.264	29315	2161.96	567.407	1.10748	28.516100	28.337675	0.001	
747.324	29470	2176.25	574.331	1.10748	28.516100	28.337675	0.001	
748.385	29617	2167.32	581.816	1.10748	28.516100	28.337675	0.001	
749.445	29737	2158.38	589.505	1.10748	28.516100	28.337675	0.001	
750.505	29910	2175.75	597.155	1.10748	28.516100	28.337675	0.001	
751.564	30040	2173.17	604.793	1.10748	28.516100	28.337675	0.001	
752.623	30196	2162.16	612.684	1.10748	28.516100	28.337675	0.001	
753.682	30322	2169.8	620.282	1.10748	28.516100	28.337675	0.001	
754.741	30467	2168.01	628.047	1.10748	28.516100	28.337675	0.001	
755.799	30576	2169.7	635.236	1.10748	28.516100	28.337675	0.001	
756.857	30756	2163.54	643.155	1.10748	28.516100	28.337675	0.001	
757.914	30907	2168.41	651.087	1.10748	28.516100	28.337675	0.001	
758.971	31052	2173.57	658.557	1.10748	28.516100	28.337675	0.001	
760.028	31187	2163.74	666.416	1.10748	28.516100	28.337675	0.001	
761.084	31329	2175.35	674.163	1.10748	28.516100	28.337675	0.001	
762.14	31453	2162.16	682.316	1.10748	28.516100	28.337675	0.001	
763.196	31534	2174.76	690.33	1.10748	28.516100	28.337675	0.001	
764.251	31657	2161.56	698.879	1.10748	28.516100	28.337675	0.001	
765.306	31773	2169.99	706.964	1.10748	28.516100	28.337675	0.001	
766.36	31912	2170.99	715.969	1.10748	28.516100	28.337675	0.001	
767.415	32030	2158.19	724.333	1.10748	28.516100	28.337675	0.001	
768.468	32164	2172.38	733.255	1.10748	28.516100	28.337675	0.001	
769.522	32293	2153.82	741.851	1.10748	28.516100	28.337675	0.001	
770.575	32438	2167.32	750.774	1.10748	28.516100	28.337675	0.001	
771.628	32530	2164.93	758.861	1.10748	28.516100	28.337675	0.001	
772.68	32695	2179.42	768.559	1.10748	28.516100	28.337675	0.001	
773.732	32781	2157.19	777.288	1.10748	28.516100	28.337675	0.001	
774.784	32953	2173.77	787.111	1.10748	28.516100	28.337675	0.001	
775.835	33027	2167.71	795.463	1.10748	28.516100	28.337675	0.001	
776.886	33133	2171.28	804.309	1.10748	28.516100	28.337675	0.001	
777.936	33256	2167.41	813.082	1.10748	28.516100	28.337675	0.001	
778.986	33397	2178.83	821.548	1.10748	28.516100	28.337675	0.001	
780.036	33493	2158.68	830.772	1.10748	28.516100	28.337675	0.001	
781.086	33501	2158.68	838.874	1.10748	28.516100	28.337675	0.001	
782.135	33571	2158.38	848.619	1.10748	28.516100	28.337675	0.001	
783.183	33637	2174.36	858.526	1.10748	28.516100	28.337675	0.001	
784.231	33682	2156.5	868.528	1.10748	28.516100	28.337675	0.001	
785.279	33692	2170.69	878.441	1.10748	28.516100	28.337675	0.001	
786.327	33752	2151.64	888.012	1.10748	28.516100	28.337675	0.001	
787.374	33785	2168.01	897.534	1.10748	28.516100	28.337675	0.001	
788.42	33844	2160.07	908.695	1.10748	28.516100	28.337675	0.001	
789.466	33890	2166.22	918.968	1.10748	28.516100	28.337675	0.001	
790.512	33902	2165.33	929.107	1.10748	28.516100	28.337675	0.001	
791.558	33960	2166.72	938.911	1.10748	28.516100	28.337675	0.001	
792.603	33950	2169	949.042	1.10748	28.516100	28.337675	0.001	
793.648	33991	2169.1	958.438	1.10748	28.516100	28.337675	0.001	
794.692	34013	2169.9	969.286	1.10748	28.516100	28.337675	0.001	
795.736	34018	2163.84	979.599	1.10748	28.516100	28.337675	0.001	
796.779	34108	2162.85	990.579	1.10748	28.516100	28.337675	0.001	
797.822	34073	2183.89	999.85	1.10748	28.516100	28.337675	0.001	
798.865	34074	2167.41	1010.43	1.10748	28.516100	28.337675	0.001	
799.907	34060	2153.72	1020.6	1.10748	28.516100	28.337675	0.001	
800.949	34053	2163.05	1030.91	1.10748	28.516100	28.337675	0.001	
801.99	34009	2168.31	1039.78	1.10748	28.516100	28.337675	0.001	
803.031	33974	2154.42	1051.01	1.10748	28.516100	28.337675	0.001	
804.072	33986	2173.67	1062.4	1.10748	28.516100	28.337675	0.001	
805.112	33948	2163.35	1073.61	1.10748	28.516100	28.337675	0.001	
806.152	33966	2173.96	1084.61	1.10748	28.516100	28.337675	0.001	
807.191	33931	2175.85	1095.43	1.10748	28.516100	28.337675	0.001	
808.23	33946	2167.02	1107.8	1.10748	28.516100	28.337675	0.001	
809.268	33956	2154.91	1119.92	1.10748	28.516100	28.337675	0.001	
810.307	34018	2157	1132.95	1.10748	28.516100	28.337675	0.001	
811.344	33993	2158.78	1142.12	1.10748	28.516100	28.337675	0.001	
812.381	34006	2173.57	1153.52	1.10748	28.516100	28.337675	0.001	
813.418	34062	2163.45	1166.46	1.10748	28.516100	28.337675	0.001	
814.454	34058	2172.18	1177.49	1.10748	28.516100	28.337675	0.001	
815.49	34059	2162.06	1189.39	1.10748	28.516100	28.337675	0.001	
816.526	34085	2167.51	1200.8	1.10748	28.516100	28.337675	0.001	
817.561	34064	2164.64	1212.01	1.10748	28.516100	28.337675	0.001	
818.596	34085	2174.06	1223.92	1.10748	28.516100	28.337675	0.001	
819.63	34064	2164.34	1235.06	1.10748	28.516100	28.337675	0.001	
820.664	34138	2176.84	1247.32	1.10748	28.516100	28.337675	0.001	
821.697	34089	2171.88	1257.98	1.10748	28.516100	28.337675	0.001	
822.73	34098	2180.31	1269.42	1.10748	28.516100	28.337675	0.001	
823.762	34099	2176.64	1281.9	1.10748	28.516100	28.337675	0.001	
824.794	34070	2175.85	1293.54	1.10748	28.516100	28.337675	0.001	
825.826	34056	2166.82	1305.9	1.10748	28.516100	28.337675	0.001	
826.857	34021	2181.31	1318.83	1.10748	28.516100	28.337675	0.001	
827.887	34049	2166.82	1331.46	1.10748	28.516100	28.337675	0.001	
828.918	34052	2179.52	1343.86	1.10748	28.516100	28.337675	0.001	
829.947	34027	2167.91	1356.8	1.10748	28.516100	28.337675	0.001	
830.977	34092	2169.2	1371.17	1.10748	28.516100	28.337675	0.001	
832.005	34088	2169	1382.84	1.10748	28.516100	28.337675	0.001	
833.034	34143	2170.49	1397.17	1.10748	28.516100	28.337675	0.001	
834.062	34104	2175.15	1409.04	1.10748	28.516100	28.337675	0.001	
835.089	34128	2164.24	1423.27	1.10748	28.516100	28.337675	0.001	
836.116	34172	2166.92	1435.69	1.10748	28.516100	28.337675	0.001	
837.143	34215	2172.38	1447.44	1.10748	28.516100	28.337675	0.001	
838.169	34289	2173.96	1461.19	1.10748	28.516100	28.337675	0.001	
839.194	34343	2167.22	1474.59	1.10748	28.516100	28.337675	0.001	
840.22	34389	2159.97	1489.35	1.10748	28.516100	28.337675	0.001	
841.244	34460	2167.22	1502.2	1.10748	28.516100	28.337675	0.001	
842.268	34475	2163.54	1515.2	1.10748	28.516100	28.337675	0.001	
843.292	34528	2179.12	1526.94	1.10748	28.516100	28.337675	0.001	
844.315	34580	2164.54	1541.63	1.10748	28.516100	28.337675	0.001	
845.338	34605	2177.44	1553.55	1.10748	28.516100	28.337675	0.001	
846.36	34603	2161.86	1567.34	1.10748	28.516100	28.337675	0.001	
847.382	34651	2165.13	1580.37	1.10748	28.516100	28.337675	0.001	
848.404	34622	2170.29	1592.89	1.10748	28.516100	28.337675	0.001	
849.425	34685	2174.46	1607.73	1.10748	28.516100	28.337675	0.001	
850.445	34680	2168.41	1621.35	1.10748	28.516100	28.337675	0.001	
851.465	34735	2180.31	1635.67	1.10748	28.516100	28.337675	0.001	
852.484	34809	2164.34	1651.78	1.10748	28.516100	28.337675	0.001	
853.503	34848	2160.17	1666.72	1.10748	28.516100	28.337675	0.001	
854.522	34902	2156.9	1680.42	1.10748	28.516100	28.337675	0.001	
855.54	34986	2175.25	1695.84	1.10748	28.516100	28.337675	0.001	
856.557	35044	2174.96	1709.94	1.10748	28.516100	28.337675	0.001	
857.574	35130	2168.21	1724.83	1.10748	28.516100	28.337675	0.001	
858.591	35179	2163.94	1737.44	1.10748	28.516100	28.337675	0.001	
859.607	35247	2164.74	1752.4	1.10748	28.516100	28.337675	0.001	
860.622	35302	2171.48	1766	1.10748	28.516100	28.337675	0.001	
861.637	35393	2163.45	1781.83	1.10748	28.516100	28.337675	0.001	
862.652	35423	2163.94	1796.1	1.10748	28.516100	28.337675	0.001	
863.666	35541	2167.71	1811.34	1.10748	28.516100	28.337675	0.001	
864.679	35571	2155.41	1826.05	1.10748	28.516100	28.337675	0.001	
865.692	35616	2163.35	1838.97	1.10748	28.516100	28.337675	0.001	
866.705	35649	2151.34	1854.11	1.10748	28.516100	28.337675	0.001	
867.717	35700	2157	1869.74	1.10748	28.516100	28.337675	0.001	
868.728	35698	2162.65	1883.53	1.10748	28.516100	28.337675	0.001	
869.739	35741	2155.81	1899.42	1.10748	28.516100	28.337675	0.001	
870.75	35761	2174.96	1912.81	1.10748	28.516100	28.337675	0.001	
871.76	35764	2157	1927.47	1.10748	28.516100	28.337675	0.001	
872.769	35788	2155.41	1942.24	1.10748	28.516100	28.337675	0.001	
873.778	35797	2158.48	1958.13	1.10748	28.516100	28.337675	0.001	
874.786	35813	2158.78	1973.17	1.10748	28.516100	28.337675	0.001	
875.794	35858	2167.81	1989.38	1.10748	28.516100	28.337675	0.001	
876.802	35855	2183.09	2004.39	1.10748	28.516100	28.337675	0.001	
877.809	35855	2170.59	2021.02	1.10748	28.516100	28.337675	0.001	
878.815	35903	2176.44	2038.23	1.10748	28.516100	28.337675	0.001	
879.821	35883	2163.74	2054.46	1.10748	28.516100	28.337675	0.001	
880.826	35961	2174.76	2071.36	1.10748	28.516100	28.337675	0.001	
881.831	35952	2174.16	2086.53	1.10748	28.516100	28.337675	0.001	
882.835	35924	2167.51	2100.71	1.10748	28.516100	28.337675	0.001	
883.839	35927	2165.83	2117.95	1.10748	28.516100	28.337675	0.001	
884.842	35952	2161.96	2134.39	1.10748	28.516100	28.337675	0.001	
885.844	35973	2167.41	2149.03	1.10748	28.516100	28.337675	0.001	
886.847	35983	2169.6	2164.85	1.10748	28.516100	28.337675	0.001	
887.848	35949	2166.22	2181.06	1.10748	28.516100	28.337675	0.001	
888.849	35913	2161.46	2198.14	1.10748	28.516100	28.337675	0.001	
889.85	35843	2164.93	2212.52	1.10748	28.516100	28.337675	0.001	
890.85	35807	2157	2231.42	1.10748	28.516100	28.337675	0.001	
891.849	35741	2156.6	2247.02	1.10748	28.516100	28.337675	0.001	
892.848	35750	2164.74	2264.59	1.10748	28.516100	28.337675	0.001	
893.846	35718	2167.61	2277.05	1.10748	28.516100	28.337675	0.001	
894.844	35687	2150.25	2293.43	1.10748	28.516100	28.337675	0.001	
895.841	35656	2165.13	2309.19	1.10748	28.516100	28.337675	0.001	
896.838	35600	2156.5	2324.25	1.10748	28.516100	28.337675	0.001	
897.834	35563	2160.17	2340.27	1.10748	28.516100	28.337675	0.001	
898.83	35473	2144.59	2356.61	1.10748	28.516100	28.337675	0.001	
899.825	35418	2167.71	2372.69	1.10748	28.516100	28.337675	0.001	
900.819	35339	2146.87	2388.43	1.10748	28.516100	28.337675	0.001	
901.813	35326	2163.25	2405.34	1.10748	28.516100	28.337675	0.001	
902.807	35248	2168.51	2422.88	1.10748	28.516100	28.337675	0.001	
903.799	35213	2165.03	2440.32	1.10748	28.516100	28.337675	0.001	
904.792	35139	2160.77	2460.01	1.10748	28.516100	28.337675	0.001	
905.783	35093	2170.19	2475.67	1.10748	28.516100	28.337675	0.001	
906.775	35040	2163.45	2494.05	1.10748	28.516100	28.337675	0.001	
907.765	35030	2180.81	2513.54	1.10748	28.516100	28.337675	0.001	
908.755	34981	2168.11	2530.96	1.10748	28.516100	28.337675	0.001	
909.745	34943	2172.18	2548.59	1.10748	28.516100	28.337675	0.001	
910.733	34919	2156.1	2568.26	1.10748	28.516100	28.337675	0.001	
911.722	34867	2169.2	2584.93	1.10748	28.516100	28.337675	0.001	
912.71	34809	2165.03	2601.6	1.10748	28.516100	28.337675	0.001	
913.697	34781	2171.88	2619	1.10748	28.516100	28.337675	0.001	
914.683	34727	2159.77	2634.35	1.10748	28.516100	28.337675	0.001	
915.669	34655	2150.84	2652.04	1.10748	28.516100	28.337675	0.001	
916.655	34569	2163.94	2668.72	1.10748	28.516100	28.337675	0.001	
917.64	34483	2164.93	2684.22	1.10748	28.516100	28.337675	0.001	
918.624	34404	2157	2703.44	1.10748	28.516100	28.337675	0.001	
919.608	34275	2163.74	2717.3	1.10748	28.516100	28.337675	0.001	
920.591	34148	2159.87	2734.08	1.10748	28.516100	28.337675	0.001	
921.573	34041	2176.54	2751.73	1.10748	28.516100	28.337675	0.001	
922.555	33955	2148.66	2771.19	1.10748	28.516100	28.337675	0.001	
923.537	33782	2155.81	2786.41	1.10748	28.516100	28.337675	0.001	
924.517	33640	2168.51	2802.68	1.10748	28.516100	28.337675	0.001	
925.498	33511	2161.36	2822.52	1.10748	28.516100	28.337675	0.001	
926.477	33360	2169.6	2836.55	1.10748	28.516100	28.337675	0.001	
927.456	33170	2157	2852.8	1.10748	28.516100	28.337675	0.001	
928.435	33039	2171.09	2870.23	1.10748	28.516100	28.337675	0.001	
929.412	32907	2161.16	2891.88	1.10748	28.516100	28.337675	0.001	
930.39	32721	2169.4	2908.02	1.10748	28.516100	28.337675	0.001	
931.366	32580	2168.01	2926.11	1.10748	28.516100	28.337675	0.001	
932.342	32430	2159.28	2948.81	1.10748	28.516100	28.337675	0.001	
933.318	32271	2168.21	2967.11	1.10748	28.516100	28.337675	0.001	
934.293	32140	2167.41	2988.63	1.10748	28.516100	28.337675	0.001	
935.267	31921	2163.25	3005.31	1.10748	28.516100	28.337675	0.001	
936.24	31760	2145.09	3028.72	1.10748	28.516100	28.337675	0.001	
937.213	31557	2173.77	3043.13	1.10748	28.516100	28.337675	0.001	
938.186	31355	2158.98	3063.51	1.10748	28.516100	28.337675	0.001	
939.158	31174	2180.81	3077.49	1.10748	28.516100	28.337675	0.001	
940.129	30953	2158.19	3096.33	1.10748	28.516100	28.337675	0.001	
941.099	30773	2170.19	3115.73	1.10748	28.516100	28.337675	0.001	
942.069	30559	2166.72	3134.5	1.10748	28.516100	28.337675	0.001	
943.039	30374	2163.45	3154.28	1.10748	28.516100	28.337675	0.001	
944.007	30172	2150.15	3171.42	1.10748	28.516100	28.337675	0.001	
944.975	30007	2179.42	3187.41	1.10748	28.516100	28.337675	0.001	
945.943	29805	2174.26	3202.96	1.10748	28.516100	28.337675	0.001	
946.91	29648	2169.2	3221.85	1.10748	28.516100	28.337675	0.001	
947.876	29467	2153.03	3240.72	1.10748	28.516100	28.337675	0.001	
948.842	29293	2164.04	3255.63	1.10748	28.516100	28.337675	0.001	
949.807	29147	2170.39	3276.46	1.10748	28.516100	28.337675	0.001	
950.771	28972	2170.49	3293.67	1.10748	28.516100	28.337675	0.001	
951.735	28809	2157.29	3311.98	1.10748	28.516100	28.337675	0.001	
952.698	28626	2186.96	3324.79	1.10748	28.516100	28.337675	0.001	
953.66	28419	2161.26	3343.95	1.10748	28.516100	28.337675	0.001	
954.622	28222	2164.44	3359.6	1.10748	28.516100	28.337675	0.001	
955.584	28048	2164.93	3380.49	1.10748	28.516100	28.337675	0.001	
956.544	27845	2168.61	3397.9	1.10748	28.516100	28.337675	0.001	
957.504	27621	2157.69	3415	1.10748	28.516100	28.337675	0.001	
958.463	27404	2178.73	3428.38	1.10748	28.516100	28.337675	0.001	
959.422	27189	2158.09	3451.58	1.10748	28.516100	28.337675	0.001	
960.38	26965	2164.04	3469.35	1.10748	28.516100	28.337675	0.001	
961.338	26708	2169.8	3486.32	1.10748	28.516100	28.337675	0.001	
962.294	26470	2162.55	3507.06	1.10748	28.516100	28.337675	0.001	
963.25	26257	2152.03	3528.05	1.10748	28.516100	28.337675	0.001	
964.206	26044	2170.29	3548.19	1.10748	28.516100	28.337675	0.001	
965.161	25823	2161.06	3569.59	1.10748	28.516100	28.337675	0.001	
966.115	25612	2165.33	3594.15	1.10748	28.516100	28.337675	0.001	
