452.692	2205	2127.41	-673.837	1.10748	28.516100	28.337675	0.001	
453.787	2256	2159.01	14.3761	1.10748	28.516100	28.337675	0.001	
454.882	2233	2149.2	0.261056	1.10748	28.516100	28.337675	0.001	
455.977	2231	2170.5	-208.131	1.10748	28.516100	28.337675	0.001	
457.072	2228	2135.93	2.59893	1.10748	28.516100	28.337675	0.001	
458.167	2249	2175.65	-62.9264	1.10748	28.516100	28.337675	0.001	
459.263	2228	2150.19	-2.17407	1.10748	28.516100	28.337675	0.001	
460.358	2253	2163.76	3.35409	1.10748	28.516100	28.337675	0.001	
461.453	2243	2155.34	4.28788	1.10748	28.516100	28.337675	0.001	
462.549	2240	2153.86	2.56235	1.10748	28.516100	28.337675	0.001	
463.644	2223	2145.53	-26.6277	1.10748	28.516100	28.337675	0.001	
464.74	2232	2155.54	-1.87759	1.10748	28.516100	28.337675	0.001	
465.835	2240	2156.63	-0.0733851	1.10748	28.516100	28.337675	0.001	
466.931	2250	2159.11	7.00609	1.10748	28.516100	28.337675	0.001	
468.027	2236	2140.28	90.6996	1.10748	28.516100	28.337675	0.001	
469.123	2244	2165.55	-2.77039	1.10748	28.516100	28.337675	0.001	
470.219	2223	2140.68	-0.370419	1.10748	28.516100	28.337675	0.001	
471.315	2244	2152.27	5.66815	1.10748	28.516100	28.337675	0.001	
472.411	2229	2145.53	0.427317	1.10748	28.516100	28.337675	0.001	
473.507	2251	2165.05	1.97311	1.10748	28.516100	28.337675	0.001	
474.603	2235	2144.84	3.03557	1.10748	28.516100	28.337675	0.001	
475.699	2244	2153.96	-41.4643	1.10748	28.516100	28.337675	0.001	
476.795	2245	2156.73	2.70531	1.10748	28.516100	28.337675	0.001	
477.892	2255	2163.27	8.18747	1.10748	28.516100	28.337675	0.001	
478.988	2232	2156.93	-4.37178	1.10748	28.516100	28.337675	0.001	
480.084	2235	2154.85	-2.18032	1.10748	28.516100	28.337675	0.001	
481.181	2233	2158.02	-4.22222	1.10748	28.516100	28.337675	0.001	
482.277	2259	2163.56	25.6148	1.10748	28.516100	28.337675	0.001	
483.374	2235	2147.91	1.35062	1.10748	28.516100	28.337675	0.001	
484.47	2255	2156.73	41.5369	1.10748	28.516100	28.337675	0.001	
485.567	2254	2152.57	8.70819	1.10748	28.516100	28.337675	0.001	
486.663	2240	2168.22	-3.78261	1.10748	28.516100	28.337675	0.001	
487.76	2245	2154.65	5.45911	1.10748	28.516100	28.337675	0.001	
488.857	2246	2167.53	-4.01549	1.10748	28.516100	28.337675	0.001	
489.954	2239	2147.42	3.063	1.10748	28.516100	28.337675	0.001	
491.05	2248	2154.45	3.98756	1.10748	28.516100	28.337675	0.001	
492.147	2241	2148.21	4.05174	1.10748	28.516100	28.337675	0.001	
493.244	2262	2157.52	6.21862	1.10748	28.516100	28.337675	0.001	
494.341	2258	2158.51	4.20532	1.10748	28.516100	28.337675	0.001	
495.438	2256	2171.79	0.0754846	1.10748	28.516100	28.337675	0.001	
496.535	2250	2144.64	6.30633	1.10748	28.516100	28.337675	0.001	
497.632	2256	2156.53	3.70193	1.10748	28.516100	28.337675	0.001	
498.729	2256	2156.63	3.3421	1.10748	28.516100	28.337675	0.001	
499.825	2259	2156.53	3.53311	1.10748	28.516100	28.337675	0.001	
500.922	2271	2154.85	4.73909	1.10748	28.516100	28.337675	0.001	
502.019	2270	2161.09	4.23428	1.10748	28.516100	28.337675	0.001	
503.117	2277	2153.56	5.88361	1.10748	28.516100	28.337675	0.001	
504.214	2266	2149.7	4.66074	1.10748	28.516100	28.337675	0.001	
505.311	2267	2145.04	5.22792	1.10748	28.516100	28.337675	0.001	
506.408	2282	2158.21	5.22304	1.10748	28.516100	28.337675	0.001	
507.505	2287	2160.49	4.86499	1.10748	28.516100	28.337675	0.001	
508.602	2280	2148.51	5.88938	1.10748	28.516100	28.337675	0.001	
509.699	2289	2152.67	5.62003	1.10748	28.516100	28.337675	0.001	
510.796	2289	2151.28	5.73366	1.10748	28.516100	28.337675	0.001	
511.893	2300	2157.13	5.53044	1.10748	28.516100	28.337675	0.001	
512.99	2337	2171.29	7.22213	1.10748	28.516100	28.337675	0.001	
514.087	2314	2149.99	6.76804	1.10748	28.516100	28.337675	0.001	
515.184	2328	2158.81	7.17175	1.10748	28.516100	28.337675	0.001	
516.281	2342	2150.88	7.41352	1.10748	28.516100	28.337675	0.001	
517.378	2352	2160.3	7.9349	1.10748	28.516100	28.337675	0.001	
518.475	2345	2154.45	7.26816	1.10748	28.516100	28.337675	0.001	
519.573	2346	2159.8	7.01909	1.10748	28.516100	28.337675	0.001	
520.67	2362	2150.29	8.10791	1.10748	28.516100	28.337675	0.001	
521.767	2362	2160.79	7.27057	1.10748	28.516100	28.337675	0.001	
522.864	2380	2160.49	8.41955	1.10748	28.516100	28.337675	0.001	
523.961	2414	2167.33	9.71573	1.10748	28.516100	28.337675	0.001	
525.058	2386	2147.81	8.93677	1.10748	28.516100	28.337675	0.001	
526.155	2420	2170.1	9.11588	1.10748	28.516100	28.337675	0.001	
527.252	2413	2150.69	9.28149	1.10748	28.516100	28.337675	0.001	
528.348	2441	2167.43	9.78201	1.10748	28.516100	28.337675	0.001	
529.445	2445	2151.38	10.2844	1.10748	28.516100	28.337675	0.001	
530.542	2448	2143.36	10.583	1.10748	28.516100	28.337675	0.001	
531.639	2480	2150.39	11.3579	1.10748	28.516100	28.337675	0.001	
532.736	2508	2169.41	11.5576	1.10748	28.516100	28.337675	0.001	
533.833	2504	2154.35	11.7158	1.10748	28.516100	28.337675	0.001	
534.929	2513	2161.68	11.348	1.10748	28.516100	28.337675	0.001	
536.026	2520	2135.33	12.5369	1.10748	28.516100	28.337675	0.001	
537.123	2551	2160.2	12.3642	1.10748	28.516100	28.337675	0.001	
538.22	2550	2144.25	12.7223	1.10748	28.516100	28.337675	0.001	
539.316	2596	2161.98	13.4388	1.10748	28.516100	28.337675	0.001	
540.413	2609	2156.53	13.8573	1.10748	28.516100	28.337675	0.001	
541.509	2626	2154.05	14.1011	1.10748	28.516100	28.337675	0.001	
542.606	2638	2140.09	14.6626	1.10748	28.516100	28.337675	0.001	
543.702	2680	2161.09	14.8846	1.10748	28.516100	28.337675	0.001	
544.799	2683	2138.6	15.5211	1.10748	28.516100	28.337675	0.001	
545.895	2736	2157.52	16.264	1.10748	28.516100	28.337675	0.001	
546.991	2744	2149.3	16.4858	1.10748	28.516100	28.337675	0.001	
548.088	2784	2159.8	17.0898	1.10748	28.516100	28.337675	0.001	
549.184	2798	2145.93	17.6327	1.10748	28.516100	28.337675	0.001	
550.28	2825	2147.52	17.9476	1.10748	28.516100	28.337675	0.001	
551.376	2844	2143.85	18.3074	1.10748	28.516100	28.337675	0.001	
552.472	2894	2160.69	18.8281	1.10748	28.516100	28.337675	0.001	
553.568	2911	2151.97	19.1827	1.10748	28.516100	28.337675	0.001	
554.664	2958	2164.26	19.8596	1.10748	28.516100	28.337675	0.001	
555.76	2974	2152.77	20.2711	1.10748	28.516100	28.337675	0.001	
556.856	3027	2162.08	21.154	1.10748	28.516100	28.337675	0.001	
557.952	3042	2149.2	21.6308	1.10748	28.516100	28.337675	0.001	
559.047	3096	2167.33	22.1785	1.10748	28.516100	28.337675	0.001	
560.143	3118	2149.6	22.8979	1.10748	28.516100	28.337675	0.001	
561.239	3141	2135.33	23.6788	1.10748	28.516100	28.337675	0.001	
562.334	3173	2141.77	24.0617	1.10748	28.516100	28.337675	0.001	
563.43	3229	2152.57	24.8177	1.10748	28.516100	28.337675	0.001	
564.525	3261	2155.64	25.1997	1.10748	28.516100	28.337675	0.001	
565.62	3298	2157.62	25.9597	1.10748	28.516100	28.337675	0.001	
566.715	3328	2140.38	26.7768	1.10748	28.516100	28.337675	0.001	
567.811	3381	2165.45	27.3423	1.10748	28.516100	28.337675	0.001	
568.906	3419	2141.18	28.548	1.10748	28.516100	28.337675	0.001	
570.001	3459	2158.21	28.8748	1.10748	28.516100	28.337675	0.001	
571.095	3493	2133.05	30.1745	1.10748	28.516100	28.337675	0.001	
572.19	3542	2153.56	30.7631	1.10748	28.516100	28.337675	0.001	
573.285	3570	2140.78	31.5761	1.10748	28.516100	28.337675	0.001	
574.38	3619	2157.72	32.1454	1.10748	28.516100	28.337675	0.001	
575.474	3661	2136.82	33.5041	1.10748	28.516100	28.337675	0.001	
576.569	3684	2142.86	33.7968	1.10748	28.516100	28.337675	0.001	
577.663	3725	2140.38	34.7357	1.10748	28.516100	28.337675	0.001	
578.757	3775	2145.44	35.7689	1.10748	28.516100	28.337675	0.001	
579.851	3797	2141.77	36.223	1.10748	28.516100	28.337675	0.001	
580.945	3881	2164.95	37.6536	1.10748	28.516100	28.337675	0.001	
582.039	3890	2137.11	38.5058	1.10748	28.516100	28.337675	0.001	
583.133	3946	2147.52	39.6579	1.10748	28.516100	28.337675	0.001	
584.227	3968	2129.49	40.7732	1.10748	28.516100	28.337675	0.001	
585.321	4006	2144.05	41.3252	1.10748	28.516100	28.337675	0.001	
586.414	4036	2140.68	42.2805	1.10748	28.516100	28.337675	0.001	
587.508	4096	2156.04	43.501	1.10748	28.516100	28.337675	0.001	
588.601	4116	2144.74	44.4113	1.10748	28.516100	28.337675	0.001	
589.694	4151	2140.68	45.5091	1.10748	28.516100	28.337675	0.001	
590.787	4196	2140.78	46.9455	1.10748	28.516100	28.337675	0.001	
591.881	4239	2152.96	47.6767	1.10748	28.516100	28.337675	0.001	
592.973	4271	2142.96	48.9127	1.10748	28.516100	28.337675	0.001	
594.066	4302	2144.64	49.8096	1.10748	28.516100	28.337675	0.001	
595.159	4352	2154.05	51.056	1.10748	28.516100	28.337675	0.001	
596.251	4389	2152.17	52.284	1.10748	28.516100	28.337675	0.001	
597.344	4430	2152.47	53.4458	1.10748	28.516100	28.337675	0.001	
598.436	4488	2162.28	54.8695	1.10748	28.516100	28.337675	0.001	
599.528	4511	2147.02	56.084	1.10748	28.516100	28.337675	0.001	
600.621	4579	2151.08	57.6824	1.10748	28.516100	28.337675	0.001	
601.713	4617	2154.35	58.6747	1.10748	28.516100	28.337675	0.001	
602.804	4668	2149.5	60.0843	1.10748	28.516100	28.337675	0.001	
603.896	4707	2146.13	61.4985	1.10748	28.516100	28.337675	0.001	
604.988	4767	2148.7	62.9262	1.10748	28.516100	28.337675	0.001	
606.079	4821	2151.38	64.2918	1.10748	28.516100	28.337675	0.001	
607.17	4873	2157.52	65.4846	1.10748	28.516100	28.337675	0.001	
608.262	4914	2139.49	67.1742	1.10748	28.516100	28.337675	0.001	
609.353	4993	2150.49	68.7004	1.10748	28.516100	28.337675	0.001	
610.443	5060	2149.79	70.3679	1.10748	28.516100	28.337675	0.001	
611.534	5116	2158.31	71.5198	1.10748	28.516100	28.337675	0.001	
612.625	5170	2145.63	73.1397	1.10748	28.516100	28.337675	0.001	
613.715	5248	2152.07	74.8164	1.10748	28.516100	28.337675	0.001	
614.806	5329	2157.62	76.476	1.10748	28.516100	28.337675	0.001	
615.896	5403	2167.72	78.1315	1.10748	28.516100	28.337675	0.001	
616.986	5457	2153.76	79.5843	1.10748	28.516100	28.337675	0.001	
618.076	5542	2156.63	81.6859	1.10748	28.516100	28.337675	0.001	
619.165	5616	2159.8	83.1003	1.10748	28.516100	28.337675	0.001	
620.255	5683	2166.93	84.3996	1.10748	28.516100	28.337675	0.001	
621.344	5772	2149.3	86.6915	1.10748	28.516100	28.337675	0.001	
622.434	5873	2152.87	88.9045	1.10748	28.516100	28.337675	0.001	
623.523	5949	2151.68	90.6012	1.10748	28.516100	28.337675	0.001	
624.612	6038	2156.43	92.5207	1.10748	28.516100	28.337675	0.001	
625.701	6112	2148.7	94.2315	1.10748	28.516100	28.337675	0.001	
626.789	6218	2159.9	96.346	1.10748	28.516100	28.337675	0.001	
627.878	6300	2150.98	98.344	1.10748	28.516100	28.337675	0.001	
628.966	6406	2157.13	100.49	1.10748	28.516100	28.337675	0.001	
630.054	6462	2151.28	102.067	1.10748	28.516100	28.337675	0.001	
631.142	6580	2156.53	104.295	1.10748	28.516100	28.337675	0.001	
632.23	6673	2155.54	106.188	1.10748	28.516100	28.337675	0.001	
633.318	6783	2158.41	108.472	1.10748	28.516100	28.337675	0.001	
634.405	6882	2152.57	110.876	1.10748	28.516100	28.337675	0.001	
635.492	6991	2157.52	113.141	1.10748	28.516100	28.337675	0.001	
636.579	7082	2153.66	115.023	1.10748	28.516100	28.337675	0.001	
637.666	7173	2149.6	117.119	1.10748	28.516100	28.337675	0.001	
638.753	7295	2155.44	119.511	1.10748	28.516100	28.337675	0.001	
639.84	7411	2160.3	121.952	1.10748	28.516100	28.337675	0.001	
640.926	7509	2152.37	124.427	1.10748	28.516100	28.337675	0.001	
642.012	7627	2159.4	126.743	1.10748	28.516100	28.337675	0.001	
643.098	7734	2155.34	128.991	1.10748	28.516100	28.337675	0.001	
644.184	7856	2163.27	131.332	1.10748	28.516100	28.337675	0.001	
645.27	7980	2156.04	134.24	1.10748	28.516100	28.337675	0.001	
646.355	8115	2175.15	136.586	1.10748	28.516100	28.337675	0.001	
647.441	8225	2159.4	139.224	1.10748	28.516100	28.337675	0.001	
648.526	8360	2158.61	141.8	1.10748	28.516100	28.337675	0.001	
649.611	8457	2149.4	144.416	1.10748	28.516100	28.337675	0.001	
650.695	8576	2166.64	146.466	1.10748	28.516100	28.337675	0.001	
651.78	8712	2153.96	149.588	1.10748	28.516100	28.337675	0.001	
652.864	8854	2167.03	152.236	1.10748	28.516100	28.337675	0.001	
653.948	8984	2155.64	155.445	1.10748	28.516100	28.337675	0.001	
655.032	9119	2155.14	158.182	1.10748	28.516100	28.337675	0.001	
656.116	9263	2158.21	160.962	1.10748	28.516100	28.337675	0.001	
657.199	9398	2161.68	163.639	1.10748	28.516100	28.337675	0.001	
658.283	9537	2149.2	166.9	1.10748	28.516100	28.337675	0.001	
659.366	9703	2168.22	169.716	1.10748	28.516100	28.337675	0.001	
660.448	9836	2153.26	172.896	1.10748	28.516100	28.337675	0.001	
661.531	9993	2151.38	175.973	1.10748	28.516100	28.337675	0.001	
662.614	10129	2154.45	178.886	1.10748	28.516100	28.337675	0.001	
663.696	10301	2172.78	181.807	1.10748	28.516100	28.337675	0.001	
664.778	10454	2157.52	185.117	1.10748	28.516100	28.337675	0.001	
665.86	10600	2158.81	188.398	1.10748	28.516100	28.337675	0.001	
666.941	10757	2141.47	191.676	1.10748	28.516100	28.337675	0.001	
668.023	10932	2156.63	195.008	1.10748	28.516100	28.337675	0.001	
669.104	11104	2159.9	198.168	1.10748	28.516100	28.337675	0.001	
670.185	11257	2159.6	201.42	1.10748	28.516100	28.337675	0.001	
671.265	11427	2149.5	204.906	1.10748	28.516100	28.337675	0.001	
672.346	11609	2153.96	208.596	1.10748	28.516100	28.337675	0.001	
673.426	11781	2149.3	212.428	1.10748	28.516100	28.337675	0.001	
674.506	11972	2172.18	215.452	1.10748	28.516100	28.337675	0.001	
675.586	12104	2143.65	218.797	1.10748	28.516100	28.337675	0.001	
676.665	12331	2173.57	222.523	1.10748	28.516100	28.337675	0.001	
677.745	12508	2152.77	226.259	1.10748	28.516100	28.337675	0.001	
678.824	12728	2164.46	230.348	1.10748	28.516100	28.337675	0.001	
679.903	12925	2154.95	234.342	1.10748	28.516100	28.337675	0.001	
680.981	13142	2172.78	238.043	1.10748	28.516100	28.337675	0.001	
682.059	13313	2147.71	241.963	1.10748	28.516100	28.337675	0.001	
683.138	13544	2167.53	245.77	1.10748	28.516100	28.337675	0.001	
684.215	13752	2170.99	249.551	1.10748	28.516100	28.337675	0.001	
685.293	13972	2170.8	253.744	1.10748	28.516100	28.337675	0.001	
686.37	14169	2157.32	257.853	1.10748	28.516100	28.337675	0.001	
687.448	14403	2168.02	261.856	1.10748	28.516100	28.337675	0.001	
688.524	14663	2167.33	266.418	1.10748	28.516100	28.337675	0.001	
689.601	14879	2159.01	270.419	1.10748	28.516100	28.337675	0.001	
690.678	15116	2151.58	274.846	1.10748	28.516100	28.337675	0.001	
691.754	15355	2158.02	278.699	1.10748	28.516100	28.337675	0.001	
692.83	15616	2165.55	283.122	1.10748	28.516100	28.337675	0.001	
693.905	15861	2156.83	287.677	1.10748	28.516100	28.337675	0.001	
694.98	16087	2140.58	291.966	1.10748	28.516100	28.337675	0.001	
696.056	16374	2159.21	296.65	1.10748	28.516100	28.337675	0.001	
697.13	16632	2154.15	300.843	1.10748	28.516100	28.337675	0.001	
698.205	16934	2165.94	306.183	1.10748	28.516100	28.337675	0.001	
699.279	17185	2151.18	310.636	1.10748	28.516100	28.337675	0.001	
700.353	17438	2164.85	314.862	1.10748	28.516100	28.337675	0.001	
701.427	17748	2158.51	319.964	1.10748	28.516100	28.337675	0.001	
702.501	18024	2151.78	324.495	1.10748	28.516100	28.337675	0.001	
703.574	18335	2160.49	329.731	1.10748	28.516100	28.337675	0.001	
704.647	18646	2173.27	334.472	1.10748	28.516100	28.337675	0.001	
705.719	18956	2152.67	339.699	1.10748	28.516100	28.337675	0.001	
706.792	19282	2158.12	344.671	1.10748	28.516100	28.337675	0.001	
707.864	19588	2164.85	349.471	1.10748	28.516100	28.337675	0.001	
708.936	19912	2165.25	354.742	1.10748	28.516100	28.337675	0.001	
710.007	20220	2163.76	359.77	1.10748	28.516100	28.337675	0.001	
711.079	20532	2161.68	365.161	1.10748	28.516100	28.337675	0.001	
712.15	20841	2161.29	370.191	1.10748	28.516100	28.337675	0.001	
713.221	21165	2159.01	375.542	1.10748	28.516100	28.337675	0.001	
714.291	21510	2158.71	380.966	1.10748	28.516100	28.337675	0.001	
715.361	21853	2168.91	386.638	1.10748	28.516100	28.337675	0.001	
716.431	22207	2152.67	392.645	1.10748	28.516100	28.337675	0.001	
717.501	22553	2163.47	398.083	1.10748	28.516100	28.337675	0.001	
718.57	22879	2166.73	403.663	1.10748	28.516100	28.337675	0.001	
719.639	23224	2173.37	408.971	1.10748	28.516100	28.337675	0.001	
720.707	23549	2153.76	415.224	1.10748	28.516100	28.337675	0.001	
721.776	23906	2162.97	420.841	1.10748	28.516100	28.337675	0.001	
722.844	24232	2164.95	426.389	1.10748	28.516100	28.337675	0.001	
723.912	24584	2176.74	432.244	1.10748	28.516100	28.337675	0.001	
724.979	24922	2161.68	438.839	1.10748	28.516100	28.337675	0.001	
726.046	25205	2171.89	443.495	1.10748	28.516100	28.337675	0.001	
727.113	25531	2171.09	449.835	1.10748	28.516100	28.337675	0.001	
728.18	25812	2173.37	456.312	1.10748	28.516100	28.337675	0.001	
729.246	26082	2153.66	462.289	1.10748	28.516100	28.337675	0.001	
730.312	26365	2162.97	469.044	1.10748	28.516100	28.337675	0.001	
731.378	26616	2151.68	475.058	1.10748	28.516100	28.337675	0.001	
732.443	26909	2165.45	482.042	1.10748	28.516100	28.337675	0.001	
733.508	27152	2155.64	488.342	1.10748	28.516100	28.337675	0.001	
734.573	27413	2170.5	494.709	1.10748	28.516100	28.337675	0.001	
735.637	27649	2165.84	501.525	1.10748	28.516100	28.337675	0.001	
736.701	27896	2175.75	508.657	1.10748	28.516100	28.337675	0.001	
737.765	28109	2161.09	515.194	1.10748	28.516100	28.337675	0.001	
738.829	28314	2170.3	521.655	1.10748	28.516100	28.337675	0.001	
739.892	28498	2166.44	528.417	1.10748	28.516100	28.337675	0.001	
740.955	28679	2173.57	534.922	1.10748	28.516100	28.337675	0.001	
742.017	28816	2152.17	541.344	1.10748	28.516100	28.337675	0.001	
743.079	28989	2166.54	548.128	1.10748	28.516100	28.337675	0.001	
744.141	29141	2162.47	555.345	1.10748	28.516100	28.337675	0.001	
745.202	29297	2170.1	562.749	1.10748	28.516100	28.337675	0.001	
746.264	29450	2158.41	570.379	1.10748	28.516100	28.337675	0.001	
747.324	29593	2172.68	577.065	1.10748	28.516100	28.337675	0.001	
748.385	29747	2163.76	584.723	1.10748	28.516100	28.337675	0.001	
749.445	29897	2154.85	593.095	1.10748	28.516100	28.337675	0.001	
750.505	30014	2172.18	599.534	1.10748	28.516100	28.337675	0.001	
751.564	30158	2169.61	607.503	1.10748	28.516100	28.337675	0.001	
752.623	30320	2158.61	615.548	1.10748	28.516100	28.337675	0.001	
753.682	30446	2166.24	623.17	1.10748	28.516100	28.337675	0.001	
754.741	30587	2164.46	630.864	1.10748	28.516100	28.337675	0.001	
755.799	30714	2166.14	638.49	1.10748	28.516100	28.337675	0.001	
756.857	30897	2160	646.498	1.10748	28.516100	28.337675	0.001	
757.914	31052	2164.85	654.547	1.10748	28.516100	28.337675	0.001	
758.971	31181	2170	661.665	1.10748	28.516100	28.337675	0.001	
760.028	31324	2160.2	669.735	1.10748	28.516100	28.337675	0.001	
761.084	31472	2171.79	677.649	1.10748	28.516100	28.337675	0.001	
762.14	31579	2158.61	685.42	1.10748	28.516100	28.337675	0.001	
763.196	31670	2171.19	693.705	1.10748	28.516100	28.337675	0.001	
764.251	31770	2158.02	701.72	1.10748	28.516100	28.337675	0.001	
765.306	31920	2166.44	710.663	1.10748	28.516100	28.337675	0.001	
766.36	32047	2167.43	719.4	1.10748	28.516100	28.337675	0.001	
767.415	32169	2154.65	727.889	1.10748	28.516100	28.337675	0.001	
768.468	32295	2168.81	736.641	1.10748	28.516100	28.337675	0.001	
769.522	32430	2150.29	745.411	1.10748	28.516100	28.337675	0.001	
770.575	32559	2163.76	753.953	1.10748	28.516100	28.337675	0.001	
771.628	32695	2161.38	763.197	1.10748	28.516100	28.337675	0.001	
772.68	32807	2175.85	771.555	1.10748	28.516100	28.337675	0.001	
773.732	32943	2153.66	781.614	1.10748	28.516100	28.337675	0.001	
774.784	33070	2170.2	790.285	1.10748	28.516100	28.337675	0.001	
775.835	33167	2164.16	799.273	1.10748	28.516100	28.337675	0.001	
776.886	33265	2167.72	807.935	1.10748	28.516100	28.337675	0.001	
777.936	33376	2163.86	816.409	1.10748	28.516100	28.337675	0.001	
778.986	33547	2175.25	825.71	1.10748	28.516100	28.337675	0.001	
780.036	33601	2155.14	833.817	1.10748	28.516100	28.337675	0.001	
781.086	33650	2155.14	843.079	1.10748	28.516100	28.337675	0.001	
782.135	33707	2154.85	852.501	1.10748	28.516100	28.337675	0.001	
783.183	33773	2170.8	862.448	1.10748	28.516100	28.337675	0.001	
784.231	33811	2152.96	872.289	1.10748	28.516100	28.337675	0.001	
785.279	33811	2167.13	881.958	1.10748	28.516100	28.337675	0.001	
786.327	33907	2148.11	892.6	1.10748	28.516100	28.337675	0.001	
787.374	33939	2164.46	902.141	1.10748	28.516100	28.337675	0.001	
788.42	33989	2156.53	913.083	1.10748	28.516100	28.337675	0.001	
789.466	34028	2162.67	923.192	1.10748	28.516100	28.337675	0.001	
790.512	34042	2161.78	933.436	1.10748	28.516100	28.337675	0.001	
791.558	34087	2163.17	942.882	1.10748	28.516100	28.337675	0.001	
792.603	34093	2165.45	953.55	1.10748	28.516100	28.337675	0.001	
793.648	34133	2165.55	962.954	1.10748	28.516100	28.337675	0.001	
794.692	34164	2166.34	974.132	1.10748	28.516100	28.337675	0.001	
795.736	34178	2160.3	984.78	1.10748	28.516100	28.337675	0.001	
796.779	34234	2159.3	994.717	1.10748	28.516100	28.337675	0.001	
797.822	34229	2180.31	1005	1.10748	28.516100	28.337675	0.001	
798.865	34218	2163.86	1015.24	1.10748	28.516100	28.337675	0.001	
799.907	34197	2150.19	1025.23	1.10748	28.516100	28.337675	0.001	
800.949	34194	2159.5	1035.72	1.10748	28.516100	28.337675	0.001	
801.99	34161	2164.75	1045.02	1.10748	28.516100	28.337675	0.001	
803.031	34111	2150.88	1055.79	1.10748	28.516100	28.337675	0.001	
804.072	34108	2170.1	1066.72	1.10748	28.516100	28.337675	0.001	
805.112	34089	2159.8	1078.64	1.10748	28.516100	28.337675	0.001	
806.152	34095	2170.4	1089.27	1.10748	28.516100	28.337675	0.001	
807.191	34073	2172.28	1100.61	1.10748	28.516100	28.337675	0.001	
808.23	34059	2163.47	1111.98	1.10748	28.516100	28.337675	0.001	
809.268	34098	2151.38	1125.2	1.10748	28.516100	28.337675	0.001	
810.307	34120	2153.46	1136.82	1.10748	28.516100	28.337675	0.001	
811.344	34139	2155.24	1147.65	1.10748	28.516100	28.337675	0.001	
812.381	34152	2170	1159.1	1.10748	28.516100	28.337675	0.001	
813.418	34187	2159.9	1171.3	1.10748	28.516100	28.337675	0.001	
814.454	34206	2168.62	1183.25	1.10748	28.516100	28.337675	0.001	
815.49	34190	2158.51	1194.55	1.10748	28.516100	28.337675	0.001	
816.526	34225	2163.96	1206.37	1.10748	28.516100	28.337675	0.001	
817.561	34197	2161.09	1217.35	1.10748	28.516100	28.337675	0.001	
818.596	34214	2170.5	1229.16	1.10748	28.516100	28.337675	0.001	
819.63	34216	2160.79	1241.26	1.10748	28.516100	28.337675	0.001	
820.664	34263	2173.27	1252.49	1.10748	28.516100	28.337675	0.001	
821.697	34220	2168.32	1263.44	1.10748	28.516100	28.337675	0.001	
822.73	34244	2176.74	1275.54	1.10748	28.516100	28.337675	0.001	
823.762	34205	2173.07	1286.43	1.10748	28.516100	28.337675	0.001	
824.794	34208	2172.28	1299.45	1.10748	28.516100	28.337675	0.001	
825.826	34193	2163.27	1311.83	1.10748	28.516100	28.337675	0.001	
826.857	34160	2177.73	1324.91	1.10748	28.516100	28.337675	0.001	
827.887	34169	2163.27	1336.77	1.10748	28.516100	28.337675	0.001	
828.918	34182	2175.95	1349.66	1.10748	28.516100	28.337675	0.001	
829.947	34168	2164.36	1363.15	1.10748	28.516100	28.337675	0.001	
830.977	34240	2165.64	1377.87	1.10748	28.516100	28.337675	0.001	
832.005	34220	2165.45	1388.89	1.10748	28.516100	28.337675	0.001	
833.034	34275	2166.93	1403.27	1.10748	28.516100	28.337675	0.001	
834.062	34243	2171.59	1415.52	1.10748	28.516100	28.337675	0.001	
835.089	34273	2160.69	1430.08	1.10748	28.516100	28.337675	0.001	
836.116	34314	2163.37	1442.42	1.10748	28.516100	28.337675	0.001	
837.143	34355	2168.81	1454.12	1.10748	28.516100	28.337675	0.001	
838.169	34415	2170.4	1467.27	1.10748	28.516100	28.337675	0.001	
839.194	34474	2163.66	1480.94	1.10748	28.516100	28.337675	0.001	
840.22	34502	2156.43	1494.9	1.10748	28.516100	28.337675	0.001	
841.244	34587	2163.66	1508.46	1.10748	28.516100	28.337675	0.001	
842.268	34597	2160	1521.27	1.10748	28.516100	28.337675	0.001	
843.292	34647	2175.55	1532.9	1.10748	28.516100	28.337675	0.001	
844.315	34714	2160.99	1548.37	1.10748	28.516100	28.337675	0.001	
845.338	34732	2173.87	1560	1.10748	28.516100	28.337675	0.001	
846.36	34751	2158.31	1574.88	1.10748	28.516100	28.337675	0.001	
847.382	34768	2161.58	1586.41	1.10748	28.516100	28.337675	0.001	
848.404	34757	2166.73	1599.9	1.10748	28.516100	28.337675	0.001	
849.425	34820	2170.89	1614.79	1.10748	28.516100	28.337675	0.001	
850.445	34825	2164.85	1628.98	1.10748	28.516100	28.337675	0.001	
851.465	34878	2176.74	1643.26	1.10748	28.516100	28.337675	0.001	
852.484	34916	2160.79	1657.54	1.10748	28.516100	28.337675	0.001	
853.503	34979	2156.63	1673.79	1.10748	28.516100	28.337675	0.001	
854.522	35026	2153.36	1687.16	1.10748	28.516100	28.337675	0.001	
855.54	35120	2171.69	1703.17	1.10748	28.516100	28.337675	0.001	
856.557	35165	2171.39	1716.61	1.10748	28.516100	28.337675	0.001	
857.574	35269	2164.65	1732.52	1.10748	28.516100	28.337675	0.001	
858.591	35329	2160.39	1745.76	1.10748	28.516100	28.337675	0.001	
859.607	35375	2161.19	1759.58	1.10748	28.516100	28.337675	0.001	
860.622	35441	2167.92	1773.83	1.10748	28.516100	28.337675	0.001	
861.637	35522	2159.9	1789.16	1.10748	28.516100	28.337675	0.001	
862.652	35581	2160.39	1805.09	1.10748	28.516100	28.337675	0.001	
863.666	35679	2164.16	1819.26	1.10748	28.516100	28.337675	0.001	
864.679	35690	2151.87	1832.96	1.10748	28.516100	28.337675	0.001	
865.692	35771	2159.8	1847.96	1.10748	28.516100	28.337675	0.001	
866.705	35782	2147.81	1861.9	1.10748	28.516100	28.337675	0.001	
867.717	35809	2153.46	1876.21	1.10748	28.516100	28.337675	0.001	
868.728	35840	2159.11	1891.96	1.10748	28.516100	28.337675	0.001	
869.739	35855	2152.27	1906.27	1.10748	28.516100	28.337675	0.001	
870.75	35894	2171.39	1920.82	1.10748	28.516100	28.337675	0.001	
871.76	35895	2153.46	1935.43	1.10748	28.516100	28.337675	0.001	
872.769	35932	2151.87	1951.02	1.10748	28.516100	28.337675	0.001	
873.778	35945	2154.95	1967.22	1.10748	28.516100	28.337675	0.001	
874.786	35937	2155.24	1980.87	1.10748	28.516100	28.337675	0.001	
875.794	35992	2164.26	1997.75	1.10748	28.516100	28.337675	0.001	
876.802	36009	2179.51	2014.06	1.10748	28.516100	28.337675	0.001	
877.809	36003	2167.03	2030.4	1.10748	28.516100	28.337675	0.001	
878.815	36022	2172.88	2045.87	1.10748	28.516100	28.337675	0.001	
879.821	36021	2160.2	2063.35	1.10748	28.516100	28.337675	0.001	
880.826	36082	2171.19	2079.23	1.10748	28.516100	28.337675	0.001	
881.831	36083	2170.6	2095.1	1.10748	28.516100	28.337675	0.001	
882.835	36083	2163.96	2111.14	1.10748	28.516100	28.337675	0.001	
883.839	36051	2162.28	2126.2	1.10748	28.516100	28.337675	0.001	
884.842	36081	2158.41	2143.02	1.10748	28.516100	28.337675	0.001	
885.844	36099	2163.86	2157.52	1.10748	28.516100	28.337675	0.001	
886.847	36130	2166.04	2174.79	1.10748	28.516100	28.337675	0.001	
887.848	36096	2162.67	2191.08	1.10748	28.516100	28.337675	0.001	
888.849	36051	2157.92	2207.65	1.10748	28.516100	28.337675	0.001	
889.85	36001	2161.38	2223.46	1.10748	28.516100	28.337675	0.001	
890.85	35932	2153.46	2240.21	1.10748	28.516100	28.337675	0.001	
891.849	35882	2153.06	2256.99	1.10748	28.516100	28.337675	0.001	
892.848	35858	2161.19	2272.34	1.10748	28.516100	28.337675	0.001	
893.846	35852	2164.06	2286.67	1.10748	28.516100	28.337675	0.001	
894.844	35819	2146.72	2302.99	1.10748	28.516100	28.337675	0.001	
895.841	35787	2161.58	2318.75	1.10748	28.516100	28.337675	0.001	
896.838	35743	2152.96	2334.75	1.10748	28.516100	28.337675	0.001	
897.834	35704	2156.63	2350.7	1.10748	28.516100	28.337675	0.001	
898.83	35602	2141.08	2366.27	1.10748	28.516100	28.337675	0.001	
899.825	35554	2164.16	2382.96	1.10748	28.516100	28.337675	0.001	
900.819	35468	2143.36	2398.25	1.10748	28.516100	28.337675	0.001	
901.813	35450	2159.7	2414.87	1.10748	28.516100	28.337675	0.001	
902.807	35394	2164.95	2434.17	1.10748	28.516100	28.337675	0.001	
903.799	35353	2161.48	2451.24	1.10748	28.516100	28.337675	0.001	
904.792	35260	2157.22	2469.58	1.10748	28.516100	28.337675	0.001	
905.783	35222	2166.64	2485.94	1.10748	28.516100	28.337675	0.001	
906.775	35194	2159.9	2506.37	1.10748	28.516100	28.337675	0.001	
907.765	35154	2177.24	2523.6	1.10748	28.516100	28.337675	0.001	
908.755	35095	2164.55	2540.3	1.10748	28.516100	28.337675	0.001	
909.745	35070	2168.62	2559.05	1.10748	28.516100	28.337675	0.001	
910.733	35032	2152.57	2577.68	1.10748	28.516100	28.337675	0.001	
911.722	34978	2165.64	2594.27	1.10748	28.516100	28.337675	0.001	
912.71	34908	2161.48	2610.02	1.10748	28.516100	28.337675	0.001	
913.697	34908	2168.32	2629.8	1.10748	28.516100	28.337675	0.001	
914.683	34847	2156.23	2644.64	1.10748	28.516100	28.337675	0.001	
915.669	34766	2147.32	2661.67	1.10748	28.516100	28.337675	0.001	
916.655	34681	2160.39	2678.53	1.10748	28.516100	28.337675	0.001	
917.64	34607	2161.38	2695.14	1.10748	28.516100	28.337675	0.001	
918.624	34520	2153.46	2713.76	1.10748	28.516100	28.337675	0.001	
919.608	34399	2160.2	2728.42	1.10748	28.516100	28.337675	0.001	
920.591	34270	2156.33	2745.13	1.10748	28.516100	28.337675	0.001	
921.573	34159	2172.98	2762.54	1.10748	28.516100	28.337675	0.001	
922.555	34067	2145.14	2781.56	1.10748	28.516100	28.337675	0.001	
923.537	33905	2152.27	2797.89	1.10748	28.516100	28.337675	0.001	
924.517	33758	2164.95	2813.82	1.10748	28.516100	28.337675	0.001	
925.498	33600	2157.82	2831.1	1.10748	28.516100	28.337675	0.001	
926.477	33452	2166.04	2845.5	1.10748	28.516100	28.337675	0.001	
927.456	33323	2153.46	2867.63	1.10748	28.516100	28.337675	0.001	
928.435	33133	2167.53	2879.57	1.10748	28.516100	28.337675	0.001	
929.412	33008	2157.62	2902	1.10748	28.516100	28.337675	0.001	
930.39	32834	2165.84	2919.44	1.10748	28.516100	28.337675	0.001	
931.366	32703	2164.46	2938.65	1.10748	28.516100	28.337675	0.001	
932.342	32512	2155.74	2957.39	1.10748	28.516100	28.337675	0.001	
933.318	32385	2164.65	2979.03	1.10748	28.516100	28.337675	0.001	
934.293	32242	2163.86	2999.46	1.10748	28.516100	28.337675	0.001	
935.267	32032	2159.7	3017.21	1.10748	28.516100	28.337675	0.001	
936.24	31875	2141.57	3041.19	1.10748	28.516100	28.337675	0.001	
937.213	31683	2170.2	3056.93	1.10748	28.516100	28.337675	0.001	
938.186	31450	2155.44	3074.14	1.10748	28.516100	28.337675	0.001	
939.158	31288	2177.24	3090.32	1.10748	28.516100	28.337675	0.001	
940.129	31059	2154.65	3108.44	1.10748	28.516100	28.337675	0.001	
941.099	30873	2166.64	3127.33	1.10748	28.516100	28.337675	0.001	
942.069	30649	2163.17	3145.11	1.10748	28.516100	28.337675	0.001	
943.039	30490	2159.9	3168.02	1.10748	28.516100	28.337675	0.001	
944.007	30284	2146.62	3184.85	1.10748	28.516100	28.337675	0.001	
944.975	30104	2175.85	3199.24	1.10748	28.516100	28.337675	0.001	
945.943	29908	2170.7	3215.64	1.10748	28.516100	28.337675	0.001	
946.91	29759	2165.64	3235.64	1.10748	28.516100	28.337675	0.001	
947.876	29561	2149.5	3252.6	1.10748	28.516100	28.337675	0.001	
948.842	29427	2160.49	3272.58	1.10748	28.516100	28.337675	0.001	
949.807	29240	2166.83	3288.49	1.10748	28.516100	28.337675	0.001	
950.771	29085	2166.93	3308.37	1.10748	28.516100	28.337675	0.001	
951.735	28897	2153.76	3323.65	1.10748	28.516100	28.337675	0.001	
952.698	28744	2183.38	3340.47	1.10748	28.516100	28.337675	0.001	
953.66	28508	2157.72	3356.04	1.10748	28.516100	28.337675	0.001	
954.622	28337	2160.89	3375.27	1.10748	28.516100	28.337675	0.001	
955.584	28128	2161.38	3391.67	1.10748	28.516100	28.337675	0.001	
956.544	27940	2165.05	3411.27	1.10748	28.516100	28.337675	0.001	
957.504	27716	2154.15	3428.54	1.10748	28.516100	28.337675	0.001	
958.463	27517	2175.15	3444.62	1.10748	28.516100	28.337675	0.001	
959.422	27254	2154.55	3461.27	1.10748	28.516100	28.337675	0.001	
960.38	27045	2160.49	3481.33	1.10748	28.516100	28.337675	0.001	
961.338	26803	2166.24	3500.66	1.10748	28.516100	28.337675	0.001	
962.294	26576	2159.01	3523.24	1.10748	28.516100	28.337675	0.001	
963.25	26350	2148.51	3542.52	1.10748	28.516100	28.337675	0.001	
964.206	26123	2166.73	3560.75	1.10748	28.516100	28.337675	0.001	
965.161	25918	2157.52	3584.81	1.10748	28.516100	28.337675	0.001	
966.115	25689	2161.78	3606.79	1.10748	28.516100	28.337675	0.001	
