452.692	2220	2131.91	800.736	1.10748	28.516100	28.337675	0.001	
453.787	2251	2163.58	4.00205	1.10748	28.516100	28.337675	0.001	
454.882	2243	2153.76	2.2934	1.10748	28.516100	28.337675	0.001	
455.977	2247	2175.1	-108.312	1.10748	28.516100	28.337675	0.001	
457.072	2235	2140.45	3.23303	1.10748	28.516100	28.337675	0.001	
458.167	2246	2180.26	-108.46	1.10748	28.516100	28.337675	0.001	
459.263	2228	2154.75	-4.0949	1.10748	28.516100	28.337675	0.001	
460.358	2263	2168.35	6.50935	1.10748	28.516100	28.337675	0.001	
461.453	2238	2159.91	-5.40597	1.10748	28.516100	28.337675	0.001	
462.549	2245	2158.42	2.80099	1.10748	28.516100	28.337675	0.001	
463.644	2226	2150.08	-34.9074	1.10748	28.516100	28.337675	0.001	
464.74	2247	2160.11	0.915546	1.10748	28.516100	28.337675	0.001	
465.835	2239	2161.2	-14.8764	1.10748	28.516100	28.337675	0.001	
466.931	2256	2163.68	8.19279	1.10748	28.516100	28.337675	0.001	
468.027	2234	2144.82	43.6486	1.10748	28.516100	28.337675	0.001	
469.123	2251	2170.14	-1.59423	1.10748	28.516100	28.337675	0.001	
470.219	2245	2145.22	12.8165	1.10748	28.516100	28.337675	0.001	
471.315	2264	2156.83	15.8597	1.10748	28.516100	28.337675	0.001	
472.411	2235	2150.08	1.57194	1.10748	28.516100	28.337675	0.001	
473.507	2272	2169.64	16.2907	1.10748	28.516100	28.337675	0.001	
474.603	2233	2149.39	0.203897	1.10748	28.516100	28.337675	0.001	
475.699	2257	2158.52	-92.27	1.10748	28.516100	28.337675	0.001	
476.795	2249	2161.3	2.29372	1.10748	28.516100	28.337675	0.001	
477.892	2251	2167.85	-0.675866	1.10748	28.516100	28.337675	0.001	
478.988	2254	2161.5	4.67882	1.10748	28.516100	28.337675	0.001	
480.084	2238	2159.41	-3.37151	1.10748	28.516100	28.337675	0.001	
481.181	2253	2162.59	3.38591	1.10748	28.516100	28.337675	0.001	
482.277	2252	2168.15	0.0508097	1.10748	28.516100	28.337675	0.001	
483.374	2240	2152.46	1.44429	1.10748	28.516100	28.337675	0.001	
484.47	2272	2161.3	75.7854	1.10748	28.516100	28.337675	0.001	
485.567	2247	2157.13	3.08998	1.10748	28.516100	28.337675	0.001	
486.663	2245	2172.82	-3.70925	1.10748	28.516100	28.337675	0.001	
487.76	2254	2159.22	8.77183	1.10748	28.516100	28.337675	0.001	
488.857	2257	2172.12	0.681784	1.10748	28.516100	28.337675	0.001	
489.954	2232	2151.97	-1.14709	1.10748	28.516100	28.337675	0.001	
491.05	2245	2159.02	0.972687	1.10748	28.516100	28.337675	0.001	
492.147	2252	2152.76	6.67254	1.10748	28.516100	28.337675	0.001	
493.244	2276	2162.09	8.95396	1.10748	28.516100	28.337675	0.001	
494.341	2256	2163.09	2.43475	1.10748	28.516100	28.337675	0.001	
495.438	2246	2176.39	-4.35538	1.10748	28.516100	28.337675	0.001	
496.535	2245	2149.19	3.57184	1.10748	28.516100	28.337675	0.001	
497.632	2247	2161.1	0.537493	1.10748	28.516100	28.337675	0.001	
498.729	2251	2161.2	1.30381	1.10748	28.516100	28.337675	0.001	
499.825	2243	2161.1	-0.3086	1.10748	28.516100	28.337675	0.001	
500.922	2259	2159.41	2.32241	1.10748	28.516100	28.337675	0.001	
502.019	2275	2165.67	4.27602	1.10748	28.516100	28.337675	0.001	
503.117	2272	2158.12	4.4574	1.10748	28.516100	28.337675	0.001	
504.214	2263	2154.25	3.575	1.10748	28.516100	28.337675	0.001	
505.311	2252	2149.59	2.58457	1.10748	28.516100	28.337675	0.001	
506.408	2259	2162.79	1.62971	1.10748	28.516100	28.337675	0.001	
507.505	2274	2165.07	2.85517	1.10748	28.516100	28.337675	0.001	
508.602	2269	2153.06	3.97604	1.10748	28.516100	28.337675	0.001	
509.699	2275	2157.23	3.63674	1.10748	28.516100	28.337675	0.001	
510.796	2285	2155.84	4.81567	1.10748	28.516100	28.337675	0.001	
511.893	2276	2161.7	2.85698	1.10748	28.516100	28.337675	0.001	
512.99	2308	2175.89	4.23894	1.10748	28.516100	28.337675	0.001	
514.087	2287	2154.55	4.11229	1.10748	28.516100	28.337675	0.001	
515.184	2302	2163.38	4.59907	1.10748	28.516100	28.337675	0.001	
516.281	2307	2155.44	4.68453	1.10748	28.516100	28.337675	0.001	
517.378	2311	2164.87	4.5788	1.10748	28.516100	28.337675	0.001	
518.475	2310	2159.02	4.57472	1.10748	28.516100	28.337675	0.001	
519.573	2322	2164.38	5.05391	1.10748	28.516100	28.337675	0.001	
520.67	2311	2154.85	4.59281	1.10748	28.516100	28.337675	0.001	
521.767	2325	2165.37	4.69047	1.10748	28.516100	28.337675	0.001	
522.864	2328	2165.07	4.90513	1.10748	28.516100	28.337675	0.001	
523.961	2349	2171.92	5.55383	1.10748	28.516100	28.337675	0.001	
525.058	2329	2152.37	5.38048	1.10748	28.516100	28.337675	0.001	
526.155	2352	2174.7	5.11931	1.10748	28.516100	28.337675	0.001	
527.252	2361	2155.24	6.34197	1.10748	28.516100	28.337675	0.001	
528.348	2386	2172.02	6.70101	1.10748	28.516100	28.337675	0.001	
529.445	2375	2155.94	6.63143	1.10748	28.516100	28.337675	0.001	
530.542	2378	2147.9	7.01668	1.10748	28.516100	28.337675	0.001	
531.639	2385	2154.95	6.76109	1.10748	28.516100	28.337675	0.001	
532.736	2425	2174.01	7.57449	1.10748	28.516100	28.337675	0.001	
533.833	2398	2158.92	6.84384	1.10748	28.516100	28.337675	0.001	
534.929	2417	2166.26	7.07679	1.10748	28.516100	28.337675	0.001	
536.026	2419	2139.86	8.14921	1.10748	28.516100	28.337675	0.001	
537.123	2443	2164.77	7.82639	1.10748	28.516100	28.337675	0.001	
538.22	2451	2148.79	8.63391	1.10748	28.516100	28.337675	0.001	
539.316	2475	2166.56	8.61494	1.10748	28.516100	28.337675	0.001	
540.413	2486	2161.1	9.05979	1.10748	28.516100	28.337675	0.001	
541.509	2493	2158.62	9.10219	1.10748	28.516100	28.337675	0.001	
542.606	2495	2144.62	9.44401	1.10748	28.516100	28.337675	0.001	
543.702	2523	2165.67	9.35253	1.10748	28.516100	28.337675	0.001	
544.799	2528	2143.13	10.1501	1.10748	28.516100	28.337675	0.001	
545.895	2572	2162.09	10.718	1.10748	28.516100	28.337675	0.001	
546.991	2562	2153.85	10.466	1.10748	28.516100	28.337675	0.001	
548.088	2599	2164.38	11.0896	1.10748	28.516100	28.337675	0.001	
549.184	2596	2150.48	11.2246	1.10748	28.516100	28.337675	0.001	
550.28	2616	2152.07	11.4915	1.10748	28.516100	28.337675	0.001	
551.376	2637	2148.39	12.0245	1.10748	28.516100	28.337675	0.001	
552.472	2668	2165.27	12.1379	1.10748	28.516100	28.337675	0.001	
553.568	2667	2156.53	12.1184	1.10748	28.516100	28.337675	0.001	
554.664	2708	2168.84	12.7299	1.10748	28.516100	28.337675	0.001	
555.76	2725	2157.33	13.2968	1.10748	28.516100	28.337675	0.001	
556.856	2771	2166.66	14.0891	1.10748	28.516100	28.337675	0.001	
557.952	2768	2153.76	14.1791	1.10748	28.516100	28.337675	0.001	
559.047	2821	2171.92	14.8286	1.10748	28.516100	28.337675	0.001	
560.143	2820	2154.15	15.0612	1.10748	28.516100	28.337675	0.001	
561.239	2839	2139.86	15.8045	1.10748	28.516100	28.337675	0.001	
562.334	2854	2146.31	15.8414	1.10748	28.516100	28.337675	0.001	
563.43	2899	2157.13	16.4454	1.10748	28.516100	28.337675	0.001	
564.525	2911	2160.21	16.4443	1.10748	28.516100	28.337675	0.001	
565.62	2948	2162.19	17.2378	1.10748	28.516100	28.337675	0.001	
566.715	2961	2144.92	17.7583	1.10748	28.516100	28.337675	0.001	
567.811	3006	2170.04	18.1579	1.10748	28.516100	28.337675	0.001	
568.906	3039	2145.71	19.3464	1.10748	28.516100	28.337675	0.001	
570.001	3058	2162.79	19.2389	1.10748	28.516100	28.337675	0.001	
571.095	3069	2137.57	20.0354	1.10748	28.516100	28.337675	0.001	
572.19	3113	2158.12	20.5265	1.10748	28.516100	28.337675	0.001	
573.285	3131	2145.32	21.1562	1.10748	28.516100	28.337675	0.001	
574.38	3166	2162.29	21.4514	1.10748	28.516100	28.337675	0.001	
575.474	3187	2141.35	22.3621	1.10748	28.516100	28.337675	0.001	
576.569	3212	2147.4	22.7322	1.10748	28.516100	28.337675	0.001	
577.663	3234	2144.92	23.2533	1.10748	28.516100	28.337675	0.001	
578.757	3270	2149.98	23.9621	1.10748	28.516100	28.337675	0.001	
579.851	3297	2146.31	24.5775	1.10748	28.516100	28.337675	0.001	
580.945	3348	2169.54	25.2289	1.10748	28.516100	28.337675	0.001	
582.039	3351	2141.64	25.9503	1.10748	28.516100	28.337675	0.001	
583.133	3391	2152.07	26.6961	1.10748	28.516100	28.337675	0.001	
584.227	3400	2134	27.4538	1.10748	28.516100	28.337675	0.001	
585.321	3438	2148.59	27.9982	1.10748	28.516100	28.337675	0.001	
586.414	3462	2145.22	28.7569	1.10748	28.516100	28.337675	0.001	
587.508	3496	2160.6	29.3061	1.10748	28.516100	28.337675	0.001	
588.601	3495	2149.29	29.6684	1.10748	28.516100	28.337675	0.001	
589.694	3535	2145.22	30.8269	1.10748	28.516100	28.337675	0.001	
590.787	3565	2145.32	31.7865	1.10748	28.516100	28.337675	0.001	
591.881	3592	2157.53	32.1327	1.10748	28.516100	28.337675	0.001	
592.973	3624	2147.5	33.2961	1.10748	28.516100	28.337675	0.001	
594.066	3639	2149.19	33.7457	1.10748	28.516100	28.337675	0.001	
595.159	3683	2158.62	34.7575	1.10748	28.516100	28.337675	0.001	
596.251	3714	2156.73	35.7492	1.10748	28.516100	28.337675	0.001	
597.344	3742	2157.03	36.5395	1.10748	28.516100	28.337675	0.001	
598.436	3784	2166.86	37.4901	1.10748	28.516100	28.337675	0.001	
599.528	3790	2151.57	38.2039	1.10748	28.516100	28.337675	0.001	
600.621	3831	2155.64	39.1272	1.10748	28.516100	28.337675	0.001	
601.713	3866	2158.92	40.0003	1.10748	28.516100	28.337675	0.001	
602.804	3891	2154.05	40.7586	1.10748	28.516100	28.337675	0.001	
603.896	3922	2150.68	41.8582	1.10748	28.516100	28.337675	0.001	
604.988	3973	2153.26	43.0602	1.10748	28.516100	28.337675	0.001	
606.079	3996	2155.94	43.6247	1.10748	28.516100	28.337675	0.001	
607.17	4048	2162.09	44.7987	1.10748	28.516100	28.337675	0.001	
608.262	4074	2144.03	46.0507	1.10748	28.516100	28.337675	0.001	
609.353	4139	2155.05	47.2768	1.10748	28.516100	28.337675	0.001	
610.443	4168	2154.35	48.0027	1.10748	28.516100	28.337675	0.001	
611.534	4219	2162.89	49.0368	1.10748	28.516100	28.337675	0.001	
612.625	4248	2150.18	50.0503	1.10748	28.516100	28.337675	0.001	
613.715	4293	2156.63	50.9363	1.10748	28.516100	28.337675	0.001	
614.806	4358	2162.19	52.2647	1.10748	28.516100	28.337675	0.001	
615.896	4425	2172.32	53.7214	1.10748	28.516100	28.337675	0.001	
616.986	4461	2158.32	54.8045	1.10748	28.516100	28.337675	0.001	
618.076	4521	2161.2	56.2652	1.10748	28.516100	28.337675	0.001	
619.165	4571	2164.38	57.1905	1.10748	28.516100	28.337675	0.001	
620.255	4627	2171.53	58.2718	1.10748	28.516100	28.337675	0.001	
621.344	4686	2153.85	59.9338	1.10748	28.516100	28.337675	0.001	
622.434	4752	2157.43	61.3431	1.10748	28.516100	28.337675	0.001	
623.523	4812	2156.24	62.7089	1.10748	28.516100	28.337675	0.001	
624.612	4873	2161	63.9869	1.10748	28.516100	28.337675	0.001	
625.701	4929	2153.26	65.3488	1.10748	28.516100	28.337675	0.001	
626.789	5005	2164.48	66.7911	1.10748	28.516100	28.337675	0.001	
627.878	5054	2155.54	68.0566	1.10748	28.516100	28.337675	0.001	
628.966	5125	2161.7	69.4399	1.10748	28.516100	28.337675	0.001	
630.054	5183	2155.84	71.043	1.10748	28.516100	28.337675	0.001	
631.142	5259	2161.1	72.4089	1.10748	28.516100	28.337675	0.001	
632.23	5339	2160.11	74.1034	1.10748	28.516100	28.337675	0.001	
633.318	5412	2162.99	75.589	1.10748	28.516100	28.337675	0.001	
634.405	5475	2157.13	77.1679	1.10748	28.516100	28.337675	0.001	
635.492	5554	2162.09	78.785	1.10748	28.516100	28.337675	0.001	
636.579	5627	2158.22	80.3561	1.10748	28.516100	28.337675	0.001	
637.666	5691	2154.15	81.8629	1.10748	28.516100	28.337675	0.001	
638.753	5774	2160.01	83.4417	1.10748	28.516100	28.337675	0.001	
639.84	5863	2164.87	85.303	1.10748	28.516100	28.337675	0.001	
640.926	5910	2156.93	86.5865	1.10748	28.516100	28.337675	0.001	
642.012	6007	2163.98	88.4999	1.10748	28.516100	28.337675	0.001	
643.098	6085	2159.91	90.1794	1.10748	28.516100	28.337675	0.001	
644.184	6187	2167.85	92.1526	1.10748	28.516100	28.337675	0.001	
645.27	6265	2160.6	94.0373	1.10748	28.516100	28.337675	0.001	
646.355	6364	2179.76	95.6475	1.10748	28.516100	28.337675	0.001	
647.441	6441	2163.98	97.6105	1.10748	28.516100	28.337675	0.001	
648.526	6524	2163.19	99.1542	1.10748	28.516100	28.337675	0.001	
649.611	6614	2153.95	101.566	1.10748	28.516100	28.337675	0.001	
650.695	6695	2171.23	102.823	1.10748	28.516100	28.337675	0.001	
651.78	6797	2158.52	105.256	1.10748	28.516100	28.337675	0.001	
652.864	6894	2171.62	106.96	1.10748	28.516100	28.337675	0.001	
653.948	6999	2160.21	109.609	1.10748	28.516100	28.337675	0.001	
655.032	7089	2159.71	111.421	1.10748	28.516100	28.337675	0.001	
656.116	7194	2162.79	113.437	1.10748	28.516100	28.337675	0.001	
657.199	7293	2166.26	115.385	1.10748	28.516100	28.337675	0.001	
658.283	7388	2153.76	117.699	1.10748	28.516100	28.337675	0.001	
659.366	7507	2172.82	119.59	1.10748	28.516100	28.337675	0.001	
660.448	7607	2157.83	122.072	1.10748	28.516100	28.337675	0.001	
661.531	7704	2155.94	123.937	1.10748	28.516100	28.337675	0.001	
662.614	7827	2159.02	126.576	1.10748	28.516100	28.337675	0.001	
663.696	7928	2177.38	128.038	1.10748	28.516100	28.337675	0.001	
664.778	8059	2162.09	130.989	1.10748	28.516100	28.337675	0.001	
665.86	8153	2163.38	133.081	1.10748	28.516100	28.337675	0.001	
666.941	8274	2146.01	135.73	1.10748	28.516100	28.337675	0.001	
668.023	8403	2161.2	138.085	1.10748	28.516100	28.337675	0.001	
669.104	8534	2164.48	140.49	1.10748	28.516100	28.337675	0.001	
670.185	8652	2164.18	142.996	1.10748	28.516100	28.337675	0.001	
671.265	8769	2154.05	145.439	1.10748	28.516100	28.337675	0.001	
672.346	8897	2158.52	147.983	1.10748	28.516100	28.337675	0.001	
673.426	9015	2153.85	150.624	1.10748	28.516100	28.337675	0.001	
674.506	9155	2176.79	152.694	1.10748	28.516100	28.337675	0.001	
675.586	9267	2148.2	155.649	1.10748	28.516100	28.337675	0.001	
676.665	9426	2178.18	158.019	1.10748	28.516100	28.337675	0.001	
677.745	9548	2157.33	160.708	1.10748	28.516100	28.337675	0.001	
678.824	9718	2169.04	163.809	1.10748	28.516100	28.337675	0.001	
679.903	9859	2159.51	166.707	1.10748	28.516100	28.337675	0.001	
680.981	10019	2177.38	169.319	1.10748	28.516100	28.337675	0.001	
682.059	10121	2152.27	171.821	1.10748	28.516100	28.337675	0.001	
683.138	10314	2172.12	174.996	1.10748	28.516100	28.337675	0.001	
684.215	10471	2175.6	177.832	1.10748	28.516100	28.337675	0.001	
685.293	10650	2175.4	181.277	1.10748	28.516100	28.337675	0.001	
686.37	10789	2161.9	184.237	1.10748	28.516100	28.337675	0.001	
687.448	10966	2172.62	187.212	1.10748	28.516100	28.337675	0.001	
688.524	11136	2171.92	190.106	1.10748	28.516100	28.337675	0.001	
689.601	11303	2163.58	193.266	1.10748	28.516100	28.337675	0.001	
690.678	11479	2156.14	196.591	1.10748	28.516100	28.337675	0.001	
691.754	11669	2162.59	199.687	1.10748	28.516100	28.337675	0.001	
692.83	11843	2170.14	202.505	1.10748	28.516100	28.337675	0.001	
693.905	12038	2161.4	206.211	1.10748	28.516100	28.337675	0.001	
694.98	12212	2145.12	209.617	1.10748	28.516100	28.337675	0.001	
696.056	12407	2163.78	212.604	1.10748	28.516100	28.337675	0.001	
697.13	12593	2158.72	215.638	1.10748	28.516100	28.337675	0.001	
698.205	12807	2170.53	219.313	1.10748	28.516100	28.337675	0.001	
699.279	13012	2155.74	223.095	1.10748	28.516100	28.337675	0.001	
700.353	13221	2169.44	226.592	1.10748	28.516100	28.337675	0.001	
701.427	13419	2163.09	229.751	1.10748	28.516100	28.337675	0.001	
702.501	13652	2156.34	233.738	1.10748	28.516100	28.337675	0.001	
703.574	13877	2165.07	237.447	1.10748	28.516100	28.337675	0.001	
704.647	14135	2177.88	241.453	1.10748	28.516100	28.337675	0.001	
705.719	14321	2157.23	244.542	1.10748	28.516100	28.337675	0.001	
706.792	14579	2162.69	248.529	1.10748	28.516100	28.337675	0.001	
707.864	14814	2169.44	252.207	1.10748	28.516100	28.337675	0.001	
708.936	15054	2169.84	256.096	1.10748	28.516100	28.337675	0.001	
710.007	15281	2168.35	259.79	1.10748	28.516100	28.337675	0.001	
711.079	15504	2166.26	263.609	1.10748	28.516100	28.337675	0.001	
712.15	15756	2165.87	267.782	1.10748	28.516100	28.337675	0.001	
713.221	16002	2163.58	271.854	1.10748	28.516100	28.337675	0.001	
714.291	16260	2163.29	275.899	1.10748	28.516100	28.337675	0.001	
715.361	16510	2173.51	279.932	1.10748	28.516100	28.337675	0.001	
716.431	16772	2157.23	284.432	1.10748	28.516100	28.337675	0.001	
717.501	17025	2168.05	288.306	1.10748	28.516100	28.337675	0.001	
718.57	17282	2171.33	292.691	1.10748	28.516100	28.337675	0.001	
719.639	17547	2177.98	296.741	1.10748	28.516100	28.337675	0.001	
720.707	17793	2158.32	301.535	1.10748	28.516100	28.337675	0.001	
721.776	18051	2167.55	305.482	1.10748	28.516100	28.337675	0.001	
722.844	18302	2169.54	309.728	1.10748	28.516100	28.337675	0.001	
723.912	18557	2181.35	313.847	1.10748	28.516100	28.337675	0.001	
724.979	18811	2166.26	318.831	1.10748	28.516100	28.337675	0.001	
726.046	19044	2176.49	322.646	1.10748	28.516100	28.337675	0.001	
727.113	19285	2175.69	327.285	1.10748	28.516100	28.337675	0.001	
728.18	19510	2177.98	332.342	1.10748	28.516100	28.337675	0.001	
729.246	19719	2158.22	336.999	1.10748	28.516100	28.337675	0.001	
730.312	19938	2167.55	342.076	1.10748	28.516100	28.337675	0.001	
731.378	20129	2156.24	346.639	1.10748	28.516100	28.337675	0.001	
732.443	20356	2170.04	351.872	1.10748	28.516100	28.337675	0.001	
733.508	20505	2160.21	355.924	1.10748	28.516100	28.337675	0.001	
734.573	20749	2175.1	361.507	1.10748	28.516100	28.337675	0.001	
735.637	20899	2170.43	366.025	1.10748	28.516100	28.337675	0.001	
736.701	21095	2180.36	371.449	1.10748	28.516100	28.337675	0.001	
737.765	21258	2165.67	376.417	1.10748	28.516100	28.337675	0.001	
738.829	21424	2174.9	381.379	1.10748	28.516100	28.337675	0.001	
739.892	21571	2171.03	386.566	1.10748	28.516100	28.337675	0.001	
740.955	21717	2178.18	391.531	1.10748	28.516100	28.337675	0.001	
742.017	21836	2156.73	396.713	1.10748	28.516100	28.337675	0.001	
743.079	21966	2171.13	401.638	1.10748	28.516100	28.337675	0.001	
744.141	22077	2167.06	406.913	1.10748	28.516100	28.337675	0.001	
745.202	22223	2174.7	412.933	1.10748	28.516100	28.337675	0.001	
746.264	22318	2162.99	418.203	1.10748	28.516100	28.337675	0.001	
747.324	22466	2177.28	423.917	1.10748	28.516100	28.337675	0.001	
748.385	22570	2168.35	429.367	1.10748	28.516100	28.337675	0.001	
749.445	22681	2159.41	435.556	1.10748	28.516100	28.337675	0.001	
750.505	22796	2176.79	440.794	1.10748	28.516100	28.337675	0.001	
751.564	22914	2174.21	446.907	1.10748	28.516100	28.337675	0.001	
752.623	23013	2163.19	452.409	1.10748	28.516100	28.337675	0.001	
753.682	23121	2170.83	458.283	1.10748	28.516100	28.337675	0.001	
754.741	23246	2169.04	464.402	1.10748	28.516100	28.337675	0.001	
755.799	23365	2170.73	470.557	1.10748	28.516100	28.337675	0.001	
756.857	23487	2164.58	476.162	1.10748	28.516100	28.337675	0.001	
757.914	23617	2169.44	482.39	1.10748	28.516100	28.337675	0.001	
758.971	23721	2174.6	487.782	1.10748	28.516100	28.337675	0.001	
760.028	23843	2164.77	494.146	1.10748	28.516100	28.337675	0.001	
761.084	23954	2176.39	499.921	1.10748	28.516100	28.337675	0.001	
762.14	24049	2163.19	506.092	1.10748	28.516100	28.337675	0.001	
763.196	24121	2175.79	512.223	1.10748	28.516100	28.337675	0.001	
764.251	24220	2162.59	518.806	1.10748	28.516100	28.337675	0.001	
765.306	24329	2171.03	525.282	1.10748	28.516100	28.337675	0.001	
766.36	24432	2172.02	531.925	1.10748	28.516100	28.337675	0.001	
767.415	24532	2159.22	538.495	1.10748	28.516100	28.337675	0.001	
768.468	24644	2173.41	545.312	1.10748	28.516100	28.337675	0.001	
769.522	24755	2154.85	552.167	1.10748	28.516100	28.337675	0.001	
770.575	24865	2168.35	558.737	1.10748	28.516100	28.337675	0.001	
771.628	24962	2165.97	565.472	1.10748	28.516100	28.337675	0.001	
772.68	25067	2180.46	572.101	1.10748	28.516100	28.337675	0.001	
773.732	25163	2158.22	579.547	1.10748	28.516100	28.337675	0.001	
774.784	25278	2174.8	586.371	1.10748	28.516100	28.337675	0.001	
775.835	25362	2168.75	593.37	1.10748	28.516100	28.337675	0.001	
776.886	25448	2172.32	600.099	1.10748	28.516100	28.337675	0.001	
777.936	25551	2168.45	606.934	1.10748	28.516100	28.337675	0.001	
778.986	25669	2179.86	613.479	1.10748	28.516100	28.337675	0.001	
780.036	25735	2159.71	620.324	1.10748	28.516100	28.337675	0.001	
781.086	25773	2159.71	627.242	1.10748	28.516100	28.337675	0.001	
782.135	25828	2159.41	634.584	1.10748	28.516100	28.337675	0.001	
783.183	25871	2175.4	641.685	1.10748	28.516100	28.337675	0.001	
784.231	25916	2157.53	649.592	1.10748	28.516100	28.337675	0.001	
785.279	25926	2171.72	656.973	1.10748	28.516100	28.337675	0.001	
786.327	26012	2152.66	665.425	1.10748	28.516100	28.337675	0.001	
787.374	26031	2169.04	672.266	1.10748	28.516100	28.337675	0.001	
788.42	26077	2161.1	680.719	1.10748	28.516100	28.337675	0.001	
789.466	26131	2167.26	688.931	1.10748	28.516100	28.337675	0.001	
790.512	26124	2166.36	696.059	1.10748	28.516100	28.337675	0.001	
791.558	26195	2167.75	704.201	1.10748	28.516100	28.337675	0.001	
792.603	26193	2170.04	711.952	1.10748	28.516100	28.337675	0.001	
793.648	26246	2170.14	719.668	1.10748	28.516100	28.337675	0.001	
794.692	26259	2170.93	727.691	1.10748	28.516100	28.337675	0.001	
795.736	26281	2164.87	736.05	1.10748	28.516100	28.337675	0.001	
796.779	26333	2163.88	743.786	1.10748	28.516100	28.337675	0.001	
797.822	26343	2184.93	751.747	1.10748	28.516100	28.337675	0.001	
798.865	26330	2168.45	759.388	1.10748	28.516100	28.337675	0.001	
799.907	26364	2154.75	768.594	1.10748	28.516100	28.337675	0.001	
800.949	26363	2164.08	776.427	1.10748	28.516100	28.337675	0.001	
801.99	26338	2169.34	783.354	1.10748	28.516100	28.337675	0.001	
803.031	26308	2155.44	791.815	1.10748	28.516100	28.337675	0.001	
804.072	26319	2174.7	800.3	1.10748	28.516100	28.337675	0.001	
805.112	26312	2164.38	809.588	1.10748	28.516100	28.337675	0.001	
806.152	26340	2175	818.282	1.10748	28.516100	28.337675	0.001	
807.191	26309	2176.89	826.285	1.10748	28.516100	28.337675	0.001	
808.23	26337	2168.05	836.276	1.10748	28.516100	28.337675	0.001	
809.268	26336	2155.94	845.223	1.10748	28.516100	28.337675	0.001	
810.307	26394	2158.02	855.421	1.10748	28.516100	28.337675	0.001	
811.344	26415	2159.81	863.793	1.10748	28.516100	28.337675	0.001	
812.381	26427	2174.6	872.355	1.10748	28.516100	28.337675	0.001	
813.418	26428	2164.48	880.675	1.10748	28.516100	28.337675	0.001	
814.454	26469	2173.21	890.573	1.10748	28.516100	28.337675	0.001	
815.49	26450	2163.09	898.917	1.10748	28.516100	28.337675	0.001	
816.526	26514	2168.55	909.181	1.10748	28.516100	28.337675	0.001	
817.561	26505	2165.67	917.968	1.10748	28.516100	28.337675	0.001	
818.596	26530	2175.1	927.249	1.10748	28.516100	28.337675	0.001	
819.63	26529	2165.37	936.372	1.10748	28.516100	28.337675	0.001	
820.664	26556	2177.88	944.362	1.10748	28.516100	28.337675	0.001	
821.697	26551	2172.92	953.79	1.10748	28.516100	28.337675	0.001	
822.73	26583	2181.35	963.392	1.10748	28.516100	28.337675	0.001	
823.762	26552	2177.68	971.606	1.10748	28.516100	28.337675	0.001	
824.794	26574	2176.89	982.258	1.10748	28.516100	28.337675	0.001	
825.826	26546	2167.85	991.023	1.10748	28.516100	28.337675	0.001	
826.857	26528	2182.35	1001.06	1.10748	28.516100	28.337675	0.001	
827.887	26565	2167.85	1011.45	1.10748	28.516100	28.337675	0.001	
828.918	26578	2180.56	1021.2	1.10748	28.516100	28.337675	0.001	
829.947	26581	2168.94	1032.12	1.10748	28.516100	28.337675	0.001	
830.977	26613	2170.23	1042.24	1.10748	28.516100	28.337675	0.001	
832.005	26637	2170.04	1052.31	1.10748	28.516100	28.337675	0.001	
833.034	26694	2171.53	1063.84	1.10748	28.516100	28.337675	0.001	
834.062	26680	2176.19	1073.56	1.10748	28.516100	28.337675	0.001	
835.089	26687	2165.27	1083.99	1.10748	28.516100	28.337675	0.001	
836.116	26718	2167.95	1093.29	1.10748	28.516100	28.337675	0.001	
837.143	26782	2173.41	1103.6	1.10748	28.516100	28.337675	0.001	
838.169	26813	2175	1112.85	1.10748	28.516100	28.337675	0.001	
839.194	26885	2168.25	1124.54	1.10748	28.516100	28.337675	0.001	
840.22	26909	2161	1135.34	1.10748	28.516100	28.337675	0.001	
841.244	26981	2168.25	1145.86	1.10748	28.516100	28.337675	0.001	
842.268	27001	2164.58	1156.22	1.10748	28.516100	28.337675	0.001	
843.292	27039	2180.16	1164.86	1.10748	28.516100	28.337675	0.001	
844.315	27082	2165.57	1176.37	1.10748	28.516100	28.337675	0.001	
845.338	27121	2178.47	1186.28	1.10748	28.516100	28.337675	0.001	
846.36	27149	2162.89	1198.43	1.10748	28.516100	28.337675	0.001	
847.382	27190	2166.16	1208.55	1.10748	28.516100	28.337675	0.001	
848.404	27178	2171.33	1218.59	1.10748	28.516100	28.337675	0.001	
849.425	27217	2175.5	1229.4	1.10748	28.516100	28.337675	0.001	
850.445	27236	2169.44	1241.04	1.10748	28.516100	28.337675	0.001	
851.465	27286	2181.35	1252.24	1.10748	28.516100	28.337675	0.001	
852.484	27344	2165.37	1264.8	1.10748	28.516100	28.337675	0.001	
853.503	27377	2161.2	1276.43	1.10748	28.516100	28.337675	0.001	
854.522	27459	2157.92	1289.05	1.10748	28.516100	28.337675	0.001	
855.54	27499	2176.29	1299.33	1.10748	28.516100	28.337675	0.001	
856.557	27548	2175.99	1310.34	1.10748	28.516100	28.337675	0.001	
857.574	27626	2169.24	1322.44	1.10748	28.516100	28.337675	0.001	
858.591	27687	2164.97	1333.38	1.10748	28.516100	28.337675	0.001	
859.607	27752	2165.77	1345.51	1.10748	28.516100	28.337675	0.001	
860.622	27785	2172.52	1355.34	1.10748	28.516100	28.337675	0.001	
861.637	27866	2164.48	1368.15	1.10748	28.516100	28.337675	0.001	
862.652	27910	2164.97	1380.23	1.10748	28.516100	28.337675	0.001	
863.666	28006	2168.75	1392.13	1.10748	28.516100	28.337675	0.001	
864.679	28022	2156.44	1403.19	1.10748	28.516100	28.337675	0.001	
865.692	28076	2164.38	1414.07	1.10748	28.516100	28.337675	0.001	
866.705	28104	2152.37	1426	1.10748	28.516100	28.337675	0.001	
867.717	28143	2158.02	1437.91	1.10748	28.516100	28.337675	0.001	
868.728	28175	2163.68	1450.35	1.10748	28.516100	28.337675	0.001	
869.739	28210	2156.83	1462.76	1.10748	28.516100	28.337675	0.001	
870.75	28245	2175.99	1473.94	1.10748	28.516100	28.337675	0.001	
871.76	28239	2158.02	1485	1.10748	28.516100	28.337675	0.001	
872.769	28278	2156.44	1497.59	1.10748	28.516100	28.337675	0.001	
873.778	28278	2159.51	1509.38	1.10748	28.516100	28.337675	0.001	
874.786	28296	2159.81	1521.3	1.10748	28.516100	28.337675	0.001	
875.794	28355	2168.84	1535.1	1.10748	28.516100	28.337675	0.001	
876.802	28370	2184.13	1547.53	1.10748	28.516100	28.337675	0.001	
877.809	28355	2171.62	1559.63	1.10748	28.516100	28.337675	0.001	
878.815	28411	2177.48	1573.97	1.10748	28.516100	28.337675	0.001	
879.821	28407	2164.77	1587.4	1.10748	28.516100	28.337675	0.001	
880.826	28457	2175.79	1599.61	1.10748	28.516100	28.337675	0.001	
881.831	28459	2175.2	1611.9	1.10748	28.516100	28.337675	0.001	
882.835	28481	2168.55	1625.73	1.10748	28.516100	28.337675	0.001	
883.839	28455	2166.86	1637.29	1.10748	28.516100	28.337675	0.001	
884.842	28492	2162.99	1651.18	1.10748	28.516100	28.337675	0.001	
885.844	28483	2168.45	1660.78	1.10748	28.516100	28.337675	0.001	
886.847	28524	2170.63	1675.13	1.10748	28.516100	28.337675	0.001	
887.848	28505	2167.26	1688.22	1.10748	28.516100	28.337675	0.001	
888.849	28476	2162.49	1701.47	1.10748	28.516100	28.337675	0.001	
889.85	28452	2165.97	1714.61	1.10748	28.516100	28.337675	0.001	
890.85	28424	2158.02	1729.39	1.10748	28.516100	28.337675	0.001	
891.849	28382	2157.63	1742.16	1.10748	28.516100	28.337675	0.001	
892.848	28379	2165.77	1754.96	1.10748	28.516100	28.337675	0.001	
893.846	28368	2168.65	1765.55	1.10748	28.516100	28.337675	0.001	
894.844	28356	2151.27	1779.38	1.10748	28.516100	28.337675	0.001	
895.841	28306	2166.16	1789.57	1.10748	28.516100	28.337675	0.001	
896.838	28310	2157.53	1804.78	1.10748	28.516100	28.337675	0.001	
897.834	28284	2161.2	1817.37	1.10748	28.516100	28.337675	0.001	
898.83	28220	2145.61	1830.8	1.10748	28.516100	28.337675	0.001	
899.825	28183	2168.75	1843.38	1.10748	28.516100	28.337675	0.001	
900.819	28141	2147.9	1857.42	1.10748	28.516100	28.337675	0.001	
901.813	28111	2164.28	1868.84	1.10748	28.516100	28.337675	0.001	
902.807	28073	2169.54	1884.12	1.10748	28.516100	28.337675	0.001	
903.799	28049	2166.06	1898.01	1.10748	28.516100	28.337675	0.001	
904.792	27989	2161.8	1913.27	1.10748	28.516100	28.337675	0.001	
905.783	27964	2171.23	1926.14	1.10748	28.516100	28.337675	0.001	
906.775	27912	2164.48	1939.77	1.10748	28.516100	28.337675	0.001	
907.765	27918	2181.85	1955.71	1.10748	28.516100	28.337675	0.001	
908.755	27890	2169.14	1970.31	1.10748	28.516100	28.337675	0.001	
909.745	27861	2173.21	1984.04	1.10748	28.516100	28.337675	0.001	
910.733	27853	2157.13	2000.52	1.10748	28.516100	28.337675	0.001	
911.722	27818	2170.23	2013.75	1.10748	28.516100	28.337675	0.001	
912.71	27765	2166.06	2026.22	1.10748	28.516100	28.337675	0.001	
913.697	27761	2172.92	2041.13	1.10748	28.516100	28.337675	0.001	
914.683	27723	2160.8	2053.69	1.10748	28.516100	28.337675	0.001	
915.669	27679	2151.87	2068.71	1.10748	28.516100	28.337675	0.001	
916.655	27628	2164.97	2082.9	1.10748	28.516100	28.337675	0.001	
917.64	27556	2165.97	2094.64	1.10748	28.516100	28.337675	0.001	
918.624	27483	2158.02	2108.88	1.10748	28.516100	28.337675	0.001	
919.608	27410	2164.77	2122.05	1.10748	28.516100	28.337675	0.001	
920.591	27305	2160.9	2134.83	1.10748	28.516100	28.337675	0.001	
921.573	27234	2177.58	2149.48	1.10748	28.516100	28.337675	0.001	
922.555	27153	2149.68	2164.07	1.10748	28.516100	28.337675	0.001	
923.537	27053	2156.83	2179.11	1.10748	28.516100	28.337675	0.001	
924.517	26949	2169.54	2192.34	1.10748	28.516100	28.337675	0.001	
925.498	26837	2162.39	2207.1	1.10748	28.516100	28.337675	0.001	
926.477	26723	2170.63	2218.42	1.10748	28.516100	28.337675	0.001	
927.456	26597	2158.02	2233.67	1.10748	28.516100	28.337675	0.001	
928.435	26481	2172.12	2245.87	1.10748	28.516100	28.337675	0.001	
929.412	26371	2162.19	2262.49	1.10748	28.516100	28.337675	0.001	
930.39	26241	2170.43	2276.62	1.10748	28.516100	28.337675	0.001	
931.366	26177	2169.04	2295.48	1.10748	28.516100	28.337675	0.001	
932.342	26005	2160.31	2308.23	1.10748	28.516100	28.337675	0.001	
933.318	25900	2169.24	2324.46	1.10748	28.516100	28.337675	0.001	
934.293	25799	2168.45	2341.62	1.10748	28.516100	28.337675	0.001	
935.267	25659	2164.28	2358.23	1.10748	28.516100	28.337675	0.001	
936.24	25520	2146.11	2375.84	1.10748	28.516100	28.337675	0.001	
937.213	25367	2174.8	2387.34	1.10748	28.516100	28.337675	0.001	
938.186	25209	2160.01	2403.91	1.10748	28.516100	28.337675	0.001	
939.158	25071	2181.85	2414.98	1.10748	28.516100	28.337675	0.001	
940.129	24900	2159.22	2430.77	1.10748	28.516100	28.337675	0.001	
941.099	24739	2171.23	2443.71	1.10748	28.516100	28.337675	0.001	
942.069	24591	2167.75	2460.94	1.10748	28.516100	28.337675	0.001	
943.039	24453	2164.48	2477.55	1.10748	28.516100	28.337675	0.001	
944.007	24291	2151.17	2491.15	1.10748	28.516100	28.337675	0.001	
944.975	24189	2180.46	2506.35	1.10748	28.516100	28.337675	0.001	
945.943	24025	2175.3	2518.28	1.10748	28.516100	28.337675	0.001	
946.91	23899	2170.23	2533.11	1.10748	28.516100	28.337675	0.001	
947.876	23768	2154.05	2549.9	1.10748	28.516100	28.337675	0.001	
948.842	23651	2165.07	2563.93	1.10748	28.516100	28.337675	0.001	
949.807	23527	2171.43	2579.19	1.10748	28.516100	28.337675	0.001	
950.771	23378	2171.53	2591.49	1.10748	28.516100	28.337675	0.001	
951.735	23253	2158.32	2606.82	1.10748	28.516100	28.337675	0.001	
952.698	23141	2188	2620.36	1.10748	28.516100	28.337675	0.001	
953.66	22976	2162.29	2636.12	1.10748	28.516100	28.337675	0.001	
954.622	22832	2165.47	2650.03	1.10748	28.516100	28.337675	0.001	
955.584	22671	2165.97	2663.51	1.10748	28.516100	28.337675	0.001	
956.544	22536	2169.64	2680.66	1.10748	28.516100	28.337675	0.001	
957.504	22355	2158.72	2694.1	1.10748	28.516100	28.337675	0.001	
958.463	22185	2179.76	2704.41	1.10748	28.516100	28.337675	0.001	
959.422	22013	2159.12	2723.2	1.10748	28.516100	28.337675	0.001	
960.38	21847	2165.07	2738.77	1.10748	28.516100	28.337675	0.001	
961.338	21643	2170.83	2752.07	1.10748	28.516100	28.337675	0.001	
962.294	21477	2163.58	2772.11	1.10748	28.516100	28.337675	0.001	
963.25	21291	2153.06	2786.62	1.10748	28.516100	28.337675	0.001	
964.206	21120	2171.33	2801.74	1.10748	28.516100	28.337675	0.001	
965.161	20941	2162.09	2818.47	1.10748	28.516100	28.337675	0.001	
966.115	20776	2166.36	2838.19	1.10748	28.516100	28.337675	0.001	
