452.692	2667	2578.22	-1439.97	2.38236	28.516100	28.337675	0.001	
453.787	2714	2616.71	-3.13635	2.38236	28.516100	28.337675	0.001	
454.882	2692	2600.43	-3.11399	2.38236	28.516100	28.337675	0.001	
455.977	2687	2618.68	-284.688	2.38236	28.516100	28.337675	0.001	
457.072	2689	2582.66	2.01889	2.38236	28.516100	28.337675	0.001	
458.167	2732	2642.37	-67.4993	2.38236	28.516100	28.337675	0.001	
459.263	2708	2593.03	6.3444	2.38236	28.516100	28.337675	0.001	
460.358	2730	2614.24	9.40608	2.38236	28.516100	28.337675	0.001	
461.453	2709	2623.62	-15.0488	2.38236	28.516100	28.337675	0.001	
462.549	2701	2605.36	-3.76988	2.38236	28.516100	28.337675	0.001	
463.644	2691	2589.57	10.4897	2.38236	28.516100	28.337675	0.001	
464.74	2708	2595.99	3.41364	2.38236	28.516100	28.337675	0.001	
465.835	2709	2607.83	3.24819	2.38236	28.516100	28.337675	0.001	
466.931	2714	2601.91	11.7415	2.38236	28.516100	28.337675	0.001	
468.027	2691	2575.26	119.413	2.38236	28.516100	28.337675	0.001	
469.123	2717	2623.13	-3.46381	2.38236	28.516100	28.337675	0.001	
470.219	2696	2587.1	7.42654	2.38236	28.516100	28.337675	0.001	
471.315	2702	2605.36	-2.12892	2.38236	28.516100	28.337675	0.001	
472.411	2686	2599.44	-11.6524	2.38236	28.516100	28.337675	0.001	
473.507	2709	2622.63	-12.4242	2.38236	28.516100	28.337675	0.001	
474.603	2714	2595.99	7.82192	2.38236	28.516100	28.337675	0.001	
475.699	2700	2598.45	-12.1282	2.38236	28.516100	28.337675	0.001	
476.795	2714	2607.34	3.76583	2.38236	28.516100	28.337675	0.001	
477.892	2719	2623.62	-5.16835	2.38236	28.516100	28.337675	0.001	
478.988	2724	2623.62	-0.0521055	2.38236	28.516100	28.337675	0.001	
480.084	2715	2607.34	5.33495	2.38236	28.516100	28.337675	0.001	
481.181	2708	2624.61	-8.54851	2.38236	28.516100	28.337675	0.001	
482.277	2737	2625.1	24.7489	2.38236	28.516100	28.337675	0.001	
483.374	2695	2596.97	-0.503919	2.38236	28.516100	28.337675	0.001	
484.47	2723	2602.4	58.4018	2.38236	28.516100	28.337675	0.001	
485.567	2718	2603.88	6.87891	2.38236	28.516100	28.337675	0.001	
486.663	2706	2625.59	-6.33109	2.38236	28.516100	28.337675	0.001	
487.76	2734	2607.34	20.8233	2.38236	28.516100	28.337675	0.001	
488.857	2710	2623.13	-10.2484	2.38236	28.516100	28.337675	0.001	
489.954	2709	2602.89	2.29085	2.38236	28.516100	28.337675	0.001	
491.05	2707	2595.99	4.49731	2.38236	28.516100	28.337675	0.001	
492.147	2713	2606.84	2.62517	2.38236	28.516100	28.337675	0.001	
493.244	2723	2610.3	3.75746	2.38236	28.516100	28.337675	0.001	
494.341	2737	2626.09	2.71906	2.38236	28.516100	28.337675	0.001	
495.438	2728	2614.74	3.93406	2.38236	28.516100	28.337675	0.001	
496.535	2706	2600.43	1.66995	2.38236	28.516100	28.337675	0.001	
497.632	2708	2613.26	-1.23694	2.38236	28.516100	28.337675	0.001	
498.729	2747	2626.58	4.15548	2.38236	28.516100	28.337675	0.001	
499.825	2723	2597.96	4.72541	2.38236	28.516100	28.337675	0.001	
500.922	2742	2614.74	3.91798	2.38236	28.516100	28.337675	0.001	
502.019	2745	2616.22	4.77799	2.38236	28.516100	28.337675	0.001	
503.117	2745	2626.58	2.61615	2.38236	28.516100	28.337675	0.001	
504.214	2733	2588.09	6.4308	2.38236	28.516100	28.337675	0.001	
505.311	2732	2595.49	4.97164	2.38236	28.516100	28.337675	0.001	
506.408	2723	2598.95	3.17149	2.38236	28.516100	28.337675	0.001	
507.505	2756	2630.03	2.86331	2.38236	28.516100	28.337675	0.001	
508.602	2732	2589.57	5.25967	2.38236	28.516100	28.337675	0.001	
509.699	2760	2600.92	6.29813	2.38236	28.516100	28.337675	0.001	
510.796	2760	2611.78	5.07192	2.38236	28.516100	28.337675	0.001	
511.893	2772	2621.15	4.69898	2.38236	28.516100	28.337675	0.001	
512.99	2813	2649.28	5.51181	2.38236	28.516100	28.337675	0.001	
514.087	2768	2594.01	6.24937	2.38236	28.516100	28.337675	0.001	
515.184	2785	2619.18	5.4874	2.38236	28.516100	28.337675	0.001	
516.281	2802	2626.58	5.14659	2.38236	28.516100	28.337675	0.001	
517.378	2806	2602.4	7.62942	2.38236	28.516100	28.337675	0.001	
518.475	2803	2611.78	6.18695	2.38236	28.516100	28.337675	0.001	
519.573	2819	2616.71	6.98495	2.38236	28.516100	28.337675	0.001	
520.67	2804	2596.48	6.82097	2.38236	28.516100	28.337675	0.001	
521.767	2819	2616.22	6.34598	2.38236	28.516100	28.337675	0.001	
522.864	2822	2612.27	6.7987	2.38236	28.516100	28.337675	0.001	
523.961	2864	2634.47	7.68416	2.38236	28.516100	28.337675	0.001	
525.058	2837	2604.37	7.66254	2.38236	28.516100	28.337675	0.001	
526.155	2864	2622.63	7.7484	2.38236	28.516100	28.337675	0.001	
527.252	2879	2598.95	9.36171	2.38236	28.516100	28.337675	0.001	
528.348	2906	2627.07	9.20362	2.38236	28.516100	28.337675	0.001	
529.445	2887	2605.36	8.89736	2.38236	28.516100	28.337675	0.001	
530.542	2883	2580.2	9.74243	2.38236	28.516100	28.337675	0.001	
531.639	2919	2604.87	9.88991	2.38236	28.516100	28.337675	0.001	
532.736	2956	2631.51	10.1643	2.38236	28.516100	28.337675	0.001	
533.833	2943	2617.7	9.91159	2.38236	28.516100	28.337675	0.001	
534.929	2968	2611.28	10.8935	2.38236	28.516100	28.337675	0.001	
536.026	2947	2575.26	11.3443	2.38236	28.516100	28.337675	0.001	
537.123	2988	2606.84	11.3326	2.38236	28.516100	28.337675	0.001	
538.22	2997	2608.32	11.3944	2.38236	28.516100	28.337675	0.001	
539.316	3026	2609.31	12.1618	2.38236	28.516100	28.337675	0.001	
540.413	3043	2621.15	12.0851	2.38236	28.516100	28.337675	0.001	
541.509	3050	2602.89	12.6195	2.38236	28.516100	28.337675	0.001	
542.606	3070	2586.61	13.5888	2.38236	28.516100	28.337675	0.001	
543.702	3107	2620.16	13.231	2.38236	28.516100	28.337675	0.001	
544.799	3111	2586.61	14.3145	2.38236	28.516100	28.337675	0.001	
545.895	3157	2620.16	14.3586	2.38236	28.516100	28.337675	0.001	
546.991	3163	2597.96	15.0196	2.38236	28.516100	28.337675	0.001	
548.088	3204	2603.88	15.8353	2.38236	28.516100	28.337675	0.001	
549.184	3202	2591.55	15.8574	2.38236	28.516100	28.337675	0.001	
550.28	3233	2601.91	16.0652	2.38236	28.516100	28.337675	0.001	
551.376	3257	2594.51	16.7224	2.38236	28.516100	28.337675	0.001	
552.472	3308	2609.8	17.3571	2.38236	28.516100	28.337675	0.001	
553.568	3316	2603.88	17.4041	2.38236	28.516100	28.337675	0.001	
554.664	3359	2631.51	17.552	2.38236	28.516100	28.337675	0.001	
555.76	3385	2612.27	18.5014	2.38236	28.516100	28.337675	0.001	
556.856	3423	2629.54	18.7813	2.38236	28.516100	28.337675	0.001	
557.952	3444	2594.01	20.0777	2.38236	28.516100	28.337675	0.001	
559.047	3526	2642.37	20.5692	2.38236	28.516100	28.337675	0.001	
560.143	3541	2629.05	21.0133	2.38236	28.516100	28.337675	0.001	
561.239	3538	2573.29	22.2445	2.38236	28.516100	28.337675	0.001	
562.334	3582	2580.69	22.9241	2.38236	28.516100	28.337675	0.001	
563.43	3633	2597.47	23.4192	2.38236	28.516100	28.337675	0.001	
564.525	3664	2623.13	23.2191	2.38236	28.516100	28.337675	0.001	
565.62	3694	2607.34	24.2676	2.38236	28.516100	28.337675	0.001	
566.715	3719	2580.2	25.235	2.38236	28.516100	28.337675	0.001	
567.811	3793	2614.74	26.0788	2.38236	28.516100	28.337675	0.001	
568.906	3828	2600.92	26.969	2.38236	28.516100	28.337675	0.001	
570.001	3848	2609.31	27.0449	2.38236	28.516100	28.337675	0.001	
571.095	3886	2585.62	28.4117	2.38236	28.516100	28.337675	0.001	
572.19	3936	2610.3	28.9275	2.38236	28.516100	28.337675	0.001	
573.285	3961	2603.39	29.5373	2.38236	28.516100	28.337675	0.001	
574.38	4022	2616.71	30.4867	2.38236	28.516100	28.337675	0.001	
575.474	4052	2589.57	31.7229	2.38236	28.516100	28.337675	0.001	
576.569	4075	2583.65	32.3082	2.38236	28.516100	28.337675	0.001	
577.663	4112	2592.53	32.8864	2.38236	28.516100	28.337675	0.001	
578.757	4157	2598.45	33.784	2.38236	28.516100	28.337675	0.001	
579.851	4183	2574.27	34.8278	2.38236	28.516100	28.337675	0.001	
580.945	4267	2636.94	35.3157	2.38236	28.516100	28.337675	0.001	
582.039	4278	2595.99	36.5286	2.38236	28.516100	28.337675	0.001	
583.133	4350	2603.88	38.1073	2.38236	28.516100	28.337675	0.001	
584.227	4354	2571.81	39.1344	2.38236	28.516100	28.337675	0.001	
585.321	4386	2595	39.3391	2.38236	28.516100	28.337675	0.001	
586.414	4439	2605.85	40.4814	2.38236	28.516100	28.337675	0.001	
587.508	4500	2617.2	41.8155	2.38236	28.516100	28.337675	0.001	
588.601	4505	2601.41	42.4753	2.38236	28.516100	28.337675	0.001	
589.694	4549	2592.04	43.9091	2.38236	28.516100	28.337675	0.001	
590.787	4577	2583.16	45.1483	2.38236	28.516100	28.337675	0.001	
591.881	4643	2614.74	45.9514	2.38236	28.516100	28.337675	0.001	
592.973	4686	2586.61	47.8918	2.38236	28.516100	28.337675	0.001	
594.066	4716	2591.05	48.6924	2.38236	28.516100	28.337675	0.001	
595.159	4779	2613.26	49.9285	2.38236	28.516100	28.337675	0.001	
596.251	4804	2612.76	50.8236	2.38236	28.516100	28.337675	0.001	
597.344	4857	2604.87	52.4804	2.38236	28.516100	28.337675	0.001	
598.436	4922	2638.42	53.4708	2.38236	28.516100	28.337675	0.001	
599.528	4936	2588.09	55.3487	2.38236	28.516100	28.337675	0.001	
600.621	5008	2610.3	56.5842	2.38236	28.516100	28.337675	0.001	
601.713	5069	2638.42	57.5089	2.38236	28.516100	28.337675	0.001	
602.804	5085	2603.88	58.8095	2.38236	28.516100	28.337675	0.001	
603.896	5129	2583.65	60.7732	2.38236	28.516100	28.337675	0.001	
604.988	5191	2600.43	61.8863	2.38236	28.516100	28.337675	0.001	
606.079	5242	2606.84	63.0795	2.38236	28.516100	28.337675	0.001	
607.17	5326	2636.94	64.4531	2.38236	28.516100	28.337675	0.001	
608.262	5347	2586.61	66.4723	2.38236	28.516100	28.337675	0.001	
609.353	5447	2616.22	68.0448	2.38236	28.516100	28.337675	0.001	
610.443	5490	2595.49	69.6288	2.38236	28.516100	28.337675	0.001	
611.534	5564	2618.19	70.8647	2.38236	28.516100	28.337675	0.001	
612.625	5610	2590.56	72.6696	2.38236	28.516100	28.337675	0.001	
613.715	5687	2596.97	74.3219	2.38236	28.516100	28.337675	0.001	
614.806	5790	2629.54	75.8364	2.38236	28.516100	28.337675	0.001	
615.896	5871	2622.63	78.0999	2.38236	28.516100	28.337675	0.001	
616.986	5927	2611.28	79.5347	2.38236	28.516100	28.337675	0.001	
618.076	6022	2609.8	81.994	2.38236	28.516100	28.337675	0.001	
619.165	6102	2615.23	83.4967	2.38236	28.516100	28.337675	0.001	
620.255	6171	2630.53	84.636	2.38236	28.516100	28.337675	0.001	
621.344	6255	2602.4	87.0685	2.38236	28.516100	28.337675	0.001	
622.434	6336	2594.51	89.0795	2.38236	28.516100	28.337675	0.001	
623.523	6460	2620.16	91.2694	2.38236	28.516100	28.337675	0.001	
624.612	6521	2606.84	92.9591	2.38236	28.516100	28.337675	0.001	
625.701	6617	2605.36	95.0451	2.38236	28.516100	28.337675	0.001	
626.789	6748	2612.76	97.8572	2.38236	28.516100	28.337675	0.001	
627.878	6810	2595.49	99.5757	2.38236	28.516100	28.337675	0.001	
628.966	6928	2613.26	101.717	2.38236	28.516100	28.337675	0.001	
630.054	7000	2601.91	103.817	2.38236	28.516100	28.337675	0.001	
631.142	7115	2606.84	105.971	2.38236	28.516100	28.337675	0.001	
632.23	7247	2608.82	108.717	2.38236	28.516100	28.337675	0.001	
633.318	7325	2611.28	110.24	2.38236	28.516100	28.337675	0.001	
634.405	7431	2608.32	112.737	2.38236	28.516100	28.337675	0.001	
635.492	7553	2612.27	115.331	2.38236	28.516100	28.337675	0.001	
636.579	7666	2598.45	117.971	2.38236	28.516100	28.337675	0.001	
637.666	7767	2598.45	120.199	2.38236	28.516100	28.337675	0.001	
638.753	7895	2611.28	122.553	2.38236	28.516100	28.337675	0.001	
639.84	8028	2617.2	125.364	2.38236	28.516100	28.337675	0.001	
640.926	8111	2604.87	127.592	2.38236	28.516100	28.337675	0.001	
642.012	8260	2621.65	130.394	2.38236	28.516100	28.337675	0.001	
643.098	8387	2601.41	133.493	2.38236	28.516100	28.337675	0.001	
644.184	8515	2619.18	135.726	2.38236	28.516100	28.337675	0.001	
645.27	8611	2606.84	138.098	2.38236	28.516100	28.337675	0.001	
646.355	8792	2639.9	141.172	2.38236	28.516100	28.337675	0.001	
647.441	8917	2630.53	143.998	2.38236	28.516100	28.337675	0.001	
648.526	9039	2609.31	146.745	2.38236	28.516100	28.337675	0.001	
649.611	9160	2601.91	149.882	2.38236	28.516100	28.337675	0.001	
650.695	9308	2623.13	152.501	2.38236	28.516100	28.337675	0.001	
651.78	9452	2617.7	155.625	2.38236	28.516100	28.337675	0.001	
652.864	9610	2622.63	158.829	2.38236	28.516100	28.337675	0.001	
653.948	9752	2621.15	162.08	2.38236	28.516100	28.337675	0.001	
655.032	9900	2621.15	165.094	2.38236	28.516100	28.337675	0.001	
656.116	10073	2628.06	168.436	2.38236	28.516100	28.337675	0.001	
657.199	10222	2641.88	171.18	2.38236	28.516100	28.337675	0.001	
658.283	10362	2608.32	174.958	2.38236	28.516100	28.337675	0.001	
659.366	10555	2643.85	177.986	2.38236	28.516100	28.337675	0.001	
660.448	10696	2616.71	181.633	2.38236	28.516100	28.337675	0.001	
661.531	10868	2605.85	185.243	2.38236	28.516100	28.337675	0.001	
662.614	11014	2616.22	188.215	2.38236	28.516100	28.337675	0.001	
663.696	11216	2659.15	191.224	2.38236	28.516100	28.337675	0.001	
664.778	11375	2620.66	195.194	2.38236	28.516100	28.337675	0.001	
665.86	11557	2610.3	199.572	2.38236	28.516100	28.337675	0.001	
666.941	11719	2599.44	202.783	2.38236	28.516100	28.337675	0.001	
668.023	11900	2607.34	206.415	2.38236	28.516100	28.337675	0.001	
669.104	12128	2630.03	210.361	2.38236	28.516100	28.337675	0.001	
670.185	12305	2616.71	214.452	2.38236	28.516100	28.337675	0.001	
671.265	12467	2603.88	217.796	2.38236	28.516100	28.337675	0.001	
672.346	12689	2610.79	222.321	2.38236	28.516100	28.337675	0.001	
673.426	12854	2595.99	226.231	2.38236	28.516100	28.337675	0.001	
674.506	13089	2640.4	229.712	2.38236	28.516100	28.337675	0.001	
675.586	13238	2583.65	234.072	2.38236	28.516100	28.337675	0.001	
676.665	13494	2631.51	238.004	2.38236	28.516100	28.337675	0.001	
677.745	13703	2613.26	242.358	2.38236	28.516100	28.337675	0.001	
678.824	13928	2629.54	246.429	2.38236	28.516100	28.337675	0.001	
679.903	14153	2631.02	250.763	2.38236	28.516100	28.337675	0.001	
680.981	14392	2649.77	254.893	2.38236	28.516100	28.337675	0.001	
682.059	14598	2600.92	260.1	2.38236	28.516100	28.337675	0.001	
683.138	14862	2632.01	264.329	2.38236	28.516100	28.337675	0.001	
684.215	15115	2630.53	269.164	2.38236	28.516100	28.337675	0.001	
685.293	15370	2648.29	273.685	2.38236	28.516100	28.337675	0.001	
686.37	15551	2603.39	278.113	2.38236	28.516100	28.337675	0.001	
687.448	15850	2632.99	283.057	2.38236	28.516100	28.337675	0.001	
688.524	16118	2626.09	287.853	2.38236	28.516100	28.337675	0.001	
689.601	16368	2604.87	292.816	2.38236	28.516100	28.337675	0.001	
690.678	16635	2616.71	297.408	2.38236	28.516100	28.337675	0.001	
691.754	16952	2617.7	302.976	2.38236	28.516100	28.337675	0.001	
692.83	17211	2638.92	306.984	2.38236	28.516100	28.337675	0.001	
693.905	17492	2606.84	312.756	2.38236	28.516100	28.337675	0.001	
694.98	17751	2604.37	317.386	2.38236	28.516100	28.337675	0.001	
696.056	18059	2613.26	322.656	2.38236	28.516100	28.337675	0.001	
697.13	18373	2613.26	327.823	2.38236	28.516100	28.337675	0.001	
698.205	18704	2628.55	333.65	2.38236	28.516100	28.337675	0.001	
699.279	19001	2614.24	338.978	2.38236	28.516100	28.337675	0.001	
700.353	19322	2621.65	344.715	2.38236	28.516100	28.337675	0.001	
701.427	19639	2619.18	349.762	2.38236	28.516100	28.337675	0.001	
702.501	19998	2617.7	355.811	2.38236	28.516100	28.337675	0.001	
703.574	20330	2618.68	361.573	2.38236	28.516100	28.337675	0.001	
704.647	20697	2641.38	367.158	2.38236	28.516100	28.337675	0.001	
705.719	21059	2611.28	373.53	2.38236	28.516100	28.337675	0.001	
706.792	21420	2618.68	379.052	2.38236	28.516100	28.337675	0.001	
707.864	21774	2636.94	384.496	2.38236	28.516100	28.337675	0.001	
708.936	22175	2635.95	391.268	2.38236	28.516100	28.337675	0.001	
710.007	22504	2624.61	396.826	2.38236	28.516100	28.337675	0.001	
711.079	22863	2614.24	403.27	2.38236	28.516100	28.337675	0.001	
712.15	23264	2629.05	409.759	2.38236	28.516100	28.337675	0.001	
713.221	23612	2607.34	415.888	2.38236	28.516100	28.337675	0.001	
714.291	24033	2627.07	422.309	2.38236	28.516100	28.337675	0.001	
715.361	24419	2636.94	428.775	2.38236	28.516100	28.337675	0.001	
716.431	24805	2610.79	435.502	2.38236	28.516100	28.337675	0.001	
717.501	25238	2610.3	442.804	2.38236	28.516100	28.337675	0.001	
718.57	25598	2618.68	448.894	2.38236	28.516100	28.337675	0.001	
719.639	26001	2631.02	455.117	2.38236	28.516100	28.337675	0.001	
720.707	26397	2602.89	462.916	2.38236	28.516100	28.337675	0.001	
721.776	26818	2628.55	469.366	2.38236	28.516100	28.337675	0.001	
722.844	27219	2618.68	476.571	2.38236	28.516100	28.337675	0.001	
723.912	27623	2646.32	483.076	2.38236	28.516100	28.337675	0.001	
724.979	28002	2643.85	490.226	2.38236	28.516100	28.337675	0.001	
726.046	28357	2643.85	496.454	2.38236	28.516100	28.337675	0.001	
727.113	28747	2642.37	504.099	2.38236	28.516100	28.337675	0.001	
728.18	29052	2629.05	511.51	2.38236	28.516100	28.337675	0.001	
729.246	29383	2600.43	518.938	2.38236	28.516100	28.337675	0.001	
730.312	29739	2620.66	527.13	2.38236	28.516100	28.337675	0.001	
731.378	30077	2606.84	535.065	2.38236	28.516100	28.337675	0.001	
732.443	30380	2624.61	542.387	2.38236	28.516100	28.337675	0.001	
733.508	30676	2619.67	549.846	2.38236	28.516100	28.337675	0.001	
734.573	31032	2625.59	558.528	2.38236	28.516100	28.337675	0.001	
735.637	31323	2633.98	566.484	2.38236	28.516100	28.337675	0.001	
736.701	31607	2637.93	574.829	2.38236	28.516100	28.337675	0.001	
737.765	31860	2618.19	582.568	2.38236	28.516100	28.337675	0.001	
738.829	32143	2636.45	590.803	2.38236	28.516100	28.337675	0.001	
739.892	32353	2624.11	598.689	2.38236	28.516100	28.337675	0.001	
740.955	32588	2644.34	606.464	2.38236	28.516100	28.337675	0.001	
742.017	32769	2621.15	614.286	2.38236	28.516100	28.337675	0.001	
743.079	33004	2622.63	623.14	2.38236	28.516100	28.337675	0.001	
744.141	33191	2606.35	631.919	2.38236	28.516100	28.337675	0.001	
745.202	33394	2630.53	640.59	2.38236	28.516100	28.337675	0.001	
746.264	33594	2623.13	649.736	2.38236	28.516100	28.337675	0.001	
747.324	33787	2623.62	658.372	2.38236	28.516100	28.337675	0.001	
748.385	33981	2620.66	667.382	2.38236	28.516100	28.337675	0.001	
749.445	34152	2604.87	677.084	2.38236	28.516100	28.337675	0.001	
750.505	34340	2623.62	685.691	2.38236	28.516100	28.337675	0.001	
751.564	34538	2622.63	695.538	2.38236	28.516100	28.337675	0.001	
752.623	34730	2605.85	705.02	2.38236	28.516100	28.337675	0.001	
753.682	34911	2621.15	714.463	2.38236	28.516100	28.337675	0.001	
754.741	35106	2628.06	723.876	2.38236	28.516100	28.337675	0.001	
755.799	35267	2632.99	732.935	2.38236	28.516100	28.337675	0.001	
756.857	35502	2623.62	742.797	2.38236	28.516100	28.337675	0.001	
757.914	35690	2626.09	752.38	2.38236	28.516100	28.337675	0.001	
758.971	35889	2617.2	762.129	2.38236	28.516100	28.337675	0.001	
760.028	36061	2622.63	771.235	2.38236	28.516100	28.337675	0.001	
761.084	36252	2645.33	780.651	2.38236	28.516100	28.337675	0.001	
762.14	36405	2600.43	791.048	2.38236	28.516100	28.337675	0.001	
763.196	36552	2638.92	801.078	2.38236	28.516100	28.337675	0.001	
764.251	36723	2613.26	811.969	2.38236	28.516100	28.337675	0.001	
765.306	36890	2632.99	821.944	2.38236	28.516100	28.337675	0.001	
766.36	37075	2630.03	833.128	2.38236	28.516100	28.337675	0.001	
767.415	37241	2607.83	843.79	2.38236	28.516100	28.337675	0.001	
768.468	37402	2627.57	854.259	2.38236	28.516100	28.337675	0.001	
769.522	37604	2600.43	865.762	2.38236	28.516100	28.337675	0.001	
770.575	37804	2622.63	876.839	2.38236	28.516100	28.337675	0.001	
771.628	37934	2620.16	886.884	2.38236	28.516100	28.337675	0.001	
772.68	38136	2647.8	898.224	2.38236	28.516100	28.337675	0.001	
773.732	38276	2621.65	909.494	2.38236	28.516100	28.337675	0.001	
774.784	38487	2632.99	921.499	2.38236	28.516100	28.337675	0.001	
775.835	38634	2619.67	933.077	2.38236	28.516100	28.337675	0.001	
776.886	38763	2624.11	943.602	2.38236	28.516100	28.337675	0.001	
777.936	38932	2621.65	954.544	2.38236	28.516100	28.337675	0.001	
778.986	39160	2650.76	965.813	2.38236	28.516100	28.337675	0.001	
780.036	39255	2602.89	976.844	2.38236	28.516100	28.337675	0.001	
781.086	39317	2596.97	987.997	2.38236	28.516100	28.337675	0.001	
782.135	39423	2609.31	999.809	2.38236	28.516100	28.337675	0.001	
783.183	39513	2632.01	1011.74	2.38236	28.516100	28.337675	0.001	
784.231	39598	2603.39	1024.67	2.38236	28.516100	28.337675	0.001	
785.279	39633	2619.67	1037.06	2.38236	28.516100	28.337675	0.001	
786.327	39764	2608.82	1049.8	2.38236	28.516100	28.337675	0.001	
787.374	39834	2615.72	1062.34	2.38236	28.516100	28.337675	0.001	
788.42	39903	2618.19	1075.2	2.38236	28.516100	28.337675	0.001	
789.466	39967	2614.74	1087.98	2.38236	28.516100	28.337675	0.001	
790.512	40032	2631.02	1101.02	2.38236	28.516100	28.337675	0.001	
791.558	40135	2618.68	1114.13	2.38236	28.516100	28.337675	0.001	
792.603	40145	2632.99	1126.48	2.38236	28.516100	28.337675	0.001	
793.648	40237	2624.61	1139.27	2.38236	28.516100	28.337675	0.001	
794.692	40285	2621.65	1152.98	2.38236	28.516100	28.337675	0.001	
795.736	40328	2617.2	1166.35	2.38236	28.516100	28.337675	0.001	
796.779	40419	2617.7	1178.89	2.38236	28.516100	28.337675	0.001	
797.822	40433	2644.34	1191.67	2.38236	28.516100	28.337675	0.001	
798.865	40449	2634.97	1204.44	2.38236	28.516100	28.337675	0.001	
799.907	40468	2602.4	1218.27	2.38236	28.516100	28.337675	0.001	
800.949	40482	2630.53	1230.77	2.38236	28.516100	28.337675	0.001	
801.99	40453	2620.16	1242.7	2.38236	28.516100	28.337675	0.001	
803.031	40434	2599.44	1257.03	2.38236	28.516100	28.337675	0.001	
804.072	40479	2638.42	1271.18	2.38236	28.516100	28.337675	0.001	
805.112	40506	2612.76	1287.59	2.38236	28.516100	28.337675	0.001	
806.152	40514	2624.61	1300.33	2.38236	28.516100	28.337675	0.001	
807.191	40517	2636.94	1314.55	2.38236	28.516100	28.337675	0.001	
808.23	40550	2619.67	1330.18	2.38236	28.516100	28.337675	0.001	
809.268	40575	2602.89	1345.3	2.38236	28.516100	28.337675	0.001	
810.307	40672	2587.1	1362.48	2.38236	28.516100	28.337675	0.001	
811.344	40703	2613.75	1374.89	2.38236	28.516100	28.337675	0.001	
812.381	40727	2639.41	1388.64	2.38236	28.516100	28.337675	0.001	
813.418	40816	2629.54	1404.99	2.38236	28.516100	28.337675	0.001	
814.454	40841	2629.05	1419.82	2.38236	28.516100	28.337675	0.001	
815.49	40853	2615.72	1434.63	2.38236	28.516100	28.337675	0.001	
816.526	40931	2625.1	1450.14	2.38236	28.516100	28.337675	0.001	
817.561	40909	2612.76	1464.14	2.38236	28.516100	28.337675	0.001	
818.596	40984	2638.42	1479.98	2.38236	28.516100	28.337675	0.001	
819.63	41011	2639.9	1495.02	2.38236	28.516100	28.337675	0.001	
820.664	41094	2645.82	1510	2.38236	28.516100	28.337675	0.001	
821.697	41061	2630.53	1524.34	2.38236	28.516100	28.337675	0.001	
822.73	41088	2658.65	1538.14	2.38236	28.516100	28.337675	0.001	
823.762	41104	2646.32	1554.21	2.38236	28.516100	28.337675	0.001	
824.794	41128	2630.53	1571.41	2.38236	28.516100	28.337675	0.001	
825.826	41112	2634.47	1585.85	2.38236	28.516100	28.337675	0.001	
826.857	41095	2650.26	1602.71	2.38236	28.516100	28.337675	0.001	
827.887	41171	2625.59	1620.2	2.38236	28.516100	28.337675	0.001	
828.918	41215	2653.72	1636.52	2.38236	28.516100	28.337675	0.001	
829.947	41199	2633.49	1653.17	2.38236	28.516100	28.337675	0.001	
830.977	41304	2625.1	1672.31	2.38236	28.516100	28.337675	0.001	
832.005	41327	2629.05	1687.62	2.38236	28.516100	28.337675	0.001	
833.034	41406	2621.65	1706.09	2.38236	28.516100	28.337675	0.001	
834.062	41413	2633.98	1722.78	2.38236	28.516100	28.337675	0.001	
835.089	41438	2620.16	1740.02	2.38236	28.516100	28.337675	0.001	
836.116	41527	2628.06	1756.68	2.38236	28.516100	28.337675	0.001	
837.143	41627	2624.11	1773.81	2.38236	28.516100	28.337675	0.001	
838.169	41720	2637.93	1790.28	2.38236	28.516100	28.337675	0.001	
839.194	41789	2619.18	1807.36	2.38236	28.516100	28.337675	0.001	
840.22	41877	2607.34	1827.15	2.38236	28.516100	28.337675	0.001	
841.244	41989	2622.14	1843.9	2.38236	28.516100	28.337675	0.001	
842.268	42043	2627.07	1861.17	2.38236	28.516100	28.337675	0.001	
843.292	42126	2645.33	1876.56	2.38236	28.516100	28.337675	0.001	
844.315	42188	2618.19	1895	2.38236	28.516100	28.337675	0.001	
845.338	42271	2641.38	1911.94	2.38236	28.516100	28.337675	0.001	
846.36	42317	2618.19	1931.55	2.38236	28.516100	28.337675	0.001	
847.382	42390	2623.62	1948.29	2.38236	28.516100	28.337675	0.001	
848.404	42374	2624.61	1964.98	2.38236	28.516100	28.337675	0.001	
849.425	42483	2637.44	1984.58	2.38236	28.516100	28.337675	0.001	
850.445	42476	2624.61	2001.61	2.38236	28.516100	28.337675	0.001	
851.465	42597	2645.82	2021.8	2.38236	28.516100	28.337675	0.001	
852.484	42679	2619.67	2041.61	2.38236	28.516100	28.337675	0.001	
853.503	42763	2619.67	2061.76	2.38236	28.516100	28.337675	0.001	
854.522	42858	2622.14	2079.93	2.38236	28.516100	28.337675	0.001	
855.54	42972	2629.05	2100.47	2.38236	28.516100	28.337675	0.001	
856.557	43068	2634.97	2118.98	2.38236	28.516100	28.337675	0.001	
857.574	43207	2612.76	2140.04	2.38236	28.516100	28.337675	0.001	
858.591	43318	2620.16	2157.81	2.38236	28.516100	28.337675	0.001	
859.607	43408	2596.48	2178.11	2.38236	28.516100	28.337675	0.001	
860.622	43512	2633.98	2195.48	2.38236	28.516100	28.337675	0.001	
861.637	43645	2605.85	2217.36	2.38236	28.516100	28.337675	0.001	
862.652	43719	2611.78	2236.93	2.38236	28.516100	28.337675	0.001	
863.666	43875	2626.09	2256.04	2.38236	28.516100	28.337675	0.001	
864.679	43913	2601.91	2274.92	2.38236	28.516100	28.337675	0.001	
865.692	44002	2612.76	2292.91	2.38236	28.516100	28.337675	0.001	
866.705	44075	2593.52	2313.91	2.38236	28.516100	28.337675	0.001	
867.717	44149	2606.84	2333.73	2.38236	28.516100	28.337675	0.001	
868.728	44192	2619.18	2353.32	2.38236	28.516100	28.337675	0.001	
869.739	44236	2611.28	2372.61	2.38236	28.516100	28.337675	0.001	
870.75	44311	2641.38	2391.98	2.38236	28.516100	28.337675	0.001	
871.76	44320	2595	2412.03	2.38236	28.516100	28.337675	0.001	
872.769	44415	2616.71	2433.09	2.38236	28.516100	28.337675	0.001	
873.778	44431	2601.91	2454.4	2.38236	28.516100	28.337675	0.001	
874.786	44473	2609.31	2474.19	2.38236	28.516100	28.337675	0.001	
875.794	44541	2616.71	2495.53	2.38236	28.516100	28.337675	0.001	
876.802	44577	2655.2	2515.67	2.38236	28.516100	28.337675	0.001	
877.809	44610	2634.47	2538.93	2.38236	28.516100	28.337675	0.001	
878.815	44653	2640.4	2559.61	2.38236	28.516100	28.337675	0.001	
879.821	44688	2605.36	2584.99	2.38236	28.516100	28.337675	0.001	
880.826	44807	2631.51	2606.92	2.38236	28.516100	28.337675	0.001	
881.831	44819	2636.94	2627.14	2.38236	28.516100	28.337675	0.001	
882.835	44837	2627.57	2648.49	2.38236	28.516100	28.337675	0.001	
883.839	44827	2624.11	2669.41	2.38236	28.516100	28.337675	0.001	
884.842	44887	2618.68	2692.08	2.38236	28.516100	28.337675	0.001	
885.844	44954	2622.14	2713.51	2.38236	28.516100	28.337675	0.001	
886.847	44972	2642.37	2732.72	2.38236	28.516100	28.337675	0.001	
887.848	44965	2632.5	2755.93	2.38236	28.516100	28.337675	0.001	
888.849	44915	2619.67	2777.61	2.38236	28.516100	28.337675	0.001	
889.85	44904	2604.87	2802.29	2.38236	28.516100	28.337675	0.001	
890.85	44852	2618.19	2824.15	2.38236	28.516100	28.337675	0.001	
891.849	44793	2608.32	2846.16	2.38236	28.516100	28.337675	0.001	
892.848	44813	2623.13	2868.72	2.38236	28.516100	28.337675	0.001	
893.846	44815	2622.14	2887.81	2.38236	28.516100	28.337675	0.001	
894.844	44786	2604.87	2908.95	2.38236	28.516100	28.337675	0.001	
895.841	44794	2624.61	2932.24	2.38236	28.516100	28.337675	0.001	
896.838	44732	2607.83	2952.36	2.38236	28.516100	28.337675	0.001	
897.834	44728	2602.4	2976.52	2.38236	28.516100	28.337675	0.001	
898.83	44605	2583.65	2996.45	2.38236	28.516100	28.337675	0.001	
899.825	44585	2627.57	3019.49	2.38236	28.516100	28.337675	0.001	
900.819	44499	2600.92	3040.49	2.38236	28.516100	28.337675	0.001	
901.813	44483	2610.79	3062.85	2.38236	28.516100	28.337675	0.001	
902.807	44446	2623.13	3089.42	2.38236	28.516100	28.337675	0.001	
903.799	44422	2615.23	3113.45	2.38236	28.516100	28.337675	0.001	
904.792	44323	2610.3	3138.05	2.38236	28.516100	28.337675	0.001	
905.783	44296	2614.24	3161.06	2.38236	28.516100	28.337675	0.001	
906.775	44263	2628.06	3185.48	2.38236	28.516100	28.337675	0.001	
907.765	44243	2654.21	3209.46	2.38236	28.516100	28.337675	0.001	
908.755	44197	2612.76	3234.93	2.38236	28.516100	28.337675	0.001	
909.745	44189	2629.05	3259.83	2.38236	28.516100	28.337675	0.001	
910.733	44175	2600.43	3286.97	2.38236	28.516100	28.337675	0.001	
911.722	44136	2639.41	3308.71	2.38236	28.516100	28.337675	0.001	
912.71	44105	2637.44	3333.28	2.38236	28.516100	28.337675	0.001	
913.697	44068	2642.37	3355.74	2.38236	28.516100	28.337675	0.001	
914.683	44029	2608.32	3379.38	2.38236	28.516100	28.337675	0.001	
915.669	43953	2588.58	3404.03	2.38236	28.516100	28.337675	0.001	
916.655	43877	2621.15	3426.93	2.38236	28.516100	28.337675	0.001	
917.64	43798	2617.7	3449.8	2.38236	28.516100	28.337675	0.001	
918.624	43681	2595.99	3473.97	2.38236	28.516100	28.337675	0.001	
919.608	43585	2608.82	3497.36	2.38236	28.516100	28.337675	0.001	
920.591	43433	2606.35	3519.52	2.38236	28.516100	28.337675	0.001	
921.573	43324	2637.93	3543.74	2.38236	28.516100	28.337675	0.001	
922.555	43200	2603.39	3567.3	2.38236	28.516100	28.337675	0.001	
923.537	43024	2595.99	3592.34	2.38236	28.516100	28.337675	0.001	
924.517	42888	2628.55	3615.96	2.38236	28.516100	28.337675	0.001	
925.498	42685	2604.87	3639.17	2.38236	28.516100	28.337675	0.001	
926.477	42549	2630.03	3661.21	2.38236	28.516100	28.337675	0.001	
927.456	42342	2605.85	3686.21	2.38236	28.516100	28.337675	0.001	
928.435	42178	2632.01	3708.23	2.38236	28.516100	28.337675	0.001	
929.412	42012	2604.87	3737.75	2.38236	28.516100	28.337675	0.001	
930.39	41836	2616.22	3764.58	2.38236	28.516100	28.337675	0.001	
931.366	41685	2620.66	3790.27	2.38236	28.516100	28.337675	0.001	
932.342	41453	2616.22	3814.84	2.38236	28.516100	28.337675	0.001	
933.318	41305	2625.59	3844.35	2.38236	28.516100	28.337675	0.001	
934.293	41112	2627.07	3869.28	2.38236	28.516100	28.337675	0.001	
935.267	40920	2608.82	3901.39	2.38236	28.516100	28.337675	0.001	
936.24	40671	2582.66	3927.45	2.38236	28.516100	28.337675	0.001	
937.213	40481	2629.05	3952.66	2.38236	28.516100	28.337675	0.001	
938.186	40189	2603.39	3976.15	2.38236	28.516100	28.337675	0.001	
939.158	40033	2635.95	4002.2	2.38236	28.516100	28.337675	0.001	
940.129	39754	2606.84	4027.14	2.38236	28.516100	28.337675	0.001	
941.099	39512	2613.26	4052.12	2.38236	28.516100	28.337675	0.001	
942.069	39281	2628.06	4079.35	2.38236	28.516100	28.337675	0.001	
943.039	39077	2615.23	4109.96	2.38236	28.516100	28.337675	0.001	
944.007	38797	2599.93	4129.63	2.38236	28.516100	28.337675	0.001	
944.975	38602	2642.37	4151.97	2.38236	28.516100	28.337675	0.001	
945.943	38379	2630.53	4177.23	2.38236	28.516100	28.337675	0.001	
946.91	38185	2626.58	4202.52	2.38236	28.516100	28.337675	0.001	
947.876	37989	2596.48	4232.78	2.38236	28.516100	28.337675	0.001	
948.842	37781	2606.84	4254.75	2.38236	28.516100	28.337675	0.001	
949.807	37596	2623.62	4281.32	2.38236	28.516100	28.337675	0.001	
950.771	37392	2628.06	4306.02	2.38236	28.516100	28.337675	0.001	
951.735	37172	2606.35	4329.25	2.38236	28.516100	28.337675	0.001	
952.698	36998	2655.2	4352.81	2.38236	28.516100	28.337675	0.001	
953.66	36747	2627.57	4379.27	2.38236	28.516100	28.337675	0.001	
954.622	36516	2611.78	4405.53	2.38236	28.516100	28.337675	0.001	
955.584	36277	2625.59	4429.27	2.38236	28.516100	28.337675	0.001	
956.544	36019	2623.13	4453.66	2.38236	28.516100	28.337675	0.001	
957.504	35749	2611.28	4478.46	2.38236	28.516100	28.337675	0.001	
958.463	35520	2640.89	4503.02	2.38236	28.516100	28.337675	0.001	
959.422	35218	2599.93	4532.09	2.38236	28.516100	28.337675	0.001	
960.38	34944	2632.01	4554.28	2.38236	28.516100	28.337675	0.001	
961.338	34648	2612.76	4585.86	2.38236	28.516100	28.337675	0.001	
962.294	34342	2600.92	4613.89	2.38236	28.516100	28.337675	0.001	
963.25	34089	2603.39	4642.62	2.38236	28.516100	28.337675	0.001	
964.206	33804	2632.01	4667.1	2.38236	28.516100	28.337675	0.001	
965.161	33544	2618.19	4699.68	2.38236	28.516100	28.337675	0.001	
966.115	33261	2622.14	4730.85	2.38236	28.516100	28.337675	0.001	
