452.692	2207	2121.5	486.86	1.10748	28.516100	28.337675	0.001	
453.787	2243	2153.01	7.15528	1.10748	28.516100	28.337675	0.001	
454.882	2215	2143.23	-4.28914	1.10748	28.516100	28.337675	0.001	
455.977	2227	2164.47	-188.133	1.10748	28.516100	28.337675	0.001	
457.072	2223	2130	2.91543	1.10748	28.516100	28.337675	0.001	
458.167	2234	2169.61	-114.037	1.10748	28.516100	28.337675	0.001	
459.263	2225	2144.22	-0.8772	1.10748	28.516100	28.337675	0.001	
460.358	2240	2157.76	-0.719648	1.10748	28.516100	28.337675	0.001	
461.453	2234	2149.36	1.50643	1.10748	28.516100	28.337675	0.001	
462.549	2232	2147.88	0.944801	1.10748	28.516100	28.337675	0.001	
463.644	2232	2139.58	46.5794	1.10748	28.516100	28.337675	0.001	
464.74	2237	2149.56	1.17275	1.10748	28.516100	28.337675	0.001	
465.835	2233	2150.64	-2.11111	1.10748	28.516100	28.337675	0.001	
466.931	2246	2153.11	9.10394	1.10748	28.516100	28.337675	0.001	
468.027	2226	2134.34	63.7722	1.10748	28.516100	28.337675	0.001	
469.123	2240	2159.53	-1.59658	1.10748	28.516100	28.337675	0.001	
470.219	2223	2134.74	4.32954	1.10748	28.516100	28.337675	0.001	
471.315	2238	2146.3	5.79974	1.10748	28.516100	28.337675	0.001	
472.411	2225	2139.58	2.36952	1.10748	28.516100	28.337675	0.001	
473.507	2246	2159.04	3.06083	1.10748	28.516100	28.337675	0.001	
474.603	2233	2138.89	4.79653	1.10748	28.516100	28.337675	0.001	
475.699	2247	2147.98	-98.0273	1.10748	28.516100	28.337675	0.001	
476.795	2232	2150.74	-1.06754	1.10748	28.516100	28.337675	0.001	
477.892	2247	2157.26	6.3943	1.10748	28.516100	28.337675	0.001	
478.988	2232	2150.94	-1.11494	1.10748	28.516100	28.337675	0.001	
480.084	2248	2148.86	10.9913	1.10748	28.516100	28.337675	0.001	
481.181	2244	2152.03	4.36193	1.10748	28.516100	28.337675	0.001	
482.277	2256	2157.56	32.6372	1.10748	28.516100	28.337675	0.001	
483.374	2234	2141.95	3.09542	1.10748	28.516100	28.337675	0.001	
484.47	2250	2150.74	44.9169	1.10748	28.516100	28.337675	0.001	
485.567	2239	2146.59	4.49296	1.10748	28.516100	28.337675	0.001	
486.663	2243	2162.2	-0.881053	1.10748	28.516100	28.337675	0.001	
487.76	2245	2148.67	10.2792	1.10748	28.516100	28.337675	0.001	
488.857	2247	2161.51	1.43927	1.10748	28.516100	28.337675	0.001	
489.954	2223	2141.46	-0.463195	1.10748	28.516100	28.337675	0.001	
491.05	2235	2148.47	1.33878	1.10748	28.516100	28.337675	0.001	
492.147	2242	2142.25	7.05149	1.10748	28.516100	28.337675	0.001	
493.244	2256	2151.53	6.28126	1.10748	28.516100	28.337675	0.001	
494.341	2247	2152.52	2.94919	1.10748	28.516100	28.337675	0.001	
495.438	2239	2165.76	-3.1476	1.10748	28.516100	28.337675	0.001	
496.535	2233	2138.69	3.25931	1.10748	28.516100	28.337675	0.001	
497.632	2240	2150.54	1.44711	1.10748	28.516100	28.337675	0.001	
498.729	2256	2150.64	4.64145	1.10748	28.516100	28.337675	0.001	
499.825	2236	2150.54	0.422992	1.10748	28.516100	28.337675	0.001	
500.922	2251	2148.86	2.74706	1.10748	28.516100	28.337675	0.001	
502.019	2259	2155.09	3.43617	1.10748	28.516100	28.337675	0.001	
503.117	2246	2147.58	2.25007	1.10748	28.516100	28.337675	0.001	
504.214	2253	2143.73	3.70358	1.10748	28.516100	28.337675	0.001	
505.311	2249	2139.08	3.64263	1.10748	28.516100	28.337675	0.001	
506.408	2245	2152.22	1.23574	1.10748	28.516100	28.337675	0.001	
507.505	2263	2154.5	2.85171	1.10748	28.516100	28.337675	0.001	
508.602	2244	2142.54	2.26128	1.10748	28.516100	28.337675	0.001	
509.699	2242	2146.69	1.30007	1.10748	28.516100	28.337675	0.001	
510.796	2250	2145.31	2.28351	1.10748	28.516100	28.337675	0.001	
511.893	2251	2151.14	1.55037	1.10748	28.516100	28.337675	0.001	
512.99	2264	2165.26	1.32631	1.10748	28.516100	28.337675	0.001	
514.087	2256	2144.02	2.43117	1.10748	28.516100	28.337675	0.001	
515.184	2262	2152.82	2.16926	1.10748	28.516100	28.337675	0.001	
516.281	2277	2144.91	3.37398	1.10748	28.516100	28.337675	0.001	
517.378	2279	2154.3	3.03597	1.10748	28.516100	28.337675	0.001	
518.475	2266	2148.47	2.33383	1.10748	28.516100	28.337675	0.001	
519.573	2271	2153.8	2.31727	1.10748	28.516100	28.337675	0.001	
520.67	2251	2144.32	1.4971	1.10748	28.516100	28.337675	0.001	
521.767	2266	2154.79	1.72254	1.10748	28.516100	28.337675	0.001	
522.864	2280	2154.5	2.61202	1.10748	28.516100	28.337675	0.001	
523.961	2284	2161.31	2.33294	1.10748	28.516100	28.337675	0.001	
525.058	2267	2141.85	2.43676	1.10748	28.516100	28.337675	0.001	
526.155	2302	2164.08	2.97858	1.10748	28.516100	28.337675	0.001	
527.252	2286	2144.72	3.02175	1.10748	28.516100	28.337675	0.001	
528.348	2317	2161.41	3.71145	1.10748	28.516100	28.337675	0.001	
529.445	2291	2145.41	3.05972	1.10748	28.516100	28.337675	0.001	
530.542	2299	2137.41	3.76557	1.10748	28.516100	28.337675	0.001	
531.639	2308	2144.42	3.71557	1.10748	28.516100	28.337675	0.001	
532.736	2329	2163.39	3.71828	1.10748	28.516100	28.337675	0.001	
533.833	2309	2148.37	3.41005	1.10748	28.516100	28.337675	0.001	
534.929	2330	2155.68	3.8544	1.10748	28.516100	28.337675	0.001	
536.026	2308	2129.4	3.9922	1.10748	28.516100	28.337675	0.001	
537.123	2345	2154.2	4.32429	1.10748	28.516100	28.337675	0.001	
538.22	2330	2138.29	4.29421	1.10748	28.516100	28.337675	0.001	
539.316	2353	2155.98	4.35717	1.10748	28.516100	28.337675	0.001	
540.413	2358	2150.54	4.66495	1.10748	28.516100	28.337675	0.001	
541.509	2366	2148.07	4.89103	1.10748	28.516100	28.337675	0.001	
542.606	2360	2134.14	5.05948	1.10748	28.516100	28.337675	0.001	
543.702	2385	2155.09	5.00944	1.10748	28.516100	28.337675	0.001	
544.799	2366	2132.66	5.06884	1.10748	28.516100	28.337675	0.001	
545.895	2400	2151.53	5.42703	1.10748	28.516100	28.337675	0.001	
546.991	2394	2143.33	5.40389	1.10748	28.516100	28.337675	0.001	
548.088	2409	2153.8	5.43084	1.10748	28.516100	28.337675	0.001	
549.184	2403	2139.97	5.58219	1.10748	28.516100	28.337675	0.001	
550.28	2416	2141.55	5.78221	1.10748	28.516100	28.337675	0.001	
551.376	2431	2137.9	6.23725	1.10748	28.516100	28.337675	0.001	
552.472	2447	2154.69	6.05203	1.10748	28.516100	28.337675	0.001	
553.568	2445	2146	6.1273	1.10748	28.516100	28.337675	0.001	
554.664	2472	2158.25	6.43675	1.10748	28.516100	28.337675	0.001	
555.76	2467	2146.79	6.51041	1.10748	28.516100	28.337675	0.001	
556.856	2493	2156.08	6.85962	1.10748	28.516100	28.337675	0.001	
557.952	2501	2143.23	7.33767	1.10748	28.516100	28.337675	0.001	
559.047	2531	2161.31	7.50476	1.10748	28.516100	28.337675	0.001	
560.143	2522	2143.63	7.63575	1.10748	28.516100	28.337675	0.001	
561.239	2539	2129.4	8.38667	1.10748	28.516100	28.337675	0.001	
562.334	2538	2135.82	8.10013	1.10748	28.516100	28.337675	0.001	
563.43	2577	2146.59	8.67228	1.10748	28.516100	28.337675	0.001	
564.525	2579	2149.65	8.52809	1.10748	28.516100	28.337675	0.001	
565.62	2596	2151.63	8.86135	1.10748	28.516100	28.337675	0.001	
566.715	2597	2134.44	9.19967	1.10748	28.516100	28.337675	0.001	
567.811	2635	2159.43	9.46091	1.10748	28.516100	28.337675	0.001	
568.906	2632	2135.23	9.88278	1.10748	28.516100	28.337675	0.001	
570.001	2653	2152.22	9.89219	1.10748	28.516100	28.337675	0.001	
571.095	2644	2127.13	10.2522	1.10748	28.516100	28.337675	0.001	
572.19	2681	2147.58	10.6015	1.10748	28.516100	28.337675	0.001	
573.285	2690	2134.84	11.0683	1.10748	28.516100	28.337675	0.001	
574.38	2708	2151.73	11.0214	1.10748	28.516100	28.337675	0.001	
575.474	2717	2130.88	11.69	1.10748	28.516100	28.337675	0.001	
576.569	2733	2136.91	11.8823	1.10748	28.516100	28.337675	0.001	
577.663	2744	2134.44	12.1707	1.10748	28.516100	28.337675	0.001	
578.757	2761	2139.48	12.4413	1.10748	28.516100	28.337675	0.001	
579.851	2768	2135.82	12.6404	1.10748	28.516100	28.337675	0.001	
580.945	2804	2158.94	12.933	1.10748	28.516100	28.337675	0.001	
582.039	2803	2131.18	13.5654	1.10748	28.516100	28.337675	0.001	
583.133	2827	2141.55	13.908	1.10748	28.516100	28.337675	0.001	
584.227	2824	2123.57	14.3299	1.10748	28.516100	28.337675	0.001	
585.321	2838	2138.1	14.3119	1.10748	28.516100	28.337675	0.001	
586.414	2856	2134.74	14.8722	1.10748	28.516100	28.337675	0.001	
587.508	2889	2150.05	15.338	1.10748	28.516100	28.337675	0.001	
588.601	2893	2138.79	15.7639	1.10748	28.516100	28.337675	0.001	
589.694	2908	2134.74	16.277	1.10748	28.516100	28.337675	0.001	
590.787	2920	2134.84	16.6905	1.10748	28.516100	28.337675	0.001	
591.881	2957	2146.99	17.2731	1.10748	28.516100	28.337675	0.001	
592.973	2965	2137.01	17.7913	1.10748	28.516100	28.337675	0.001	
594.066	2973	2138.69	18.0115	1.10748	28.516100	28.337675	0.001	
595.159	2989	2148.07	18.2612	1.10748	28.516100	28.337675	0.001	
596.251	2996	2146.2	18.5783	1.10748	28.516100	28.337675	0.001	
597.344	3005	2146.49	18.8496	1.10748	28.516100	28.337675	0.001	
598.436	3044	2156.27	19.6434	1.10748	28.516100	28.337675	0.001	
599.528	3049	2141.06	20.246	1.10748	28.516100	28.337675	0.001	
600.621	3074	2145.11	20.7664	1.10748	28.516100	28.337675	0.001	
601.713	3101	2148.37	21.3975	1.10748	28.516100	28.337675	0.001	
602.804	3098	2143.53	21.4559	1.10748	28.516100	28.337675	0.001	
603.896	3126	2140.17	22.3641	1.10748	28.516100	28.337675	0.001	
604.988	3145	2142.74	22.7697	1.10748	28.516100	28.337675	0.001	
606.079	3169	2145.41	23.3294	1.10748	28.516100	28.337675	0.001	
607.17	3196	2151.53	23.8627	1.10748	28.516100	28.337675	0.001	
608.262	3205	2133.55	24.6234	1.10748	28.516100	28.337675	0.001	
609.353	3244	2144.52	25.252	1.10748	28.516100	28.337675	0.001	
610.443	3261	2143.83	25.6846	1.10748	28.516100	28.337675	0.001	
611.534	3286	2152.32	26.0785	1.10748	28.516100	28.337675	0.001	
612.625	3309	2139.68	26.9562	1.10748	28.516100	28.337675	0.001	
613.715	3331	2146.1	27.3009	1.10748	28.516100	28.337675	0.001	
614.806	3376	2151.63	28.1972	1.10748	28.516100	28.337675	0.001	
615.896	3415	2161.71	28.9336	1.10748	28.516100	28.337675	0.001	
616.986	3417	2147.78	29.2495	1.10748	28.516100	28.337675	0.001	
618.076	3465	2150.64	30.3885	1.10748	28.516100	28.337675	0.001	
619.165	3488	2153.8	30.7514	1.10748	28.516100	28.337675	0.001	
620.255	3528	2160.92	31.4913	1.10748	28.516100	28.337675	0.001	
621.344	3541	2143.33	32.1289	1.10748	28.516100	28.337675	0.001	
622.434	3585	2146.89	33.0519	1.10748	28.516100	28.337675	0.001	
623.523	3625	2145.7	33.9871	1.10748	28.516100	28.337675	0.001	
624.612	3655	2150.45	34.5495	1.10748	28.516100	28.337675	0.001	
625.701	3680	2142.74	35.2448	1.10748	28.516100	28.337675	0.001	
626.789	3741	2153.9	36.3781	1.10748	28.516100	28.337675	0.001	
627.878	3757	2145.01	36.9084	1.10748	28.516100	28.337675	0.001	
628.966	3820	2151.14	38.179	1.10748	28.516100	28.337675	0.001	
630.054	3841	2145.31	38.8615	1.10748	28.516100	28.337675	0.001	
631.142	3867	2150.54	39.1746	1.10748	28.516100	28.337675	0.001	
632.23	3917	2149.56	40.2624	1.10748	28.516100	28.337675	0.001	
633.318	3968	2152.42	41.3076	1.10748	28.516100	28.337675	0.001	
634.405	3992	2146.59	41.9856	1.10748	28.516100	28.337675	0.001	
635.492	4048	2151.53	43.12	1.10748	28.516100	28.337675	0.001	
636.579	4084	2147.68	43.9281	1.10748	28.516100	28.337675	0.001	
637.666	4134	2143.63	45.1526	1.10748	28.516100	28.337675	0.001	
638.753	4170	2149.46	45.7284	1.10748	28.516100	28.337675	0.001	
639.84	4219	2154.3	46.7008	1.10748	28.516100	28.337675	0.001	
640.926	4260	2146.39	47.851	1.10748	28.516100	28.337675	0.001	
642.012	4317	2153.41	48.9131	1.10748	28.516100	28.337675	0.001	
643.098	4361	2149.36	49.9065	1.10748	28.516100	28.337675	0.001	
644.184	4400	2157.26	50.5054	1.10748	28.516100	28.337675	0.001	
645.27	4451	2150.05	51.8108	1.10748	28.516100	28.337675	0.001	
646.355	4517	2169.12	52.7619	1.10748	28.516100	28.337675	0.001	
647.441	4553	2153.41	53.8634	1.10748	28.516100	28.337675	0.001	
648.526	4608	2152.62	54.9387	1.10748	28.516100	28.337675	0.001	
649.611	4651	2143.43	56.2147	1.10748	28.516100	28.337675	0.001	
650.695	4712	2160.62	57.1049	1.10748	28.516100	28.337675	0.001	
651.78	4784	2147.98	58.9473	1.10748	28.516100	28.337675	0.001	
652.864	4833	2161.02	59.6449	1.10748	28.516100	28.337675	0.001	
653.948	4883	2149.65	61.0465	1.10748	28.516100	28.337675	0.001	
655.032	4940	2149.16	62.2219	1.10748	28.516100	28.337675	0.001	
656.116	4997	2152.22	63.2814	1.10748	28.516100	28.337675	0.001	
657.199	5059	2155.68	64.49	1.10748	28.516100	28.337675	0.001	
658.283	5105	2143.23	65.7525	1.10748	28.516100	28.337675	0.001	
659.366	5199	2162.2	67.2449	1.10748	28.516100	28.337675	0.001	
660.448	5243	2147.28	68.5177	1.10748	28.516100	28.337675	0.001	
661.531	5316	2145.41	70.0078	1.10748	28.516100	28.337675	0.001	
662.614	5365	2148.47	71.0065	1.10748	28.516100	28.337675	0.001	
663.696	5429	2166.75	71.81	1.10748	28.516100	28.337675	0.001	
664.778	5504	2151.53	73.6573	1.10748	28.516100	28.337675	0.001	
665.86	5560	2152.82	74.8945	1.10748	28.516100	28.337675	0.001	
666.941	5625	2135.53	76.4929	1.10748	28.516100	28.337675	0.001	
668.023	5706	2150.64	77.8577	1.10748	28.516100	28.337675	0.001	
669.104	5773	2153.9	79.0304	1.10748	28.516100	28.337675	0.001	
670.185	5846	2153.61	80.5931	1.10748	28.516100	28.337675	0.001	
671.265	5921	2143.53	82.2745	1.10748	28.516100	28.337675	0.001	
672.346	5999	2147.98	83.7953	1.10748	28.516100	28.337675	0.001	
673.426	6059	2143.33	85.1863	1.10748	28.516100	28.337675	0.001	
674.506	6163	2166.15	86.6826	1.10748	28.516100	28.337675	0.001	
675.586	6218	2137.7	88.4493	1.10748	28.516100	28.337675	0.001	
676.665	6307	2167.54	89.4741	1.10748	28.516100	28.337675	0.001	
677.745	6384	2146.79	91.3724	1.10748	28.516100	28.337675	0.001	
678.824	6491	2158.45	93.2471	1.10748	28.516100	28.337675	0.001	
679.903	6573	2148.96	95.0232	1.10748	28.516100	28.337675	0.001	
680.981	6673	2166.75	96.5284	1.10748	28.516100	28.337675	0.001	
682.059	6742	2141.75	98.4279	1.10748	28.516100	28.337675	0.001	
683.138	6837	2161.51	99.7132	1.10748	28.516100	28.337675	0.001	
684.215	6933	2164.97	101.431	1.10748	28.516100	28.337675	0.001	
685.293	7052	2164.77	103.753	1.10748	28.516100	28.337675	0.001	
686.37	7112	2151.33	105.144	1.10748	28.516100	28.337675	0.001	
687.448	7228	2162	107.052	1.10748	28.516100	28.337675	0.001	
688.524	7331	2161.31	108.824	1.10748	28.516100	28.337675	0.001	
689.601	7416	2153.01	110.471	1.10748	28.516100	28.337675	0.001	
690.678	7523	2145.6	112.562	1.10748	28.516100	28.337675	0.001	
691.754	7637	2152.03	114.368	1.10748	28.516100	28.337675	0.001	
692.83	7754	2159.53	116.261	1.10748	28.516100	28.337675	0.001	
693.905	7877	2150.84	118.68	1.10748	28.516100	28.337675	0.001	
694.98	7964	2134.64	120.494	1.10748	28.516100	28.337675	0.001	
696.056	8089	2153.21	122.289	1.10748	28.516100	28.337675	0.001	
697.13	8203	2148.17	124.203	1.10748	28.516100	28.337675	0.001	
698.205	8360	2159.93	126.887	1.10748	28.516100	28.337675	0.001	
699.279	8458	2145.21	128.754	1.10748	28.516100	28.337675	0.001	
700.353	8589	2158.84	130.837	1.10748	28.516100	28.337675	0.001	
701.427	8702	2152.52	132.664	1.10748	28.516100	28.337675	0.001	
702.501	8828	2145.8	134.819	1.10748	28.516100	28.337675	0.001	
703.574	8977	2154.5	137.243	1.10748	28.516100	28.337675	0.001	
704.647	9112	2167.24	139.124	1.10748	28.516100	28.337675	0.001	
705.719	9247	2146.69	141.62	1.10748	28.516100	28.337675	0.001	
706.792	9406	2152.12	144.038	1.10748	28.516100	28.337675	0.001	
707.864	9538	2158.84	145.995	1.10748	28.516100	28.337675	0.001	
708.936	9691	2159.24	148.49	1.10748	28.516100	28.337675	0.001	
710.007	9833	2157.76	150.82	1.10748	28.516100	28.337675	0.001	
711.079	9980	2155.68	153.371	1.10748	28.516100	28.337675	0.001	
712.15	10134	2155.29	155.914	1.10748	28.516100	28.337675	0.001	
713.221	10265	2153.01	158.029	1.10748	28.516100	28.337675	0.001	
714.291	10441	2152.72	160.86	1.10748	28.516100	28.337675	0.001	
715.361	10604	2162.89	163.431	1.10748	28.516100	28.337675	0.001	
716.431	10737	2146.69	165.768	1.10748	28.516100	28.337675	0.001	
717.501	10912	2157.46	168.44	1.10748	28.516100	28.337675	0.001	
718.57	11073	2160.72	171.153	1.10748	28.516100	28.337675	0.001	
719.639	11245	2167.34	173.763	1.10748	28.516100	28.337675	0.001	
720.707	11369	2147.78	176.309	1.10748	28.516100	28.337675	0.001	
721.776	11557	2156.97	179.228	1.10748	28.516100	28.337675	0.001	
722.844	11705	2158.94	181.684	1.10748	28.516100	28.337675	0.001	
723.912	11891	2170.7	184.674	1.10748	28.516100	28.337675	0.001	
724.979	12028	2155.68	187.454	1.10748	28.516100	28.337675	0.001	
726.046	12163	2165.86	189.546	1.10748	28.516100	28.337675	0.001	
727.113	12327	2165.07	192.677	1.10748	28.516100	28.337675	0.001	
728.18	12465	2167.34	195.712	1.10748	28.516100	28.337675	0.001	
729.246	12584	2147.68	198.507	1.10748	28.516100	28.337675	0.001	
730.312	12726	2156.97	201.644	1.10748	28.516100	28.337675	0.001	
731.378	12846	2145.7	204.541	1.10748	28.516100	28.337675	0.001	
732.443	12987	2159.43	207.623	1.10748	28.516100	28.337675	0.001	
733.508	13124	2149.65	211.03	1.10748	28.516100	28.337675	0.001	
734.573	13240	2164.47	213.623	1.10748	28.516100	28.337675	0.001	
735.637	13343	2159.83	216.591	1.10748	28.516100	28.337675	0.001	
736.701	13481	2169.71	220.125	1.10748	28.516100	28.337675	0.001	
737.765	13586	2155.09	223.331	1.10748	28.516100	28.337675	0.001	
738.829	13680	2164.28	226.083	1.10748	28.516100	28.337675	0.001	
739.892	13775	2160.42	229.324	1.10748	28.516100	28.337675	0.001	
740.955	13878	2167.54	232.517	1.10748	28.516100	28.337675	0.001	
742.017	13967	2146.2	236.125	1.10748	28.516100	28.337675	0.001	
743.079	14054	2160.52	239.112	1.10748	28.516100	28.337675	0.001	
744.141	14123	2156.47	242.328	1.10748	28.516100	28.337675	0.001	
745.202	14213	2164.08	245.886	1.10748	28.516100	28.337675	0.001	
746.264	14296	2152.42	249.66	1.10748	28.516100	28.337675	0.001	
747.324	14373	2166.65	252.684	1.10748	28.516100	28.337675	0.001	
748.385	14469	2157.76	256.712	1.10748	28.516100	28.337675	0.001	
749.445	14523	2148.86	260.205	1.10748	28.516100	28.337675	0.001	
750.505	14617	2166.15	263.705	1.10748	28.516100	28.337675	0.001	
751.564	14690	2163.58	267.415	1.10748	28.516100	28.337675	0.001	
752.623	14764	2152.62	271.109	1.10748	28.516100	28.337675	0.001	
753.682	14842	2160.23	274.832	1.10748	28.516100	28.337675	0.001	
754.741	14915	2158.45	278.45	1.10748	28.516100	28.337675	0.001	
755.799	14998	2160.13	282.361	1.10748	28.516100	28.337675	0.001	
756.857	15082	2154	285.999	1.10748	28.516100	28.337675	0.001	
757.914	15187	2158.84	290.279	1.10748	28.516100	28.337675	0.001	
758.971	15244	2163.98	293.327	1.10748	28.516100	28.337675	0.001	
760.028	15332	2154.2	297.555	1.10748	28.516100	28.337675	0.001	
761.084	15400	2165.76	300.928	1.10748	28.516100	28.337675	0.001	
762.14	15471	2152.62	305.067	1.10748	28.516100	28.337675	0.001	
763.196	15539	2165.16	309.207	1.10748	28.516100	28.337675	0.001	
764.251	15582	2152.03	312.886	1.10748	28.516100	28.337675	0.001	
765.306	15684	2160.42	317.553	1.10748	28.516100	28.337675	0.001	
766.36	15758	2161.41	321.819	1.10748	28.516100	28.337675	0.001	
767.415	15813	2148.67	325.76	1.10748	28.516100	28.337675	0.001	
768.468	15887	2162.79	329.873	1.10748	28.516100	28.337675	0.001	
769.522	15969	2144.32	334.541	1.10748	28.516100	28.337675	0.001	
770.575	16053	2157.76	338.792	1.10748	28.516100	28.337675	0.001	
771.628	16102	2155.38	342.631	1.10748	28.516100	28.337675	0.001	
772.68	16199	2169.81	347.318	1.10748	28.516100	28.337675	0.001	
773.732	16254	2147.68	351.954	1.10748	28.516100	28.337675	0.001	
774.784	16344	2164.18	356.418	1.10748	28.516100	28.337675	0.001	
775.835	16402	2158.15	360.891	1.10748	28.516100	28.337675	0.001	
776.886	16470	2161.71	365.333	1.10748	28.516100	28.337675	0.001	
777.936	16534	2157.85	369.541	1.10748	28.516100	28.337675	0.001	
778.986	16625	2169.22	373.881	1.10748	28.516100	28.337675	0.001	
780.036	16659	2149.16	378.079	1.10748	28.516100	28.337675	0.001	
781.086	16697	2149.16	382.683	1.10748	28.516100	28.337675	0.001	
782.135	16741	2148.86	387.432	1.10748	28.516100	28.337675	0.001	
783.183	16804	2164.77	392.588	1.10748	28.516100	28.337675	0.001	
784.231	16816	2146.99	397.177	1.10748	28.516100	28.337675	0.001	
785.279	16844	2161.11	402.143	1.10748	28.516100	28.337675	0.001	
786.327	16890	2142.15	407.313	1.10748	28.516100	28.337675	0.001	
787.374	16925	2158.45	411.978	1.10748	28.516100	28.337675	0.001	
788.42	16940	2150.54	416.855	1.10748	28.516100	28.337675	0.001	
789.466	16992	2156.67	422.347	1.10748	28.516100	28.337675	0.001	
790.512	17023	2155.78	427.761	1.10748	28.516100	28.337675	0.001	
791.558	17053	2157.16	432.326	1.10748	28.516100	28.337675	0.001	
792.603	17074	2159.43	437.722	1.10748	28.516100	28.337675	0.001	
793.648	17106	2159.53	442.431	1.10748	28.516100	28.337675	0.001	
794.692	17144	2160.32	448.263	1.10748	28.516100	28.337675	0.001	
795.736	17153	2154.3	453.337	1.10748	28.516100	28.337675	0.001	
796.779	17191	2153.31	458.282	1.10748	28.516100	28.337675	0.001	
797.822	17201	2174.25	463.051	1.10748	28.516100	28.337675	0.001	
798.865	17214	2157.85	468.628	1.10748	28.516100	28.337675	0.001	
799.907	17229	2144.22	474.274	1.10748	28.516100	28.337675	0.001	
800.949	17229	2153.51	479.012	1.10748	28.516100	28.337675	0.001	
801.99	17246	2158.74	484.287	1.10748	28.516100	28.337675	0.001	
803.031	17221	2144.91	489.491	1.10748	28.516100	28.337675	0.001	
804.072	17256	2164.08	495.428	1.10748	28.516100	28.337675	0.001	
805.112	17241	2153.8	500.952	1.10748	28.516100	28.337675	0.001	
806.152	17284	2164.37	507.06	1.10748	28.516100	28.337675	0.001	
807.191	17267	2166.25	512.082	1.10748	28.516100	28.337675	0.001	
808.23	17284	2157.46	518.369	1.10748	28.516100	28.337675	0.001	
809.268	17299	2145.41	524.627	1.10748	28.516100	28.337675	0.001	
810.307	17337	2147.48	530.979	1.10748	28.516100	28.337675	0.001	
811.344	17353	2149.26	536.25	1.10748	28.516100	28.337675	0.001	
812.381	17392	2163.98	542.501	1.10748	28.516100	28.337675	0.001	
813.418	17416	2153.9	548.67	1.10748	28.516100	28.337675	0.001	
814.454	17447	2162.6	554.9	1.10748	28.516100	28.337675	0.001	
815.49	17443	2152.52	560.542	1.10748	28.516100	28.337675	0.001	
816.526	17475	2157.95	566.542	1.10748	28.516100	28.337675	0.001	
817.561	17470	2155.09	572.086	1.10748	28.516100	28.337675	0.001	
818.596	17502	2164.47	578.354	1.10748	28.516100	28.337675	0.001	
819.63	17523	2154.79	585.024	1.10748	28.516100	28.337675	0.001	
820.664	17557	2167.24	590.49	1.10748	28.516100	28.337675	0.001	
821.697	17557	2162.3	596.584	1.10748	28.516100	28.337675	0.001	
822.73	17563	2170.7	601.893	1.10748	28.516100	28.337675	0.001	
823.762	17578	2167.04	608.474	1.10748	28.516100	28.337675	0.001	
824.794	17591	2166.25	615.116	1.10748	28.516100	28.337675	0.001	
825.826	17592	2157.26	621.515	1.10748	28.516100	28.337675	0.001	
826.857	17580	2171.68	627.564	1.10748	28.516100	28.337675	0.001	
827.887	17605	2157.26	634.363	1.10748	28.516100	28.337675	0.001	
828.918	17632	2169.91	641.066	1.10748	28.516100	28.337675	0.001	
829.947	17637	2158.35	648.238	1.10748	28.516100	28.337675	0.001	
830.977	17675	2159.63	655.331	1.10748	28.516100	28.337675	0.001	
832.005	17695	2159.43	661.865	1.10748	28.516100	28.337675	0.001	
833.034	17724	2160.92	668.771	1.10748	28.516100	28.337675	0.001	
834.062	17719	2165.56	674.974	1.10748	28.516100	28.337675	0.001	
835.089	17745	2154.69	682.675	1.10748	28.516100	28.337675	0.001	
836.116	17777	2157.36	689.034	1.10748	28.516100	28.337675	0.001	
837.143	17817	2162.79	695.392	1.10748	28.516100	28.337675	0.001	
838.169	17873	2164.37	702.842	1.10748	28.516100	28.337675	0.001	
839.194	17926	2157.66	710.653	1.10748	28.516100	28.337675	0.001	
840.22	17955	2150.45	718.224	1.10748	28.516100	28.337675	0.001	
841.244	17988	2157.66	724.14	1.10748	28.516100	28.337675	0.001	
842.268	18015	2154	731.417	1.10748	28.516100	28.337675	0.001	
843.292	18054	2169.51	737.296	1.10748	28.516100	28.337675	0.001	
844.315	18089	2154.99	745.184	1.10748	28.516100	28.337675	0.001	
845.338	18122	2167.83	751.613	1.10748	28.516100	28.337675	0.001	
846.36	18140	2152.32	759.592	1.10748	28.516100	28.337675	0.001	
847.382	18170	2155.58	766.122	1.10748	28.516100	28.337675	0.001	
848.404	18178	2160.72	773.164	1.10748	28.516100	28.337675	0.001	
849.425	18232	2164.87	781.375	1.10748	28.516100	28.337675	0.001	
850.445	18236	2158.84	788.473	1.10748	28.516100	28.337675	0.001	
851.465	18290	2170.7	796.459	1.10748	28.516100	28.337675	0.001	
852.484	18306	2154.79	803.652	1.10748	28.516100	28.337675	0.001	
853.503	18350	2150.64	812.278	1.10748	28.516100	28.337675	0.001	
854.522	18396	2147.38	820.013	1.10748	28.516100	28.337675	0.001	
855.54	18439	2165.66	827.09	1.10748	28.516100	28.337675	0.001	
856.557	18504	2165.36	835.842	1.10748	28.516100	28.337675	0.001	
857.574	18542	2158.64	843.028	1.10748	28.516100	28.337675	0.001	
858.591	18594	2154.4	850.744	1.10748	28.516100	28.337675	0.001	
859.607	18634	2155.19	858.354	1.10748	28.516100	28.337675	0.001	
860.622	18688	2161.9	866.231	1.10748	28.516100	28.337675	0.001	
861.637	18721	2153.9	873.521	1.10748	28.516100	28.337675	0.001	
862.652	18769	2154.4	882.278	1.10748	28.516100	28.337675	0.001	
863.666	18831	2158.15	889.788	1.10748	28.516100	28.337675	0.001	
864.679	18859	2145.9	898.061	1.10748	28.516100	28.337675	0.001	
865.692	18896	2153.8	904.974	1.10748	28.516100	28.337675	0.001	
866.705	18929	2141.85	913.664	1.10748	28.516100	28.337675	0.001	
867.717	18970	2147.48	922.051	1.10748	28.516100	28.337675	0.001	
868.728	18991	2153.11	929.928	1.10748	28.516100	28.337675	0.001	
869.739	19022	2146.3	938.486	1.10748	28.516100	28.337675	0.001	
870.75	19043	2165.36	945.163	1.10748	28.516100	28.337675	0.001	
871.76	19061	2147.48	953.881	1.10748	28.516100	28.337675	0.001	
872.769	19104	2145.9	963.014	1.10748	28.516100	28.337675	0.001	
873.778	19111	2148.96	970.943	1.10748	28.516100	28.337675	0.001	
874.786	19119	2149.26	978.38	1.10748	28.516100	28.337675	0.001	
875.794	19172	2158.25	987.923	1.10748	28.516100	28.337675	0.001	
876.802	19179	2173.46	995.427	1.10748	28.516100	28.337675	0.001	
877.809	19194	2161.02	1004.97	1.10748	28.516100	28.337675	0.001	
878.815	19217	2166.84	1013.25	1.10748	28.516100	28.337675	0.001	
879.821	19216	2154.2	1022.28	1.10748	28.516100	28.337675	0.001	
880.826	19294	2165.16	1032.68	1.10748	28.516100	28.337675	0.001	
881.831	19286	2164.57	1040.05	1.10748	28.516100	28.337675	0.001	
882.835	19298	2157.95	1048.97	1.10748	28.516100	28.337675	0.001	
883.839	19296	2156.27	1057.41	1.10748	28.516100	28.337675	0.001	
884.842	19323	2152.42	1066.64	1.10748	28.516100	28.337675	0.001	
885.844	19349	2157.85	1074.75	1.10748	28.516100	28.337675	0.001	
886.847	19369	2160.03	1083.54	1.10748	28.516100	28.337675	0.001	
887.848	19358	2156.67	1092.19	1.10748	28.516100	28.337675	0.001	
888.849	19341	2151.93	1101	1.10748	28.516100	28.337675	0.001	
889.85	19343	2155.38	1110.59	1.10748	28.516100	28.337675	0.001	
890.85	19318	2147.48	1119.92	1.10748	28.516100	28.337675	0.001	
891.849	19322	2147.09	1130.31	1.10748	28.516100	28.337675	0.001	
892.848	19311	2155.19	1137.82	1.10748	28.516100	28.337675	0.001	
893.846	19324	2158.05	1145.99	1.10748	28.516100	28.337675	0.001	
894.844	19307	2140.76	1154.77	1.10748	28.516100	28.337675	0.001	
895.841	19319	2155.58	1164.12	1.10748	28.516100	28.337675	0.001	
896.838	19292	2146.99	1172.16	1.10748	28.516100	28.337675	0.001	
897.834	19291	2150.64	1181.39	1.10748	28.516100	28.337675	0.001	
898.83	19260	2135.13	1191.3	1.10748	28.516100	28.337675	0.001	
899.825	19257	2158.15	1200.44	1.10748	28.516100	28.337675	0.001	
900.819	19207	2137.41	1208.51	1.10748	28.516100	28.337675	0.001	
901.813	19227	2153.71	1218.42	1.10748	28.516100	28.337675	0.001	
902.807	19195	2158.94	1227.75	1.10748	28.516100	28.337675	0.001	
903.799	19195	2155.48	1238.06	1.10748	28.516100	28.337675	0.001	
904.792	19154	2151.24	1248.03	1.10748	28.516100	28.337675	0.001	
905.783	19158	2160.62	1257.73	1.10748	28.516100	28.337675	0.001	
906.775	19133	2153.9	1267.53	1.10748	28.516100	28.337675	0.001	
907.765	19146	2171.19	1278.18	1.10748	28.516100	28.337675	0.001	
908.755	19124	2158.55	1287.8	1.10748	28.516100	28.337675	0.001	
909.745	19104	2162.6	1296.6	1.10748	28.516100	28.337675	0.001	
910.733	19109	2146.59	1308.62	1.10748	28.516100	28.337675	0.001	
911.722	19100	2159.63	1318.05	1.10748	28.516100	28.337675	0.001	
912.71	19085	2155.48	1327.94	1.10748	28.516100	28.337675	0.001	
913.697	19081	2162.3	1337.41	1.10748	28.516100	28.337675	0.001	
914.683	19078	2150.25	1347.78	1.10748	28.516100	28.337675	0.001	
915.669	19037	2141.36	1356.94	1.10748	28.516100	28.337675	0.001	
916.655	19020	2154.4	1367.28	1.10748	28.516100	28.337675	0.001	
917.64	18982	2155.38	1375.78	1.10748	28.516100	28.337675	0.001	
918.624	18924	2147.48	1384.58	1.10748	28.516100	28.337675	0.001	
919.608	18901	2154.2	1395.21	1.10748	28.516100	28.337675	0.001	
920.591	18836	2150.35	1404.16	1.10748	28.516100	28.337675	0.001	
921.573	18803	2166.94	1414.55	1.10748	28.516100	28.337675	0.001	
922.555	18751	2139.18	1425.17	1.10748	28.516100	28.337675	0.001	
923.537	18680	2146.3	1434.49	1.10748	28.516100	28.337675	0.001	
924.517	18613	2158.94	1443.04	1.10748	28.516100	28.337675	0.001	
925.498	18551	2151.83	1454.14	1.10748	28.516100	28.337675	0.001	
926.477	18483	2160.03	1462.09	1.10748	28.516100	28.337675	0.001	
927.456	18408	2147.48	1473.39	1.10748	28.516100	28.337675	0.001	
928.435	18321	2161.51	1480.12	1.10748	28.516100	28.337675	0.001	
929.412	18266	2151.63	1493.15	1.10748	28.516100	28.337675	0.001	
930.39	18197	2159.83	1503.93	1.10748	28.516100	28.337675	0.001	
931.366	18137	2158.45	1514.78	1.10748	28.516100	28.337675	0.001	
932.342	18053	2149.75	1526.53	1.10748	28.516100	28.337675	0.001	
933.318	17981	2158.64	1536.8	1.10748	28.516100	28.337675	0.001	
934.293	17915	2157.85	1548.35	1.10748	28.516100	28.337675	0.001	
935.267	17825	2153.71	1559.87	1.10748	28.516100	28.337675	0.001	
936.24	17739	2135.63	1572.9	1.10748	28.516100	28.337675	0.001	
937.213	17650	2164.18	1580.93	1.10748	28.516100	28.337675	0.001	
938.186	17540	2149.46	1592.02	1.10748	28.516100	28.337675	0.001	
939.158	17473	2171.19	1601.3	1.10748	28.516100	28.337675	0.001	
940.129	17346	2148.67	1611.3	1.10748	28.516100	28.337675	0.001	
941.099	17253	2160.62	1621.09	1.10748	28.516100	28.337675	0.001	
942.069	17156	2157.16	1632.94	1.10748	28.516100	28.337675	0.001	
943.039	17064	2153.9	1644.17	1.10748	28.516100	28.337675	0.001	
944.007	16976	2140.66	1656.09	1.10748	28.516100	28.337675	0.001	
944.975	16902	2169.81	1664.46	1.10748	28.516100	28.337675	0.001	
945.943	16796	2164.67	1673.09	1.10748	28.516100	28.337675	0.001	
946.91	16722	2159.63	1684.42	1.10748	28.516100	28.337675	0.001	
947.876	16629	2143.53	1695.67	1.10748	28.516100	28.337675	0.001	
948.842	16566	2154.5	1706.46	1.10748	28.516100	28.337675	0.001	
949.807	16479	2160.82	1715.95	1.10748	28.516100	28.337675	0.001	
950.771	16402	2160.92	1727.02	1.10748	28.516100	28.337675	0.001	
951.735	16318	2147.78	1737.83	1.10748	28.516100	28.337675	0.001	
952.698	16227	2177.32	1743.66	1.10748	28.516100	28.337675	0.001	
953.66	16141	2151.73	1758.48	1.10748	28.516100	28.337675	0.001	
954.622	16036	2154.89	1766.62	1.10748	28.516100	28.337675	0.001	
955.584	15949	2155.38	1778.42	1.10748	28.516100	28.337675	0.001	
956.544	15841	2159.04	1787.49	1.10748	28.516100	28.337675	0.001	
957.504	15740	2148.17	1799.79	1.10748	28.516100	28.337675	0.001	
958.463	15641	2169.12	1807.89	1.10748	28.516100	28.337675	0.001	
959.422	15513	2148.57	1819.79	1.10748	28.516100	28.337675	0.001	
960.38	15405	2154.5	1830.52	1.10748	28.516100	28.337675	0.001	
961.338	15280	2160.23	1840.98	1.10748	28.516100	28.337675	0.001	
962.294	15155	2153.01	1852.89	1.10748	28.516100	28.337675	0.001	
963.25	15057	2142.54	1867.18	1.10748	28.516100	28.337675	0.001	
964.206	14940	2160.72	1876.23	1.10748	28.516100	28.337675	0.001	
965.161	14839	2151.53	1890.95	1.10748	28.516100	28.337675	0.001	
966.115	14720	2155.78	1902.87	1.10748	28.516100	28.337675	0.001	
