452.692	2204	2122.71	-120.421	1.10748	28.516100	28.337675	0.001	
453.787	2242	2154.24	4.73915	1.10748	28.516100	28.337675	0.001	
454.882	2230	2144.45	1.00224	1.10748	28.516100	28.337675	0.001	
455.977	2228	2165.7	-190.594	1.10748	28.516100	28.337675	0.001	
457.072	2230	2131.21	4.49566	1.10748	28.516100	28.337675	0.001	
458.167	2250	2170.84	-27.9127	1.10748	28.516100	28.337675	0.001	
459.263	2232	2145.44	1.45344	1.10748	28.516100	28.337675	0.001	
460.358	2242	2158.98	-0.281971	1.10748	28.516100	28.337675	0.001	
461.453	2240	2150.58	6.21711	1.10748	28.516100	28.337675	0.001	
462.549	2225	2149.1	-6.49159	1.10748	28.516100	28.337675	0.001	
463.644	2215	2140.8	-41.504	1.10748	28.516100	28.337675	0.001	
464.74	2233	2150.78	-0.261161	1.10748	28.516100	28.337675	0.001	
465.835	2229	2151.87	-15.6967	1.10748	28.516100	28.337675	0.001	
466.931	2248	2154.34	9.79466	1.10748	28.516100	28.337675	0.001	
468.027	2225	2135.56	47.9202	1.10748	28.516100	28.337675	0.001	
469.123	2235	2160.76	-4.89117	1.10748	28.516100	28.337675	0.001	
470.219	2220	2135.95	1.08174	1.10748	28.516100	28.337675	0.001	
471.315	2235	2147.52	2.95235	1.10748	28.516100	28.337675	0.001	
472.411	2235	2140.8	10.1616	1.10748	28.516100	28.337675	0.001	
473.507	2248	2160.27	3.70115	1.10748	28.516100	28.337675	0.001	
474.603	2235	2140.1	5.10786	1.10748	28.516100	28.337675	0.001	
475.699	2251	2149.2	-114.827	1.10748	28.516100	28.337675	0.001	
476.795	2236	2151.96	0.450047	1.10748	28.516100	28.337675	0.001	
477.892	2249	2158.49	7.13094	1.10748	28.516100	28.337675	0.001	
478.988	2232	2152.16	-1.78029	1.10748	28.516100	28.337675	0.001	
480.084	2254	2150.09	14.2373	1.10748	28.516100	28.337675	0.001	
481.181	2235	2153.25	-0.75928	1.10748	28.516100	28.337675	0.001	
482.277	2252	2158.78	21.1714	1.10748	28.516100	28.337675	0.001	
483.374	2225	2143.17	-0.358527	1.10748	28.516100	28.337675	0.001	
484.47	2246	2151.96	30.1987	1.10748	28.516100	28.337675	0.001	
485.567	2242	2147.81	5.3233	1.10748	28.516100	28.337675	0.001	
486.663	2244	2163.43	-0.967519	1.10748	28.516100	28.337675	0.001	
487.76	2244	2149.89	8.51757	1.10748	28.516100	28.337675	0.001	
488.857	2241	2162.74	-4.04108	1.10748	28.516100	28.337675	0.001	
489.954	2232	2142.67	2.31587	1.10748	28.516100	28.337675	0.001	
491.05	2246	2149.69	5.13183	1.10748	28.516100	28.337675	0.001	
492.147	2236	2143.46	4.01898	1.10748	28.516100	28.337675	0.001	
493.244	2263	2152.76	7.97453	1.10748	28.516100	28.337675	0.001	
494.341	2265	2153.74	7.34118	1.10748	28.516100	28.337675	0.001	
495.438	2257	2166.99	1.86762	1.10748	28.516100	28.337675	0.001	
496.535	2245	2139.91	6.28194	1.10748	28.516100	28.337675	0.001	
497.632	2248	2151.77	2.99735	1.10748	28.516100	28.337675	0.001	
498.729	2251	2151.87	3.32971	1.10748	28.516100	28.337675	0.001	
499.825	2260	2151.77	4.63348	1.10748	28.516100	28.337675	0.001	
500.922	2245	2150.09	1.6977	1.10748	28.516100	28.337675	0.001	
502.019	2249	2156.31	1.55339	1.10748	28.516100	28.337675	0.001	
503.117	2254	2148.8	3.23657	1.10748	28.516100	28.337675	0.001	
504.214	2255	2144.95	3.80693	1.10748	28.516100	28.337675	0.001	
505.311	2250	2140.3	3.60753	1.10748	28.516100	28.337675	0.001	
506.408	2253	2153.45	2.10745	1.10748	28.516100	28.337675	0.001	
507.505	2272	2155.72	3.72691	1.10748	28.516100	28.337675	0.001	
508.602	2263	2143.76	4.41958	1.10748	28.516100	28.337675	0.001	
509.699	2259	2147.91	2.96586	1.10748	28.516100	28.337675	0.001	
510.796	2269	2146.53	4.14859	1.10748	28.516100	28.337675	0.001	
511.893	2275	2152.36	3.66468	1.10748	28.516100	28.337675	0.001	
512.99	2292	2166.49	3.68658	1.10748	28.516100	28.337675	0.001	
514.087	2265	2145.24	3.07864	1.10748	28.516100	28.337675	0.001	
515.184	2290	2154.04	4.40582	1.10748	28.516100	28.337675	0.001	
516.281	2297	2146.13	4.66082	1.10748	28.516100	28.337675	0.001	
517.378	2299	2155.52	4.40985	1.10748	28.516100	28.337675	0.001	
518.475	2300	2149.69	4.5524	1.10748	28.516100	28.337675	0.001	
519.573	2307	2155.03	4.69122	1.10748	28.516100	28.337675	0.001	
520.67	2295	2145.54	4.19242	1.10748	28.516100	28.337675	0.001	
521.767	2314	2156.02	4.61008	1.10748	28.516100	28.337675	0.001	
522.864	2310	2155.72	4.39101	1.10748	28.516100	28.337675	0.001	
523.961	2331	2162.54	5.06038	1.10748	28.516100	28.337675	0.001	
525.058	2321	2143.07	5.475	1.10748	28.516100	28.337675	0.001	
526.155	2335	2165.31	4.72063	1.10748	28.516100	28.337675	0.001	
527.252	2337	2145.94	5.59857	1.10748	28.516100	28.337675	0.001	
528.348	2356	2162.64	5.656	1.10748	28.516100	28.337675	0.001	
529.445	2339	2146.63	5.3438	1.10748	28.516100	28.337675	0.001	
530.542	2358	2138.62	6.52123	1.10748	28.516100	28.337675	0.001	
531.639	2364	2145.64	6.23804	1.10748	28.516100	28.337675	0.001	
532.736	2389	2164.62	6.3827	1.10748	28.516100	28.337675	0.001	
533.833	2363	2149.59	5.72952	1.10748	28.516100	28.337675	0.001	
534.929	2384	2156.91	6.08922	1.10748	28.516100	28.337675	0.001	
536.026	2375	2130.61	6.72067	1.10748	28.516100	28.337675	0.001	
537.123	2412	2155.42	6.96902	1.10748	28.516100	28.337675	0.001	
538.22	2409	2139.51	7.35778	1.10748	28.516100	28.337675	0.001	
539.316	2418	2157.2	6.80094	1.10748	28.516100	28.337675	0.001	
540.413	2433	2151.77	7.43305	1.10748	28.516100	28.337675	0.001	
541.509	2440	2149.3	7.52978	1.10748	28.516100	28.337675	0.001	
542.606	2439	2135.36	7.80511	1.10748	28.516100	28.337675	0.001	
543.702	2462	2156.31	7.59835	1.10748	28.516100	28.337675	0.001	
544.799	2467	2133.88	8.42177	1.10748	28.516100	28.337675	0.001	
545.895	2504	2152.76	8.80173	1.10748	28.516100	28.337675	0.001	
546.991	2514	2144.55	9.22981	1.10748	28.516100	28.337675	0.001	
548.088	2529	2155.03	9.18311	1.10748	28.516100	28.337675	0.001	
549.184	2528	2141.19	9.41567	1.10748	28.516100	28.337675	0.001	
550.28	2542	2142.77	9.54785	1.10748	28.516100	28.337675	0.001	
551.376	2561	2139.11	10.0553	1.10748	28.516100	28.337675	0.001	
552.472	2588	2155.92	10.1003	1.10748	28.516100	28.337675	0.001	
553.568	2589	2147.22	10.1781	1.10748	28.516100	28.337675	0.001	
554.664	2625	2159.48	10.6796	1.10748	28.516100	28.337675	0.001	
555.76	2628	2148.01	10.8972	1.10748	28.516100	28.337675	0.001	
556.856	2658	2157.3	11.2916	1.10748	28.516100	28.337675	0.001	
557.952	2654	2144.45	11.3905	1.10748	28.516100	28.337675	0.001	
559.047	2721	2162.54	12.4581	1.10748	28.516100	28.337675	0.001	
560.143	2725	2144.85	12.8527	1.10748	28.516100	28.337675	0.001	
561.239	2733	2130.61	13.3302	1.10748	28.516100	28.337675	0.001	
562.334	2740	2137.04	13.192	1.10748	28.516100	28.337675	0.001	
563.43	2780	2147.81	13.7122	1.10748	28.516100	28.337675	0.001	
564.525	2801	2150.88	13.9695	1.10748	28.516100	28.337675	0.001	
565.62	2820	2152.85	14.3306	1.10748	28.516100	28.337675	0.001	
566.715	2825	2135.66	14.6937	1.10748	28.516100	28.337675	0.001	
567.811	2864	2160.66	14.9609	1.10748	28.516100	28.337675	0.001	
568.906	2889	2136.45	15.9909	1.10748	28.516100	28.337675	0.001	
570.001	2911	2153.45	15.9802	1.10748	28.516100	28.337675	0.001	
571.095	2917	2128.34	16.6694	1.10748	28.516100	28.337675	0.001	
572.19	2963	2148.8	17.2169	1.10748	28.516100	28.337675	0.001	
573.285	2964	2136.05	17.463	1.10748	28.516100	28.337675	0.001	
574.38	3001	2152.95	17.8257	1.10748	28.516100	28.337675	0.001	
575.474	3025	2132.1	18.8175	1.10748	28.516100	28.337675	0.001	
576.569	3040	2138.13	18.9664	1.10748	28.516100	28.337675	0.001	
577.663	3060	2135.66	19.4485	1.10748	28.516100	28.337675	0.001	
578.757	3093	2140.7	20.0886	1.10748	28.516100	28.337675	0.001	
579.851	3098	2137.04	20.2116	1.10748	28.516100	28.337675	0.001	
580.945	3140	2160.17	20.6518	1.10748	28.516100	28.337675	0.001	
582.039	3149	2132.39	21.5112	1.10748	28.516100	28.337675	0.001	
583.133	3182	2142.77	22.0836	1.10748	28.516100	28.337675	0.001	
584.227	3187	2124.78	22.7267	1.10748	28.516100	28.337675	0.001	
585.321	3224	2139.31	23.2467	1.10748	28.516100	28.337675	0.001	
586.414	3238	2135.95	23.7515	1.10748	28.516100	28.337675	0.001	
587.508	3268	2151.27	24.1864	1.10748	28.516100	28.337675	0.001	
588.601	3281	2140	24.8575	1.10748	28.516100	28.337675	0.001	
589.694	3305	2135.95	25.6187	1.10748	28.516100	28.337675	0.001	
590.787	3331	2136.05	26.4408	1.10748	28.516100	28.337675	0.001	
591.881	3364	2148.21	26.9302	1.10748	28.516100	28.337675	0.001	
592.973	3379	2138.23	27.661	1.10748	28.516100	28.337675	0.001	
594.066	3406	2139.91	28.3767	1.10748	28.516100	28.337675	0.001	
595.159	3444	2149.3	29.2146	1.10748	28.516100	28.337675	0.001	
596.251	3458	2147.42	29.7622	1.10748	28.516100	28.337675	0.001	
597.344	3474	2147.71	30.2403	1.10748	28.516100	28.337675	0.001	
598.436	3516	2157.5	31.1619	1.10748	28.516100	28.337675	0.001	
599.528	3529	2142.28	32.0163	1.10748	28.516100	28.337675	0.001	
600.621	3557	2146.33	32.6165	1.10748	28.516100	28.337675	0.001	
601.713	3584	2149.59	33.2766	1.10748	28.516100	28.337675	0.001	
602.804	3608	2144.75	34.0065	1.10748	28.516100	28.337675	0.001	
603.896	3637	2141.39	35.0153	1.10748	28.516100	28.337675	0.001	
604.988	3673	2143.96	35.844	1.10748	28.516100	28.337675	0.001	
606.079	3709	2146.63	36.7216	1.10748	28.516100	28.337675	0.001	
607.17	3753	2152.76	37.6904	1.10748	28.516100	28.337675	0.001	
608.262	3760	2134.77	38.4438	1.10748	28.516100	28.337675	0.001	
609.353	3818	2145.74	39.5139	1.10748	28.516100	28.337675	0.001	
610.443	3853	2145.05	40.3912	1.10748	28.516100	28.337675	0.001	
611.534	3889	2153.55	41.0547	1.10748	28.516100	28.337675	0.001	
612.625	3916	2140.89	42.0223	1.10748	28.516100	28.337675	0.001	
613.715	3960	2147.32	42.8943	1.10748	28.516100	28.337675	0.001	
614.806	4006	2152.85	43.7737	1.10748	28.516100	28.337675	0.001	
615.896	4055	2162.94	44.7753	1.10748	28.516100	28.337675	0.001	
616.986	4095	2149	45.983	1.10748	28.516100	28.337675	0.001	
618.076	4132	2151.87	46.8659	1.10748	28.516100	28.337675	0.001	
619.165	4186	2155.03	47.9277	1.10748	28.516100	28.337675	0.001	
620.255	4251	2162.15	49.2497	1.10748	28.516100	28.337675	0.001	
621.344	4274	2144.55	50.0624	1.10748	28.516100	28.337675	0.001	
622.434	4334	2148.11	51.3438	1.10748	28.516100	28.337675	0.001	
623.523	4391	2146.92	52.6569	1.10748	28.516100	28.337675	0.001	
624.612	4436	2151.67	53.5593	1.10748	28.516100	28.337675	0.001	
625.701	4481	2143.96	54.6842	1.10748	28.516100	28.337675	0.001	
626.789	4544	2155.13	55.8317	1.10748	28.516100	28.337675	0.001	
627.878	4596	2146.23	57.1926	1.10748	28.516100	28.337675	0.001	
628.966	4669	2152.36	58.6533	1.10748	28.516100	28.337675	0.001	
630.054	4706	2146.53	59.7395	1.10748	28.516100	28.337675	0.001	
631.142	4777	2151.77	61.0387	1.10748	28.516100	28.337675	0.001	
632.23	4833	2150.78	62.1967	1.10748	28.516100	28.337675	0.001	
633.318	4896	2153.65	63.4741	1.10748	28.516100	28.337675	0.001	
634.405	4936	2147.81	64.5143	1.10748	28.516100	28.337675	0.001	
635.492	5025	2152.76	66.3949	1.10748	28.516100	28.337675	0.001	
636.579	5088	2148.9	67.7691	1.10748	28.516100	28.337675	0.001	
637.666	5135	2144.85	68.89	1.10748	28.516100	28.337675	0.001	
638.753	5199	2150.68	70.0589	1.10748	28.516100	28.337675	0.001	
639.84	5282	2155.52	71.7998	1.10748	28.516100	28.337675	0.001	
640.926	5330	2147.62	73.1099	1.10748	28.516100	28.337675	0.001	
642.012	5411	2154.63	74.6795	1.10748	28.516100	28.337675	0.001	
643.098	5464	2150.58	75.8113	1.10748	28.516100	28.337675	0.001	
644.184	5560	2158.49	77.6823	1.10748	28.516100	28.337675	0.001	
645.27	5607	2151.27	78.8599	1.10748	28.516100	28.337675	0.001	
646.355	5719	2170.35	80.8162	1.10748	28.516100	28.337675	0.001	
647.441	5779	2154.63	82.4154	1.10748	28.516100	28.337675	0.001	
648.526	5858	2153.84	83.9301	1.10748	28.516100	28.337675	0.001	
649.611	5915	2144.65	85.5605	1.10748	28.516100	28.337675	0.001	
650.695	6004	2161.85	87.0392	1.10748	28.516100	28.337675	0.001	
651.78	6084	2149.2	88.9993	1.10748	28.516100	28.337675	0.001	
652.864	6173	2162.24	90.5555	1.10748	28.516100	28.337675	0.001	
653.948	6258	2150.88	92.7509	1.10748	28.516100	28.337675	0.001	
655.032	6338	2150.38	94.3763	1.10748	28.516100	28.337675	0.001	
656.116	6424	2153.45	96.0076	1.10748	28.516100	28.337675	0.001	
657.199	6503	2156.91	97.5355	1.10748	28.516100	28.337675	0.001	
658.283	6592	2144.45	99.7361	1.10748	28.516100	28.337675	0.001	
659.366	6699	2163.43	101.414	1.10748	28.516100	28.337675	0.001	
660.448	6782	2148.51	103.532	1.10748	28.516100	28.337675	0.001	
661.531	6872	2146.63	105.296	1.10748	28.516100	28.337675	0.001	
662.614	6947	2149.69	106.86	1.10748	28.516100	28.337675	0.001	
663.696	7061	2167.98	108.68	1.10748	28.516100	28.337675	0.001	
664.778	7138	2152.76	110.467	1.10748	28.516100	28.337675	0.001	
665.86	7239	2154.04	112.717	1.10748	28.516100	28.337675	0.001	
666.941	7340	2136.74	114.987	1.10748	28.516100	28.337675	0.001	
668.023	7451	2151.87	116.968	1.10748	28.516100	28.337675	0.001	
669.104	7555	2155.13	118.838	1.10748	28.516100	28.337675	0.001	
670.185	7669	2154.83	121.274	1.10748	28.516100	28.337675	0.001	
671.265	7767	2144.75	123.352	1.10748	28.516100	28.337675	0.001	
672.346	7884	2149.2	125.68	1.10748	28.516100	28.337675	0.001	
673.426	7989	2144.55	128.043	1.10748	28.516100	28.337675	0.001	
674.506	8102	2167.38	129.59	1.10748	28.516100	28.337675	0.001	
675.586	8189	2138.92	132.013	1.10748	28.516100	28.337675	0.001	
676.665	8332	2168.77	134.098	1.10748	28.516100	28.337675	0.001	
677.745	8454	2148.01	136.851	1.10748	28.516100	28.337675	0.001	
678.824	8588	2159.67	139.211	1.10748	28.516100	28.337675	0.001	
679.903	8706	2150.19	141.659	1.10748	28.516100	28.337675	0.001	
680.981	8829	2167.98	143.53	1.10748	28.516100	28.337675	0.001	
682.059	8948	2142.97	146.439	1.10748	28.516100	28.337675	0.001	
683.138	9105	2162.74	148.908	1.10748	28.516100	28.337675	0.001	
684.215	9245	2166.2	151.441	1.10748	28.516100	28.337675	0.001	
685.293	9396	2166	154.334	1.10748	28.516100	28.337675	0.001	
686.37	9498	2152.56	156.536	1.10748	28.516100	28.337675	0.001	
687.448	9660	2163.23	159.268	1.10748	28.516100	28.337675	0.001	
688.524	9802	2162.54	161.665	1.10748	28.516100	28.337675	0.001	
689.601	9946	2154.24	164.409	1.10748	28.516100	28.337675	0.001	
690.678	10099	2146.82	167.32	1.10748	28.516100	28.337675	0.001	
691.754	10267	2153.25	170.054	1.10748	28.516100	28.337675	0.001	
692.83	10424	2160.76	172.605	1.10748	28.516100	28.337675	0.001	
693.905	10577	2152.06	175.498	1.10748	28.516100	28.337675	0.001	
694.98	10728	2135.85	178.496	1.10748	28.516100	28.337675	0.001	
696.056	10898	2154.44	181.05	1.10748	28.516100	28.337675	0.001	
697.13	11078	2149.39	184.088	1.10748	28.516100	28.337675	0.001	
698.205	11264	2161.16	187.243	1.10748	28.516100	28.337675	0.001	
699.279	11429	2146.43	190.294	1.10748	28.516100	28.337675	0.001	
700.353	11616	2160.07	193.402	1.10748	28.516100	28.337675	0.001	
701.427	11786	2153.74	196.126	1.10748	28.516100	28.337675	0.001	
702.501	11996	2147.02	199.763	1.10748	28.516100	28.337675	0.001	
703.574	12165	2155.72	202.414	1.10748	28.516100	28.337675	0.001	
704.647	12395	2168.47	205.981	1.10748	28.516100	28.337675	0.001	
705.719	12568	2147.91	208.958	1.10748	28.516100	28.337675	0.001	
706.792	12789	2153.35	212.346	1.10748	28.516100	28.337675	0.001	
707.864	12988	2160.07	215.42	1.10748	28.516100	28.337675	0.001	
708.936	13199	2160.47	218.849	1.10748	28.516100	28.337675	0.001	
710.007	13402	2158.98	222.18	1.10748	28.516100	28.337675	0.001	
711.079	13598	2156.91	225.547	1.10748	28.516100	28.337675	0.001	
712.15	13805	2156.51	228.935	1.10748	28.516100	28.337675	0.001	
713.221	14024	2154.24	232.584	1.10748	28.516100	28.337675	0.001	
714.291	14238	2153.94	235.899	1.10748	28.516100	28.337675	0.001	
715.361	14474	2164.12	239.747	1.10748	28.516100	28.337675	0.001	
716.431	14727	2147.91	244.199	1.10748	28.516100	28.337675	0.001	
717.501	14914	2158.69	246.888	1.10748	28.516100	28.337675	0.001	
718.57	15132	2161.95	250.58	1.10748	28.516100	28.337675	0.001	
719.639	15359	2168.57	254.018	1.10748	28.516100	28.337675	0.001	
720.707	15566	2149	258.092	1.10748	28.516100	28.337675	0.001	
721.776	15813	2158.19	261.941	1.10748	28.516100	28.337675	0.001	
722.844	16022	2160.17	265.44	1.10748	28.516100	28.337675	0.001	
723.912	16276	2171.93	269.611	1.10748	28.516100	28.337675	0.001	
724.979	16479	2156.91	273.621	1.10748	28.516100	28.337675	0.001	
726.046	16702	2167.09	277.299	1.10748	28.516100	28.337675	0.001	
727.113	16905	2166.3	281.191	1.10748	28.516100	28.337675	0.001	
728.18	17087	2168.57	285.293	1.10748	28.516100	28.337675	0.001	
729.246	17252	2148.9	289.049	1.10748	28.516100	28.337675	0.001	
730.312	17446	2158.19	293.481	1.10748	28.516100	28.337675	0.001	
731.378	17635	2146.92	297.902	1.10748	28.516100	28.337675	0.001	
732.443	17803	2160.66	301.812	1.10748	28.516100	28.337675	0.001	
733.508	17974	2150.88	306.151	1.10748	28.516100	28.337675	0.001	
734.573	18165	2165.7	310.519	1.10748	28.516100	28.337675	0.001	
735.637	18311	2161.06	314.74	1.10748	28.516100	28.337675	0.001	
736.701	18485	2170.94	319.468	1.10748	28.516100	28.337675	0.001	
737.765	18637	2156.31	324.003	1.10748	28.516100	28.337675	0.001	
738.829	18768	2165.51	327.994	1.10748	28.516100	28.337675	0.001	
739.892	18909	2161.65	332.746	1.10748	28.516100	28.337675	0.001	
740.955	19030	2168.77	336.891	1.10748	28.516100	28.337675	0.001	
742.017	19165	2147.42	342.066	1.10748	28.516100	28.337675	0.001	
743.079	19270	2161.75	346.114	1.10748	28.516100	28.337675	0.001	
744.141	19356	2157.7	350.461	1.10748	28.516100	28.337675	0.001	
745.202	19483	2165.31	355.635	1.10748	28.516100	28.337675	0.001	
746.264	19576	2153.65	360.434	1.10748	28.516100	28.337675	0.001	
747.324	19700	2167.88	365.227	1.10748	28.516100	28.337675	0.001	
748.385	19801	2158.98	370.182	1.10748	28.516100	28.337675	0.001	
749.445	19877	2150.09	375.108	1.10748	28.516100	28.337675	0.001	
750.505	20001	2167.38	380.098	1.10748	28.516100	28.337675	0.001	
751.564	20111	2164.81	385.545	1.10748	28.516100	28.337675	0.001	
752.623	20204	2153.84	390.482	1.10748	28.516100	28.337675	0.001	
753.682	20312	2161.45	395.846	1.10748	28.516100	28.337675	0.001	
754.741	20405	2159.67	400.789	1.10748	28.516100	28.337675	0.001	
755.799	20509	2161.35	406.112	1.10748	28.516100	28.337675	0.001	
756.857	20638	2155.23	411.494	1.10748	28.516100	28.337675	0.001	
757.914	20733	2160.07	416.452	1.10748	28.516100	28.337675	0.001	
758.971	20840	2165.21	421.476	1.10748	28.516100	28.337675	0.001	
760.028	20923	2155.42	426.472	1.10748	28.516100	28.337675	0.001	
761.084	21032	2166.99	431.717	1.10748	28.516100	28.337675	0.001	
762.14	21123	2153.84	437.288	1.10748	28.516100	28.337675	0.001	
763.196	21210	2166.4	443.127	1.10748	28.516100	28.337675	0.001	
764.251	21286	2153.25	448.621	1.10748	28.516100	28.337675	0.001	
765.306	21375	2161.65	454.056	1.10748	28.516100	28.337675	0.001	
766.36	21459	2162.64	459.662	1.10748	28.516100	28.337675	0.001	
767.415	21570	2149.89	465.973	1.10748	28.516100	28.337675	0.001	
768.468	21671	2164.02	471.914	1.10748	28.516100	28.337675	0.001	
769.522	21756	2145.54	477.62	1.10748	28.516100	28.337675	0.001	
770.575	21853	2158.98	483.292	1.10748	28.516100	28.337675	0.001	
771.628	21941	2156.61	489.218	1.10748	28.516100	28.337675	0.001	
772.68	22047	2171.04	495.279	1.10748	28.516100	28.337675	0.001	
773.732	22122	2148.9	501.582	1.10748	28.516100	28.337675	0.001	
774.784	22252	2165.41	508.206	1.10748	28.516100	28.337675	0.001	
775.835	22300	2159.38	513.637	1.10748	28.516100	28.337675	0.001	
776.886	22384	2162.94	519.69	1.10748	28.516100	28.337675	0.001	
777.936	22498	2159.08	526.267	1.10748	28.516100	28.337675	0.001	
778.986	22596	2170.45	531.774	1.10748	28.516100	28.337675	0.001	
780.036	22661	2150.38	537.979	1.10748	28.516100	28.337675	0.001	
781.086	22692	2150.38	543.921	1.10748	28.516100	28.337675	0.001	
782.135	22734	2150.09	550.127	1.10748	28.516100	28.337675	0.001	
783.183	22786	2166	556.627	1.10748	28.516100	28.337675	0.001	
784.231	22845	2148.21	564.101	1.10748	28.516100	28.337675	0.001	
785.279	22866	2162.34	570.805	1.10748	28.516100	28.337675	0.001	
786.327	22882	2143.36	576.538	1.10748	28.516100	28.337675	0.001	
787.374	22950	2159.67	583.882	1.10748	28.516100	28.337675	0.001	
788.42	22969	2151.77	590.639	1.10748	28.516100	28.337675	0.001	
789.466	23006	2157.9	597.446	1.10748	28.516100	28.337675	0.001	
790.512	23042	2157.01	604.877	1.10748	28.516100	28.337675	0.001	
791.558	23107	2158.39	612.037	1.10748	28.516100	28.337675	0.001	
792.603	23103	2160.66	618.697	1.10748	28.516100	28.337675	0.001	
793.648	23159	2160.76	625.697	1.10748	28.516100	28.337675	0.001	
794.692	23185	2161.55	633.121	1.10748	28.516100	28.337675	0.001	
795.736	23189	2155.52	639.943	1.10748	28.516100	28.337675	0.001	
796.779	23255	2154.53	647.318	1.10748	28.516100	28.337675	0.001	
797.822	23241	2175.49	653.441	1.10748	28.516100	28.337675	0.001	
798.865	23258	2159.08	661.058	1.10748	28.516100	28.337675	0.001	
799.907	23267	2145.44	668.456	1.10748	28.516100	28.337675	0.001	
800.949	23273	2154.73	675.455	1.10748	28.516100	28.337675	0.001	
801.99	23273	2159.97	682.182	1.10748	28.516100	28.337675	0.001	
803.031	23229	2146.13	689.015	1.10748	28.516100	28.337675	0.001	
804.072	23261	2165.31	697.072	1.10748	28.516100	28.337675	0.001	
805.112	23239	2155.03	704.664	1.10748	28.516100	28.337675	0.001	
806.152	23268	2165.61	712.341	1.10748	28.516100	28.337675	0.001	
807.191	23279	2167.48	720.63	1.10748	28.516100	28.337675	0.001	
808.23	23267	2158.69	728.094	1.10748	28.516100	28.337675	0.001	
809.268	23294	2146.63	736.93	1.10748	28.516100	28.337675	0.001	
810.307	23321	2148.7	744.956	1.10748	28.516100	28.337675	0.001	
811.344	23354	2150.48	752.77	1.10748	28.516100	28.337675	0.001	
812.381	23373	2165.21	760.474	1.10748	28.516100	28.337675	0.001	
813.418	23403	2155.13	768.852	1.10748	28.516100	28.337675	0.001	
814.454	23412	2163.83	776.444	1.10748	28.516100	28.337675	0.001	
815.49	23421	2153.74	784.734	1.10748	28.516100	28.337675	0.001	
816.526	23462	2159.18	793.092	1.10748	28.516100	28.337675	0.001	
817.561	23448	2156.31	800.537	1.10748	28.516100	28.337675	0.001	
818.596	23490	2165.7	809.365	1.10748	28.516100	28.337675	0.001	
819.63	23479	2156.02	816.978	1.10748	28.516100	28.337675	0.001	
820.664	23535	2168.47	825.165	1.10748	28.516100	28.337675	0.001	
821.697	23521	2163.53	833.044	1.10748	28.516100	28.337675	0.001	
822.73	23536	2171.93	840.862	1.10748	28.516100	28.337675	0.001	
823.762	23542	2168.27	849.398	1.10748	28.516100	28.337675	0.001	
824.794	23539	2167.48	857.798	1.10748	28.516100	28.337675	0.001	
825.826	23548	2158.49	866.89	1.10748	28.516100	28.337675	0.001	
826.857	23527	2172.92	875.38	1.10748	28.516100	28.337675	0.001	
827.887	23556	2158.49	884.391	1.10748	28.516100	28.337675	0.001	
828.918	23580	2171.14	893.385	1.10748	28.516100	28.337675	0.001	
829.947	23573	2159.58	902.585	1.10748	28.516100	28.337675	0.001	
830.977	23616	2160.86	912.077	1.10748	28.516100	28.337675	0.001	
832.005	23629	2160.66	920.532	1.10748	28.516100	28.337675	0.001	
833.034	23654	2162.15	929.504	1.10748	28.516100	28.337675	0.001	
834.062	23667	2166.79	939.095	1.10748	28.516100	28.337675	0.001	
835.089	23679	2155.92	948.546	1.10748	28.516100	28.337675	0.001	
836.116	23732	2158.59	957.839	1.10748	28.516100	28.337675	0.001	
837.143	23765	2164.02	965.769	1.10748	28.516100	28.337675	0.001	
838.169	23833	2165.61	975.736	1.10748	28.516100	28.337675	0.001	
839.194	23878	2158.88	985.17	1.10748	28.516100	28.337675	0.001	
840.22	23900	2151.67	994.706	1.10748	28.516100	28.337675	0.001	
841.244	23985	2158.88	1004.9	1.10748	28.516100	28.337675	0.001	
842.268	23983	2155.23	1013.08	1.10748	28.516100	28.337675	0.001	
843.292	24033	2170.75	1021.35	1.10748	28.516100	28.337675	0.001	
844.315	24060	2156.21	1031	1.10748	28.516100	28.337675	0.001	
845.338	24124	2169.06	1041.05	1.10748	28.516100	28.337675	0.001	
846.36	24115	2153.55	1050.16	1.10748	28.516100	28.337675	0.001	
847.382	24178	2156.81	1060.33	1.10748	28.516100	28.337675	0.001	
848.404	24157	2161.95	1068.59	1.10748	28.516100	28.337675	0.001	
849.425	24205	2166.1	1078.72	1.10748	28.516100	28.337675	0.001	
850.445	24197	2160.07	1087.73	1.10748	28.516100	28.337675	0.001	
851.465	24259	2171.93	1098.38	1.10748	28.516100	28.337675	0.001	
852.484	24320	2156.02	1110	1.10748	28.516100	28.337675	0.001	
853.503	24347	2151.87	1120.12	1.10748	28.516100	28.337675	0.001	
854.522	24408	2148.6	1130.64	1.10748	28.516100	28.337675	0.001	
855.54	24470	2166.89	1140.93	1.10748	28.516100	28.337675	0.001	
856.557	24533	2166.59	1151.65	1.10748	28.516100	28.337675	0.001	
857.574	24575	2159.87	1160.9	1.10748	28.516100	28.337675	0.001	
858.591	24643	2155.62	1171.29	1.10748	28.516100	28.337675	0.001	
859.607	24718	2156.41	1182.88	1.10748	28.516100	28.337675	0.001	
860.622	24746	2163.13	1191.41	1.10748	28.516100	28.337675	0.001	
861.637	24811	2155.13	1202.37	1.10748	28.516100	28.337675	0.001	
862.652	24844	2155.62	1212.67	1.10748	28.516100	28.337675	0.001	
863.666	24943	2159.38	1223.88	1.10748	28.516100	28.337675	0.001	
864.679	24950	2147.12	1233.28	1.10748	28.516100	28.337675	0.001	
865.692	25000	2155.03	1242.93	1.10748	28.516100	28.337675	0.001	
866.705	25051	2143.07	1254.96	1.10748	28.516100	28.337675	0.001	
867.717	25092	2148.7	1265.77	1.10748	28.516100	28.337675	0.001	
868.728	25107	2154.34	1275.93	1.10748	28.516100	28.337675	0.001	
869.739	25124	2147.52	1286.09	1.10748	28.516100	28.337675	0.001	
870.75	25153	2166.59	1295.68	1.10748	28.516100	28.337675	0.001	
871.76	25180	2148.7	1307.4	1.10748	28.516100	28.337675	0.001	
872.769	25212	2147.12	1318.34	1.10748	28.516100	28.337675	0.001	
873.778	25220	2150.19	1329.18	1.10748	28.516100	28.337675	0.001	
874.786	25238	2150.48	1339.79	1.10748	28.516100	28.337675	0.001	
875.794	25277	2159.48	1351.1	1.10748	28.516100	28.337675	0.001	
876.802	25282	2174.7	1361.43	1.10748	28.516100	28.337675	0.001	
877.809	25317	2162.24	1375.1	1.10748	28.516100	28.337675	0.001	
878.815	25336	2168.08	1385.82	1.10748	28.516100	28.337675	0.001	
879.821	25320	2155.42	1396.97	1.10748	28.516100	28.337675	0.001	
880.826	25404	2166.4	1410.1	1.10748	28.516100	28.337675	0.001	
881.831	25408	2165.8	1421.09	1.10748	28.516100	28.337675	0.001	
882.835	25409	2159.18	1432.16	1.10748	28.516100	28.337675	0.001	
883.839	25404	2157.5	1443.5	1.10748	28.516100	28.337675	0.001	
884.842	25434	2153.65	1455.59	1.10748	28.516100	28.337675	0.001	
885.844	25463	2159.08	1466.4	1.10748	28.516100	28.337675	0.001	
886.847	25456	2161.26	1476.24	1.10748	28.516100	28.337675	0.001	
887.848	25464	2157.9	1489.43	1.10748	28.516100	28.337675	0.001	
888.849	25426	2153.15	1500.34	1.10748	28.516100	28.337675	0.001	
889.85	25415	2156.61	1512.58	1.10748	28.516100	28.337675	0.001	
890.85	25392	2148.7	1525.81	1.10748	28.516100	28.337675	0.001	
891.849	25355	2148.31	1537.09	1.10748	28.516100	28.337675	0.001	
892.848	25369	2156.41	1549.46	1.10748	28.516100	28.337675	0.001	
893.846	25364	2159.28	1559.12	1.10748	28.516100	28.337675	0.001	
894.844	25337	2141.98	1570.34	1.10748	28.516100	28.337675	0.001	
895.841	25331	2156.81	1581.89	1.10748	28.516100	28.337675	0.001	
896.838	25302	2148.21	1593.1	1.10748	28.516100	28.337675	0.001	
897.834	25293	2151.87	1605.19	1.10748	28.516100	28.337675	0.001	
898.83	25226	2136.35	1616.45	1.10748	28.516100	28.337675	0.001	
899.825	25211	2159.38	1628.65	1.10748	28.516100	28.337675	0.001	
900.819	25163	2138.62	1640.45	1.10748	28.516100	28.337675	0.001	
901.813	25146	2154.93	1651.11	1.10748	28.516100	28.337675	0.001	
902.807	25126	2160.17	1665.59	1.10748	28.516100	28.337675	0.001	
903.799	25106	2156.71	1677.99	1.10748	28.516100	28.337675	0.001	
904.792	25045	2152.46	1690.93	1.10748	28.516100	28.337675	0.001	
905.783	25037	2161.85	1703.32	1.10748	28.516100	28.337675	0.001	
906.775	25010	2155.13	1716.9	1.10748	28.516100	28.337675	0.001	
907.765	25004	2172.43	1729.98	1.10748	28.516100	28.337675	0.001	
908.755	24968	2159.77	1742.14	1.10748	28.516100	28.337675	0.001	
909.745	24956	2163.83	1755.33	1.10748	28.516100	28.337675	0.001	
910.733	24936	2147.81	1769.02	1.10748	28.516100	28.337675	0.001	
911.722	24911	2160.86	1781.1	1.10748	28.516100	28.337675	0.001	
912.71	24884	2156.71	1793.79	1.10748	28.516100	28.337675	0.001	
913.697	24875	2163.53	1806.48	1.10748	28.516100	28.337675	0.001	
914.683	24850	2151.47	1818.42	1.10748	28.516100	28.337675	0.001	
915.669	24812	2142.57	1831.9	1.10748	28.516100	28.337675	0.001	
916.655	24759	2155.62	1843.71	1.10748	28.516100	28.337675	0.001	
917.64	24721	2156.61	1856.28	1.10748	28.516100	28.337675	0.001	
918.624	24645	2148.7	1868.04	1.10748	28.516100	28.337675	0.001	
919.608	24588	2155.42	1880.33	1.10748	28.516100	28.337675	0.001	
920.591	24495	2151.57	1891.73	1.10748	28.516100	28.337675	0.001	
921.573	24431	2168.18	1904.48	1.10748	28.516100	28.337675	0.001	
922.555	24381	2140.4	1919.63	1.10748	28.516100	28.337675	0.001	
923.537	24271	2147.52	1931.03	1.10748	28.516100	28.337675	0.001	
924.517	24177	2160.17	1942.51	1.10748	28.516100	28.337675	0.001	
925.498	24094	2153.05	1957.18	1.10748	28.516100	28.337675	0.001	
926.477	23992	2161.26	1967.09	1.10748	28.516100	28.337675	0.001	
927.456	23883	2148.7	1981.03	1.10748	28.516100	28.337675	0.001	
928.435	23782	2162.74	1991.93	1.10748	28.516100	28.337675	0.001	
929.412	23681	2152.85	2006.49	1.10748	28.516100	28.337675	0.001	
930.39	23604	2161.06	2022.67	1.10748	28.516100	28.337675	0.001	
931.366	23510	2159.67	2035.85	1.10748	28.516100	28.337675	0.001	
932.342	23378	2150.98	2049.34	1.10748	28.516100	28.337675	0.001	
933.318	23279	2159.87	2063.11	1.10748	28.516100	28.337675	0.001	
934.293	23180	2159.08	2077.45	1.10748	28.516100	28.337675	0.001	
935.267	23063	2154.93	2093.02	1.10748	28.516100	28.337675	0.001	
936.24	22943	2136.84	2109.25	1.10748	28.516100	28.337675	0.001	
937.213	22823	2165.41	2120.86	1.10748	28.516100	28.337675	0.001	
938.186	22655	2150.68	2132.87	1.10748	28.516100	28.337675	0.001	
939.158	22553	2172.43	2144.68	1.10748	28.516100	28.337675	0.001	
940.129	22392	2149.89	2158.05	1.10748	28.516100	28.337675	0.001	
941.099	22266	2161.85	2171.32	1.10748	28.516100	28.337675	0.001	
942.069	22132	2158.39	2186.46	1.10748	28.516100	28.337675	0.001	
943.039	22011	2155.13	2201.5	1.10748	28.516100	28.337675	0.001	
944.007	21867	2141.88	2213.8	1.10748	28.516100	28.337675	0.001	
944.975	21773	2171.04	2226.6	1.10748	28.516100	28.337675	0.001	
945.943	21622	2165.9	2236.72	1.10748	28.516100	28.337675	0.001	
946.91	21538	2160.86	2253.32	1.10748	28.516100	28.337675	0.001	
947.876	21401	2144.75	2266.06	1.10748	28.516100	28.337675	0.001	
948.842	21304	2155.72	2279.29	1.10748	28.516100	28.337675	0.001	
949.807	21185	2162.05	2291.75	1.10748	28.516100	28.337675	0.001	
950.771	21080	2162.15	2306.16	1.10748	28.516100	28.337675	0.001	
951.735	20951	2149	2317.8	1.10748	28.516100	28.337675	0.001	
952.698	20840	2178.55	2328.03	1.10748	28.516100	28.337675	0.001	
953.66	20707	2152.95	2344.23	1.10748	28.516100	28.337675	0.001	
954.622	20592	2156.12	2358.33	1.10748	28.516100	28.337675	0.001	
955.584	20447	2156.61	2370.17	1.10748	28.516100	28.337675	0.001	
956.544	20325	2160.27	2385.2	1.10748	28.516100	28.337675	0.001	
957.504	20144	2149.39	2394.7	1.10748	28.516100	28.337675	0.001	
958.463	20025	2170.35	2408.06	1.10748	28.516100	28.337675	0.001	
959.422	19854	2149.79	2422.7	1.10748	28.516100	28.337675	0.001	
960.38	19703	2155.72	2436.09	1.10748	28.516100	28.337675	0.001	
961.338	19550	2161.45	2452.03	1.10748	28.516100	28.337675	0.001	
962.294	19382	2154.24	2467.15	1.10748	28.516100	28.337675	0.001	
963.25	19242	2143.76	2484.12	1.10748	28.516100	28.337675	0.001	
964.206	19103	2161.95	2499.42	1.10748	28.516100	28.337675	0.001	
965.161	18938	2152.76	2513.78	1.10748	28.516100	28.337675	0.001	
966.115	18773	2157.01	2528.63	1.10748	28.516100	28.337675	0.001	
