452.692	2222	2133.31	879.419	1.10748	27.971439	28.337675	0.001	
453.787	2240	2165	-9.27224	1.10748	27.971439	28.337675	0.001	
454.882	2231	2155.17	-2.8935	1.10748	27.971439	28.337675	0.001	
455.977	2252	2176.52	-77.0093	1.10748	27.971439	28.337675	0.001	
457.072	2243	2141.86	5.03386	1.10748	27.971439	28.337675	0.001	
458.167	2264	2181.69	-11.8171	1.10748	27.971439	28.337675	0.001	
459.263	2240	2156.16	0.186354	1.10748	27.971439	28.337675	0.001	
460.358	2257	2169.77	2.01193	1.10748	27.971439	28.337675	0.001	
461.453	2258	2161.33	13.0419	1.10748	27.971439	28.337675	0.001	
462.549	2239	2159.84	-3.91618	1.10748	27.971439	28.337675	0.001	
463.644	2225	2151.49	-46.7808	1.10748	27.971439	28.337675	0.001	
464.74	2241	2161.52	-1.11731	1.10748	27.971439	28.337675	0.001	
465.835	2252	2162.62	14.8569	1.10748	27.971439	28.337675	0.001	
466.931	2251	2165.1	2.06866	1.10748	27.971439	28.337675	0.001	
468.027	2225	2146.23	-29.7402	1.10748	27.971439	28.337675	0.001	
469.123	2255	2171.56	-0.268414	1.10748	27.971439	28.337675	0.001	
470.219	2229	2146.62	-0.495798	1.10748	27.971439	28.337675	0.001	
471.315	2237	2158.25	-3.14035	1.10748	27.971439	28.337675	0.001	
472.411	2234	2151.49	-0.623289	1.10748	27.971439	28.337675	0.001	
473.507	2262	2171.06	6.17465	1.10748	27.971439	28.337675	0.001	
474.603	2239	2150.8	2.11791	1.10748	27.971439	28.337675	0.001	
475.699	2245	2159.94	-9.48634	1.10748	27.971439	28.337675	0.001	
476.795	2236	2162.72	-5.74641	1.10748	27.971439	28.337675	0.001	
477.892	2255	2169.27	1.88155	1.10748	27.971439	28.337675	0.001	
478.988	2250	2162.92	1.81057	1.10748	27.971439	28.337675	0.001	
480.084	2243	2160.83	-0.949079	1.10748	27.971439	28.337675	0.001	
481.181	2238	2164.01	-4.82764	1.10748	27.971439	28.337675	0.001	
482.277	2245	2169.57	-18.3758	1.10748	27.971439	28.337675	0.001	
483.374	2235	2153.88	-0.730835	1.10748	27.971439	28.337675	0.001	
484.47	2254	2162.72	21.3947	1.10748	27.971439	28.337675	0.001	
485.567	2254	2158.54	5.73994	1.10748	27.971439	28.337675	0.001	
486.663	2256	2174.24	-0.719729	1.10748	27.971439	28.337675	0.001	
487.76	2257	2160.63	9.96226	1.10748	27.971439	28.337675	0.001	
488.857	2262	2173.54	3.33617	1.10748	27.971439	28.337675	0.001	
489.954	2236	2153.38	-0.235834	1.10748	27.971439	28.337675	0.001	
491.05	2243	2160.43	-0.378707	1.10748	27.971439	28.337675	0.001	
492.147	2243	2154.17	2.30421	1.10748	27.971439	28.337675	0.001	
493.244	2264	2163.51	4.97402	1.10748	27.971439	28.337675	0.001	
494.341	2264	2164.5	4.14888	1.10748	27.971439	28.337675	0.001	
495.438	2257	2177.82	-1.50013	1.10748	27.971439	28.337675	0.001	
496.535	2256	2150.6	6.25697	1.10748	27.971439	28.337675	0.001	
497.632	2267	2162.52	4.8052	1.10748	27.971439	28.337675	0.001	
498.729	2269	2162.62	4.763	1.10748	27.971439	28.337675	0.001	
499.825	2266	2162.52	3.67955	1.10748	27.971439	28.337675	0.001	
500.922	2271	2160.83	3.84319	1.10748	27.971439	28.337675	0.001	
502.019	2282	2167.09	5.19944	1.10748	27.971439	28.337675	0.001	
503.117	2275	2159.54	4.68203	1.10748	27.971439	28.337675	0.001	
504.214	2283	2155.66	6.18005	1.10748	27.971439	28.337675	0.001	
505.311	2277	2150.99	5.74062	1.10748	27.971439	28.337675	0.001	
506.408	2291	2164.21	5.58391	1.10748	27.971439	28.337675	0.001	
507.505	2301	2166.49	5.74593	1.10748	27.971439	28.337675	0.001	
508.602	2302	2154.47	7.81393	1.10748	27.971439	28.337675	0.001	
509.699	2311	2158.64	7.29325	1.10748	27.971439	28.337675	0.001	
510.796	2312	2157.25	7.50125	1.10748	27.971439	28.337675	0.001	
511.893	2317	2163.11	6.5341	1.10748	27.971439	28.337675	0.001	
512.99	2346	2177.32	7.46496	1.10748	27.971439	28.337675	0.001	
514.087	2324	2155.96	7.08699	1.10748	27.971439	28.337675	0.001	
515.184	2347	2164.8	8.24162	1.10748	27.971439	28.337675	0.001	
516.281	2354	2156.86	7.81249	1.10748	27.971439	28.337675	0.001	
517.378	2367	2166.29	8.57912	1.10748	27.971439	28.337675	0.001	
518.475	2363	2160.43	8.06792	1.10748	27.971439	28.337675	0.001	
519.573	2383	2165.8	9.1236	1.10748	27.971439	28.337675	0.001	
520.67	2380	2156.26	8.85291	1.10748	27.971439	28.337675	0.001	
521.767	2393	2166.79	8.80208	1.10748	27.971439	28.337675	0.001	
522.864	2397	2166.49	9.08726	1.10748	27.971439	28.337675	0.001	
523.961	2420	2173.35	9.7015	1.10748	27.971439	28.337675	0.001	
525.058	2421	2153.78	10.5974	1.10748	27.971439	28.337675	0.001	
526.155	2448	2176.13	10.3108	1.10748	27.971439	28.337675	0.001	
527.252	2442	2156.66	10.4636	1.10748	27.971439	28.337675	0.001	
528.348	2478	2173.45	11.3681	1.10748	27.971439	28.337675	0.001	
529.445	2474	2157.35	11.3995	1.10748	27.971439	28.337675	0.001	
530.542	2485	2149.31	12.0549	1.10748	27.971439	28.337675	0.001	
531.639	2498	2156.36	11.9025	1.10748	27.971439	28.337675	0.001	
532.736	2554	2175.43	13.3623	1.10748	27.971439	28.337675	0.001	
533.833	2555	2160.33	13.6873	1.10748	27.971439	28.337675	0.001	
534.929	2578	2167.68	13.8404	1.10748	27.971439	28.337675	0.001	
536.026	2577	2141.26	14.6485	1.10748	27.971439	28.337675	0.001	
537.123	2607	2166.19	14.3684	1.10748	27.971439	28.337675	0.001	
538.22	2622	2150.2	15.318	1.10748	27.971439	28.337675	0.001	
539.316	2650	2167.98	15.2722	1.10748	27.971439	28.337675	0.001	
540.413	2683	2162.52	16.4042	1.10748	27.971439	28.337675	0.001	
541.509	2692	2160.03	16.2722	1.10748	27.971439	28.337675	0.001	
542.606	2717	2146.03	17.2372	1.10748	27.971439	28.337675	0.001	
543.702	2748	2167.09	16.9985	1.10748	27.971439	28.337675	0.001	
544.799	2765	2144.54	18.073	1.10748	27.971439	28.337675	0.001	
545.895	2811	2163.51	18.526	1.10748	27.971439	28.337675	0.001	
546.991	2826	2155.27	18.9311	1.10748	27.971439	28.337675	0.001	
548.088	2861	2165.8	19.3293	1.10748	27.971439	28.337675	0.001	
549.184	2883	2151.89	20.0776	1.10748	27.971439	28.337675	0.001	
550.28	2932	2153.48	20.995	1.10748	27.971439	28.337675	0.001	
551.376	2953	2149.8	21.3609	1.10748	27.971439	28.337675	0.001	
552.472	3013	2166.69	22.1001	1.10748	27.971439	28.337675	0.001	
553.568	3038	2157.95	22.6161	1.10748	27.971439	28.337675	0.001	
554.664	3085	2170.27	23.2419	1.10748	27.971439	28.337675	0.001	
555.76	3118	2158.74	24.0616	1.10748	27.971439	28.337675	0.001	
556.856	3160	2168.08	24.5915	1.10748	27.971439	28.337675	0.001	
557.952	3179	2155.17	25.1309	1.10748	27.971439	28.337675	0.001	
559.047	3261	2173.35	26.3529	1.10748	27.971439	28.337675	0.001	
560.143	3275	2155.56	26.8053	1.10748	27.971439	28.337675	0.001	
561.239	3310	2141.26	27.8638	1.10748	27.971439	28.337675	0.001	
562.334	3354	2147.72	28.5055	1.10748	27.971439	28.337675	0.001	
563.43	3411	2158.54	29.2191	1.10748	27.971439	28.337675	0.001	
564.525	3434	2161.62	29.3204	1.10748	27.971439	28.337675	0.001	
565.62	3497	2163.61	30.7044	1.10748	27.971439	28.337675	0.001	
566.715	3517	2146.33	31.2174	1.10748	27.971439	28.337675	0.001	
567.811	3591	2171.46	32.2755	1.10748	27.971439	28.337675	0.001	
568.906	3628	2147.12	33.4045	1.10748	27.971439	28.337675	0.001	
570.001	3667	2164.21	33.672	1.10748	27.971439	28.337675	0.001	
571.095	3713	2138.97	35.2381	1.10748	27.971439	28.337675	0.001	
572.19	3771	2159.54	36.0273	1.10748	27.971439	28.337675	0.001	
573.285	3799	2146.72	36.8149	1.10748	27.971439	28.337675	0.001	
574.38	3862	2163.71	37.6837	1.10748	27.971439	28.337675	0.001	
575.474	3898	2142.75	38.8834	1.10748	27.971439	28.337675	0.001	
576.569	3947	2148.81	39.7647	1.10748	27.971439	28.337675	0.001	
577.663	3989	2146.33	40.7151	1.10748	27.971439	28.337675	0.001	
578.757	4043	2151.39	41.8407	1.10748	27.971439	28.337675	0.001	
579.851	4071	2147.72	42.4099	1.10748	27.971439	28.337675	0.001	
580.945	4151	2170.96	43.7546	1.10748	27.971439	28.337675	0.001	
582.039	4173	2143.05	44.9063	1.10748	27.971439	28.337675	0.001	
583.133	4241	2153.48	46.3537	1.10748	27.971439	28.337675	0.001	
584.227	4261	2135.4	47.4526	1.10748	27.971439	28.337675	0.001	
585.321	4303	2150	48.1001	1.10748	27.971439	28.337675	0.001	
586.414	4354	2146.62	49.5756	1.10748	27.971439	28.337675	0.001	
587.508	4403	2162.02	50.5689	1.10748	27.971439	28.337675	0.001	
588.601	4435	2150.7	51.7899	1.10748	27.971439	28.337675	0.001	
589.694	4495	2146.62	53.5087	1.10748	27.971439	28.337675	0.001	
590.787	4526	2146.72	54.6754	1.10748	27.971439	28.337675	0.001	
591.881	4576	2158.94	55.5742	1.10748	27.971439	28.337675	0.001	
592.973	4619	2148.91	57.1117	1.10748	27.971439	28.337675	0.001	
594.066	4667	2150.6	58.4503	1.10748	27.971439	28.337675	0.001	
595.159	4725	2160.03	59.9372	1.10748	27.971439	28.337675	0.001	
596.251	4756	2158.15	61.0683	1.10748	27.971439	28.337675	0.001	
597.344	4814	2158.45	62.6738	1.10748	27.971439	28.337675	0.001	
598.436	4868	2168.28	64.0419	1.10748	27.971439	28.337675	0.001	
599.528	4908	2152.98	65.7202	1.10748	27.971439	28.337675	0.001	
600.621	4972	2157.05	67.2241	1.10748	27.971439	28.337675	0.001	
601.713	5015	2160.33	68.3625	1.10748	27.971439	28.337675	0.001	
602.804	5071	2155.46	69.9002	1.10748	27.971439	28.337675	0.001	
603.896	5106	2152.09	71.2735	1.10748	27.971439	28.337675	0.001	
604.988	5192	2154.67	73.348	1.10748	27.971439	28.337675	0.001	
606.079	5243	2157.35	74.6534	1.10748	27.971439	28.337675	0.001	
607.17	5308	2163.51	76.1785	1.10748	27.971439	28.337675	0.001	
608.262	5357	2145.43	78.1017	1.10748	27.971439	28.337675	0.001	
609.353	5455	2156.46	80.0744	1.10748	27.971439	28.337675	0.001	
610.443	5517	2155.76	81.6132	1.10748	27.971439	28.337675	0.001	
611.534	5583	2164.31	83.0092	1.10748	27.971439	28.337675	0.001	
612.625	5640	2151.59	84.6961	1.10748	27.971439	28.337675	0.001	
613.715	5731	2158.05	86.6792	1.10748	27.971439	28.337675	0.001	
614.806	5814	2163.61	88.3541	1.10748	27.971439	28.337675	0.001	
615.896	5891	2173.74	90.0942	1.10748	27.971439	28.337675	0.001	
616.986	5984	2159.74	92.4755	1.10748	27.971439	28.337675	0.001	
618.076	6079	2162.62	94.8344	1.10748	27.971439	28.337675	0.001	
619.165	6161	2165.8	96.3914	1.10748	27.971439	28.337675	0.001	
620.255	6264	2172.95	98.5477	1.10748	27.971439	28.337675	0.001	
621.344	6342	2155.27	100.513	1.10748	27.971439	28.337675	0.001	
622.434	6445	2158.84	102.746	1.10748	27.971439	28.337675	0.001	
623.523	6537	2157.65	104.802	1.10748	27.971439	28.337675	0.001	
624.612	6643	2162.42	107.113	1.10748	27.971439	28.337675	0.001	
625.701	6735	2154.67	109.216	1.10748	27.971439	28.337675	0.001	
626.789	6868	2165.9	111.954	1.10748	27.971439	28.337675	0.001	
627.878	6930	2156.95	113.434	1.10748	27.971439	28.337675	0.001	
628.966	7054	2163.11	115.972	1.10748	27.971439	28.337675	0.001	
630.054	7147	2157.25	118.453	1.10748	27.971439	28.337675	0.001	
631.142	7257	2162.52	120.409	1.10748	27.971439	28.337675	0.001	
632.23	7386	2161.52	123.107	1.10748	27.971439	28.337675	0.001	
633.318	7496	2164.41	125.346	1.10748	27.971439	28.337675	0.001	
634.405	7601	2158.54	127.877	1.10748	27.971439	28.337675	0.001	
635.492	7713	2163.51	130.179	1.10748	27.971439	28.337675	0.001	
636.579	7859	2159.64	133.309	1.10748	27.971439	28.337675	0.001	
637.666	7970	2155.56	135.853	1.10748	27.971439	28.337675	0.001	
638.753	8085	2161.43	138.023	1.10748	27.971439	28.337675	0.001	
639.84	8220	2166.29	140.885	1.10748	27.971439	28.337675	0.001	
640.926	8350	2158.35	144.111	1.10748	27.971439	28.337675	0.001	
642.012	8462	2165.4	146.24	1.10748	27.971439	28.337675	0.001	
643.098	8588	2161.33	148.88	1.10748	27.971439	28.337675	0.001	
644.184	8730	2169.27	151.64	1.10748	27.971439	28.337675	0.001	
645.27	8865	2162.02	154.782	1.10748	27.971439	28.337675	0.001	
646.355	9012	2181.19	157.357	1.10748	27.971439	28.337675	0.001	
647.441	9156	2165.4	160.746	1.10748	27.971439	28.337675	0.001	
648.526	9283	2164.6	163.052	1.10748	27.971439	28.337675	0.001	
649.611	9424	2155.37	166.716	1.10748	27.971439	28.337675	0.001	
650.695	9567	2172.65	169.281	1.10748	27.971439	28.337675	0.001	
651.78	9709	2159.94	172.497	1.10748	27.971439	28.337675	0.001	
652.864	9866	2173.05	175.45	1.10748	27.971439	28.337675	0.001	
653.948	10017	2161.62	179.142	1.10748	27.971439	28.337675	0.001	
655.032	10175	2161.13	182.358	1.10748	27.971439	28.337675	0.001	
656.116	10336	2164.21	185.469	1.10748	27.971439	28.337675	0.001	
657.199	10502	2167.68	188.815	1.10748	27.971439	28.337675	0.001	
658.283	10640	2155.17	192.03	1.10748	27.971439	28.337675	0.001	
659.366	10830	2174.24	195.327	1.10748	27.971439	28.337675	0.001	
660.448	11001	2159.24	199.356	1.10748	27.971439	28.337675	0.001	
661.531	11155	2157.35	202.294	1.10748	27.971439	28.337675	0.001	
662.614	11313	2160.43	205.703	1.10748	27.971439	28.337675	0.001	
663.696	11523	2178.81	209.417	1.10748	27.971439	28.337675	0.001	
664.778	11686	2163.51	212.89	1.10748	27.971439	28.337675	0.001	
665.86	11841	2164.8	216.389	1.10748	27.971439	28.337675	0.001	
666.941	12044	2147.42	220.622	1.10748	27.971439	28.337675	0.001	
668.023	12225	2162.62	224.064	1.10748	27.971439	28.337675	0.001	
669.104	12424	2165.9	227.752	1.10748	27.971439	28.337675	0.001	
670.185	12609	2165.6	231.709	1.10748	27.971439	28.337675	0.001	
671.265	12812	2155.46	235.868	1.10748	27.971439	28.337675	0.001	
672.346	13003	2159.94	239.731	1.10748	27.971439	28.337675	0.001	
673.426	13180	2155.27	243.669	1.10748	27.971439	28.337675	0.001	
674.506	13400	2178.21	247.25	1.10748	27.971439	28.337675	0.001	
675.586	13575	2149.6	251.531	1.10748	27.971439	28.337675	0.001	
676.665	13808	2179.6	255.309	1.10748	27.971439	28.337675	0.001	
677.745	14022	2158.74	259.784	1.10748	27.971439	28.337675	0.001	
678.824	14259	2170.46	264.187	1.10748	27.971439	28.337675	0.001	
679.903	14477	2160.93	268.574	1.10748	27.971439	28.337675	0.001	
680.981	14703	2178.81	272.387	1.10748	27.971439	28.337675	0.001	
682.059	14921	2153.68	277.297	1.10748	27.971439	28.337675	0.001	
683.138	15176	2173.54	281.523	1.10748	27.971439	28.337675	0.001	
684.215	15406	2177.02	285.696	1.10748	27.971439	28.337675	0.001	
685.293	15688	2176.82	291.17	1.10748	27.971439	28.337675	0.001	
686.37	15897	2163.31	295.48	1.10748	27.971439	28.337675	0.001	
687.448	16169	2174.04	300.2	1.10748	27.971439	28.337675	0.001	
688.524	16425	2173.35	304.529	1.10748	27.971439	28.337675	0.001	
689.601	16700	2165	309.699	1.10748	27.971439	28.337675	0.001	
690.678	16949	2157.55	314.275	1.10748	27.971439	28.337675	0.001	
691.754	17244	2164.01	319.184	1.10748	27.971439	28.337675	0.001	
692.83	17501	2171.56	323.391	1.10748	27.971439	28.337675	0.001	
693.905	17794	2162.82	328.866	1.10748	27.971439	28.337675	0.001	
694.98	18066	2146.52	334.028	1.10748	27.971439	28.337675	0.001	
696.056	18369	2165.2	338.926	1.10748	27.971439	28.337675	0.001	
697.13	18658	2160.13	343.601	1.10748	27.971439	28.337675	0.001	
698.205	18988	2171.96	349.445	1.10748	27.971439	28.337675	0.001	
699.279	19269	2157.15	354.39	1.10748	27.971439	28.337675	0.001	
700.353	19590	2170.86	359.957	1.10748	27.971439	28.337675	0.001	
701.427	19915	2164.5	365.185	1.10748	27.971439	28.337675	0.001	
702.501	20234	2157.75	370.449	1.10748	27.971439	28.337675	0.001	
703.574	20578	2166.49	376.255	1.10748	27.971439	28.337675	0.001	
704.647	20945	2179.31	381.988	1.10748	27.971439	28.337675	0.001	
705.719	21268	2158.64	387.289	1.10748	27.971439	28.337675	0.001	
706.792	21645	2164.11	393.12	1.10748	27.971439	28.337675	0.001	
707.864	21989	2170.86	398.545	1.10748	27.971439	28.337675	0.001	
708.936	22351	2171.26	404.44	1.10748	27.971439	28.337675	0.001	
710.007	22691	2169.77	409.976	1.10748	27.971439	28.337675	0.001	
711.079	23048	2167.68	416.177	1.10748	27.971439	28.337675	0.001	
712.15	23424	2167.29	422.427	1.10748	27.971439	28.337675	0.001	
713.221	23762	2165	427.919	1.10748	27.971439	28.337675	0.001	
714.291	24171	2164.7	434.456	1.10748	27.971439	28.337675	0.001	
715.361	24551	2174.94	440.764	1.10748	27.971439	28.337675	0.001	
716.431	24921	2158.64	446.93	1.10748	27.971439	28.337675	0.001	
717.501	25333	2169.47	453.549	1.10748	27.971439	28.337675	0.001	
718.57	25674	2172.75	459.339	1.10748	27.971439	28.337675	0.001	
719.639	26088	2179.41	465.86	1.10748	27.971439	28.337675	0.001	
720.707	26447	2159.74	472.739	1.10748	27.971439	28.337675	0.001	
721.776	26826	2168.97	478.65	1.10748	27.971439	28.337675	0.001	
722.844	27203	2170.96	485.124	1.10748	27.971439	28.337675	0.001	
723.912	27599	2182.78	491.767	1.10748	27.971439	28.337675	0.001	
724.979	27951	2167.68	498.623	1.10748	27.971439	28.337675	0.001	
726.046	28295	2177.92	504.417	1.10748	27.971439	28.337675	0.001	
727.113	28658	2177.12	511.51	1.10748	27.971439	28.337675	0.001	
728.18	28970	2179.41	518.767	1.10748	27.971439	28.337675	0.001	
729.246	29265	2159.64	525.307	1.10748	27.971439	28.337675	0.001	
730.312	29580	2168.97	532.913	1.10748	27.971439	28.337675	0.001	
731.378	29881	2157.65	540.066	1.10748	27.971439	28.337675	0.001	
732.443	30190	2171.46	547.599	1.10748	27.971439	28.337675	0.001	
733.508	30453	2161.62	554.503	1.10748	27.971439	28.337675	0.001	
734.573	30758	2176.52	561.984	1.10748	27.971439	28.337675	0.001	
735.637	31030	2171.86	569.828	1.10748	27.971439	28.337675	0.001	
736.701	31270	2181.79	577.166	1.10748	27.971439	28.337675	0.001	
737.765	31535	2167.09	585.055	1.10748	27.971439	28.337675	0.001	
738.829	31728	2176.33	591.628	1.10748	27.971439	28.337675	0.001	
739.892	31953	2172.45	599.653	1.10748	27.971439	28.337675	0.001	
740.955	32161	2179.6	607.137	1.10748	27.971439	28.337675	0.001	
742.017	32315	2158.15	614.358	1.10748	27.971439	28.337675	0.001	
743.079	32482	2172.55	621.503	1.10748	27.971439	28.337675	0.001	
744.141	32655	2168.48	629.713	1.10748	27.971439	28.337675	0.001	
745.202	32830	2176.13	638.114	1.10748	27.971439	28.337675	0.001	
746.264	32976	2164.41	646.164	1.10748	27.971439	28.337675	0.001	
747.324	33159	2178.71	654.258	1.10748	27.971439	28.337675	0.001	
748.385	33299	2169.77	662.18	1.10748	27.971439	28.337675	0.001	
749.445	33452	2160.83	671.287	1.10748	27.971439	28.337675	0.001	
750.505	33608	2178.21	679.167	1.10748	27.971439	28.337675	0.001	
751.564	33759	2175.63	687.939	1.10748	27.971439	28.337675	0.001	
752.623	33933	2164.6	696.829	1.10748	27.971439	28.337675	0.001	
753.682	34090	2172.25	705.826	1.10748	27.971439	28.337675	0.001	
754.741	34212	2170.46	713.693	1.10748	27.971439	28.337675	0.001	
755.799	34352	2172.15	722.26	1.10748	27.971439	28.337675	0.001	
756.857	34553	2165.99	731.189	1.10748	27.971439	28.337675	0.001	
757.914	34718	2170.86	740.09	1.10748	27.971439	28.337675	0.001	
758.971	34880	2176.03	748.555	1.10748	27.971439	28.337675	0.001	
760.028	35025	2166.19	757.278	1.10748	27.971439	28.337675	0.001	
761.084	35157	2177.82	765.44	1.10748	27.971439	28.337675	0.001	
762.14	35288	2164.6	774.439	1.10748	27.971439	28.337675	0.001	
763.196	35407	2177.22	784.246	1.10748	27.971439	28.337675	0.001	
764.251	35540	2164.01	793.771	1.10748	27.971439	28.337675	0.001	
765.306	35657	2172.45	802.636	1.10748	27.971439	28.337675	0.001	
766.36	35786	2173.45	812.167	1.10748	27.971439	28.337675	0.001	
767.415	35942	2160.63	822.188	1.10748	27.971439	28.337675	0.001	
768.468	36075	2174.84	831.902	1.10748	27.971439	28.337675	0.001	
769.522	36217	2156.26	841.503	1.10748	27.971439	28.337675	0.001	
770.575	36381	2169.77	851.682	1.10748	27.971439	28.337675	0.001	
771.628	36498	2167.39	861.19	1.10748	27.971439	28.337675	0.001	
772.68	36645	2181.89	871.223	1.10748	27.971439	28.337675	0.001	
773.732	36745	2159.64	881.124	1.10748	27.971439	28.337675	0.001	
774.784	36921	2176.23	891.843	1.10748	27.971439	28.337675	0.001	
775.835	37025	2170.17	901.836	1.10748	27.971439	28.337675	0.001	
776.886	37110	2173.74	910.951	1.10748	27.971439	28.337675	0.001	
777.936	37246	2169.87	920.805	1.10748	27.971439	28.337675	0.001	
778.986	37410	2181.29	930.576	1.10748	27.971439	28.337675	0.001	
780.036	37501	2161.13	940.483	1.10748	27.971439	28.337675	0.001	
781.086	37531	2161.13	950.237	1.10748	27.971439	28.337675	0.001	
782.135	37585	2160.83	960.58	1.10748	27.971439	28.337675	0.001	
783.183	37662	2176.82	971.929	1.10748	27.971439	28.337675	0.001	
784.231	37699	2158.94	982.798	1.10748	27.971439	28.337675	0.001	
785.279	37700	2173.15	993.771	1.10748	27.971439	28.337675	0.001	
786.327	37790	2154.07	1005.18	1.10748	27.971439	28.337675	0.001	
787.374	37811	2170.46	1015.55	1.10748	27.971439	28.337675	0.001	
788.42	37857	2162.52	1027.54	1.10748	27.971439	28.337675	0.001	
789.466	37912	2168.68	1039.28	1.10748	27.971439	28.337675	0.001	
790.512	37923	2167.78	1050.67	1.10748	27.971439	28.337675	0.001	
791.558	37949	2169.17	1060.56	1.10748	27.971439	28.337675	0.001	
792.603	37939	2171.46	1072.05	1.10748	27.971439	28.337675	0.001	
793.648	38022	2171.56	1083.82	1.10748	27.971439	28.337675	0.001	
794.692	38024	2172.35	1095.37	1.10748	27.971439	28.337675	0.001	
795.736	38023	2166.29	1106.79	1.10748	27.971439	28.337675	0.001	
796.779	38085	2165.3	1117.94	1.10748	27.971439	28.337675	0.001	
797.822	38057	2186.36	1128.85	1.10748	27.971439	28.337675	0.001	
798.865	38050	2169.87	1140.46	1.10748	27.971439	28.337675	0.001	
799.907	38052	2156.16	1152.47	1.10748	27.971439	28.337675	0.001	
800.949	38002	2165.5	1162.74	1.10748	27.971439	28.337675	0.001	
801.99	38007	2170.76	1174.61	1.10748	27.971439	28.337675	0.001	
803.031	37918	2156.86	1185.53	1.10748	27.971439	28.337675	0.001	
804.072	37923	2176.13	1198.17	1.10748	27.971439	28.337675	0.001	
805.112	37911	2165.8	1211.84	1.10748	27.971439	28.337675	0.001	
806.152	37911	2176.43	1223.58	1.10748	27.971439	28.337675	0.001	
807.191	37859	2178.31	1235.35	1.10748	27.971439	28.337675	0.001	
808.23	37863	2169.47	1248.79	1.10748	27.971439	28.337675	0.001	
809.268	37891	2157.35	1263.02	1.10748	27.971439	28.337675	0.001	
810.307	37921	2159.44	1276.27	1.10748	27.971439	28.337675	0.001	
811.344	37927	2161.23	1287.87	1.10748	27.971439	28.337675	0.001	
812.381	37929	2176.03	1300.32	1.10748	27.971439	28.337675	0.001	
813.418	37939	2165.9	1312.86	1.10748	27.971439	28.337675	0.001	
814.454	37960	2174.64	1326.28	1.10748	27.971439	28.337675	0.001	
815.49	37944	2164.5	1338.98	1.10748	27.971439	28.337675	0.001	
816.526	37973	2169.97	1351.85	1.10748	27.971439	28.337675	0.001	
817.561	37949	2167.09	1364.44	1.10748	27.971439	28.337675	0.001	
818.596	37976	2176.52	1378.03	1.10748	27.971439	28.337675	0.001	
819.63	37959	2166.79	1390.78	1.10748	27.971439	28.337675	0.001	
820.664	38033	2179.31	1404.29	1.10748	27.971439	28.337675	0.001	
821.697	37980	2174.34	1416.35	1.10748	27.971439	28.337675	0.001	
822.73	37981	2182.78	1428.89	1.10748	27.971439	28.337675	0.001	
823.762	37946	2179.11	1441.42	1.10748	27.971439	28.337675	0.001	
824.794	37924	2178.31	1454.94	1.10748	27.971439	28.337675	0.001	
825.826	37910	2169.27	1468.87	1.10748	27.971439	28.337675	0.001	
826.857	37850	2183.78	1482.59	1.10748	27.971439	28.337675	0.001	
827.887	37863	2169.27	1495.92	1.10748	27.971439	28.337675	0.001	
828.918	37882	2181.99	1510.6	1.10748	27.971439	28.337675	0.001	
829.947	37843	2170.37	1524.61	1.10748	27.971439	28.337675	0.001	
830.977	37914	2171.66	1540.68	1.10748	27.971439	28.337675	0.001	
832.005	37927	2171.46	1554.58	1.10748	27.971439	28.337675	0.001	
833.034	37976	2172.95	1570.13	1.10748	27.971439	28.337675	0.001	
834.062	37926	2177.62	1583.2	1.10748	27.971439	28.337675	0.001	
835.089	37939	2166.69	1598.49	1.10748	27.971439	28.337675	0.001	
836.116	37987	2169.37	1612.41	1.10748	27.971439	28.337675	0.001	
837.143	38049	2174.84	1626.29	1.10748	27.971439	28.337675	0.001	
838.169	38087	2176.43	1639.64	1.10748	27.971439	28.337675	0.001	
839.194	38157	2169.67	1655.1	1.10748	27.971439	28.337675	0.001	
840.22	38208	2162.42	1671.61	1.10748	27.971439	28.337675	0.001	
841.244	38268	2169.67	1685.15	1.10748	27.971439	28.337675	0.001	
842.268	38290	2165.99	1699.97	1.10748	27.971439	28.337675	0.001	
843.292	38341	2181.59	1712.83	1.10748	27.971439	28.337675	0.001	
844.315	38377	2166.99	1728.13	1.10748	27.971439	28.337675	0.001	
845.338	38429	2179.9	1742.78	1.10748	27.971439	28.337675	0.001	
846.36	38433	2164.31	1758.46	1.10748	27.971439	28.337675	0.001	
847.382	38455	2167.58	1771.52	1.10748	27.971439	28.337675	0.001	
848.404	38424	2172.75	1785.65	1.10748	27.971439	28.337675	0.001	
849.425	38482	2176.92	1801.68	1.10748	27.971439	28.337675	0.001	
850.445	38461	2170.86	1816.11	1.10748	27.971439	28.337675	0.001	
851.465	38538	2182.78	1833.04	1.10748	27.971439	28.337675	0.001	
852.484	38609	2166.79	1850.4	1.10748	27.971439	28.337675	0.001	
853.503	38645	2162.62	1866.71	1.10748	27.971439	28.337675	0.001	
854.522	38695	2159.34	1881.5	1.10748	27.971439	28.337675	0.001	
855.54	38778	2177.72	1898.32	1.10748	27.971439	28.337675	0.001	
856.557	38867	2177.42	1915.42	1.10748	27.971439	28.337675	0.001	
857.574	38936	2170.66	1930.61	1.10748	27.971439	28.337675	0.001	
858.591	39035	2166.39	1947.12	1.10748	27.971439	28.337675	0.001	
859.607	39067	2167.19	1961.49	1.10748	27.971439	28.337675	0.001	
860.622	39131	2173.94	1976.91	1.10748	27.971439	28.337675	0.001	
861.637	39213	2165.9	1993.51	1.10748	27.971439	28.337675	0.001	
862.652	39259	2166.39	2010.19	1.10748	27.971439	28.337675	0.001	
863.666	39376	2170.17	2026.48	1.10748	27.971439	28.337675	0.001	
864.679	39393	2157.85	2041.93	1.10748	27.971439	28.337675	0.001	
865.692	39456	2165.8	2057.17	1.10748	27.971439	28.337675	0.001	
866.705	39490	2153.78	2073.87	1.10748	27.971439	28.337675	0.001	
867.717	39529	2159.44	2090.37	1.10748	27.971439	28.337675	0.001	
868.728	39523	2165.1	2105.6	1.10748	27.971439	28.337675	0.001	
869.739	39574	2158.25	2123.51	1.10748	27.971439	28.337675	0.001	
870.75	39579	2177.42	2137.58	1.10748	27.971439	28.337675	0.001	
871.76	39584	2159.44	2153.95	1.10748	27.971439	28.337675	0.001	
872.769	39611	2157.85	2170.46	1.10748	27.971439	28.337675	0.001	
873.778	39611	2160.93	2187.64	1.10748	27.971439	28.337675	0.001	
874.786	39628	2161.23	2204.39	1.10748	27.971439	28.337675	0.001	
875.794	39668	2170.27	2221.96	1.10748	27.971439	28.337675	0.001	
876.802	39662	2185.56	2238.67	1.10748	27.971439	28.337675	0.001	
877.809	39651	2173.05	2256.47	1.10748	27.971439	28.337675	0.001	
878.815	39683	2178.91	2274.4	1.10748	27.971439	28.337675	0.001	
879.821	39673	2166.19	2293.19	1.10748	27.971439	28.337675	0.001	
880.826	39770	2177.22	2312.79	1.10748	27.971439	28.337675	0.001	
881.831	39732	2176.62	2327.94	1.10748	27.971439	28.337675	0.001	
882.835	39721	2169.97	2345	1.10748	27.971439	28.337675	0.001	
883.839	39708	2168.28	2363.17	1.10748	27.971439	28.337675	0.001	
884.842	39729	2164.41	2381.04	1.10748	27.971439	28.337675	0.001	
885.844	39750	2169.87	2397.27	1.10748	27.971439	28.337675	0.001	
886.847	39747	2172.05	2413.99	1.10748	27.971439	28.337675	0.001	
887.848	39730	2168.68	2433.42	1.10748	27.971439	28.337675	0.001	
888.849	39672	2163.91	2451.23	1.10748	27.971439	28.337675	0.001	
889.85	39596	2167.39	2467.39	1.10748	27.971439	28.337675	0.001	
890.85	39544	2159.44	2487.57	1.10748	27.971439	28.337675	0.001	
891.849	39483	2159.04	2505.8	1.10748	27.971439	28.337675	0.001	
892.848	39462	2167.19	2523.29	1.10748	27.971439	28.337675	0.001	
893.846	39446	2170.07	2538.57	1.10748	27.971439	28.337675	0.001	
894.844	39386	2152.68	2554.87	1.10748	27.971439	28.337675	0.001	
895.841	39347	2167.58	2572.2	1.10748	27.971439	28.337675	0.001	
896.838	39305	2158.94	2590.36	1.10748	27.971439	28.337675	0.001	
897.834	39235	2162.62	2606.13	1.10748	27.971439	28.337675	0.001	
898.83	39125	2147.02	2623.44	1.10748	27.971439	28.337675	0.001	
899.825	39071	2170.17	2642.04	1.10748	27.971439	28.337675	0.001	
900.819	38985	2149.31	2659.49	1.10748	27.971439	28.337675	0.001	
901.813	38943	2165.7	2676.38	1.10748	27.971439	28.337675	0.001	
902.807	38882	2170.96	2697.86	1.10748	27.971439	28.337675	0.001	
903.799	38836	2167.48	2716.7	1.10748	27.971439	28.337675	0.001	
904.792	38735	2163.21	2737.1	1.10748	27.971439	28.337675	0.001	
905.783	38669	2172.65	2753.43	1.10748	27.971439	28.337675	0.001	
906.775	38642	2165.9	2776.31	1.10748	27.971439	28.337675	0.001	
907.765	38579	2183.28	2794.03	1.10748	27.971439	28.337675	0.001	
908.755	38555	2170.56	2815.69	1.10748	27.971439	28.337675	0.001	
909.745	38503	2174.64	2834.54	1.10748	27.971439	28.337675	0.001	
910.733	38477	2158.54	2856.32	1.10748	27.971439	28.337675	0.001	
911.722	38408	2171.66	2874.04	1.10748	27.971439	28.337675	0.001	
912.71	38331	2167.48	2891.47	1.10748	27.971439	28.337675	0.001	
913.697	38323	2174.34	2912.78	1.10748	27.971439	28.337675	0.001	
914.683	38255	2162.22	2929.04	1.10748	27.971439	28.337675	0.001	
915.669	38166	2153.28	2947.84	1.10748	27.971439	28.337675	0.001	
916.655	38055	2166.39	2965.15	1.10748	27.971439	28.337675	0.001	
917.64	37985	2167.39	2984.53	1.10748	27.971439	28.337675	0.001	
918.624	37836	2159.44	3000.47	1.10748	27.971439	28.337675	0.001	
919.608	37728	2166.19	3018.94	1.10748	27.971439	28.337675	0.001	
920.591	37581	2162.32	3036.96	1.10748	27.971439	28.337675	0.001	
921.573	37473	2179.01	3057.64	1.10748	27.971439	28.337675	0.001	
922.555	37363	2151.09	3077.65	1.10748	27.971439	28.337675	0.001	
923.537	37152	2158.25	3092.81	1.10748	27.971439	28.337675	0.001	
924.517	36997	2170.96	3111.17	1.10748	27.971439	28.337675	0.001	
925.498	36834	2163.81	3131.21	1.10748	27.971439	28.337675	0.001	
926.477	36683	2172.05	3148.34	1.10748	27.971439	28.337675	0.001	
927.456	36504	2159.44	3169.18	1.10748	27.971439	28.337675	0.001	
928.435	36304	2173.54	3183.39	1.10748	27.971439	28.337675	0.001	
929.412	36152	2163.61	3206.69	1.10748	27.971439	28.337675	0.001	
930.39	35981	2171.86	3228.05	1.10748	27.971439	28.337675	0.001	
931.366	35829	2170.46	3248.49	1.10748	27.971439	28.337675	0.001	
932.342	35613	2161.72	3268.53	1.10748	27.971439	28.337675	0.001	
933.318	35451	2170.66	3290.28	1.10748	27.971439	28.337675	0.001	
934.293	35300	2169.87	3313.47	1.10748	27.971439	28.337675	0.001	
935.267	35075	2165.7	3333.65	1.10748	27.971439	28.337675	0.001	
936.24	34888	2147.52	3358.44	1.10748	27.971439	28.337675	0.001	
937.213	34671	2176.23	3375.49	1.10748	27.971439	28.337675	0.001	
938.186	34412	2161.43	3394.02	1.10748	27.971439	28.337675	0.001	
939.158	34239	2183.28	3412.67	1.10748	27.971439	28.337675	0.001	
940.129	33979	2160.63	3431.5	1.10748	27.971439	28.337675	0.001	
941.099	33764	2172.65	3451.29	1.10748	27.971439	28.337675	0.001	
942.069	33528	2169.17	3472.02	1.10748	27.971439	28.337675	0.001	
943.039	33333	2165.9	3494.92	1.10748	27.971439	28.337675	0.001	
944.007	33107	2152.58	3513.35	1.10748	27.971439	28.337675	0.001	
944.975	32913	2181.89	3529.99	1.10748	27.971439	28.337675	0.001	
945.943	32695	2176.72	3547.69	1.10748	27.971439	28.337675	0.001	
946.91	32515	2171.66	3567.7	1.10748	27.971439	28.337675	0.001	
947.876	32308	2155.46	3587.46	1.10748	27.971439	28.337675	0.001	
948.842	32143	2166.49	3607.4	1.10748	27.971439	28.337675	0.001	
949.807	31937	2172.85	3624.9	1.10748	27.971439	28.337675	0.001	
950.771	31768	2172.95	3646.94	1.10748	27.971439	28.337675	0.001	
951.735	31566	2159.74	3664.15	1.10748	27.971439	28.337675	0.001	
952.698	31375	2189.44	3680.07	1.10748	27.971439	28.337675	0.001	
953.66	31150	2163.71	3701.31	1.10748	27.971439	28.337675	0.001	
954.622	30933	2166.89	3718.66	1.10748	27.971439	28.337675	0.001	
955.584	30717	2167.39	3738.51	1.10748	27.971439	28.337675	0.001	
956.544	30492	2171.06	3757.58	1.10748	27.971439	28.337675	0.001	
957.504	30249	2160.13	3776.82	1.10748	27.971439	28.337675	0.001	
958.463	30036	2181.19	3795.53	1.10748	27.971439	28.337675	0.001	
959.422	29751	2160.53	3814.08	1.10748	27.971439	28.337675	0.001	
960.38	29500	2166.49	3833.14	1.10748	27.971439	28.337675	0.001	
961.338	29234	2172.25	3854.39	1.10748	27.971439	28.337675	0.001	
962.294	28987	2165	3879.43	1.10748	27.971439	28.337675	0.001	
963.25	28758	2154.47	3903.32	1.10748	27.971439	28.337675	0.001	
964.206	28492	2172.75	3921.1	1.10748	27.971439	28.337675	0.001	
965.161	28263	2163.51	3946.79	1.10748	27.971439	28.337675	0.001	
966.115	28000	2167.78	3969.19	1.10748	27.971439	28.337675	0.001	
