452.692	2215	2126.58	876.834	1.10748	28.516100	28.337675	0.001	
453.787	2241	2158.17	-0.665751	1.10748	28.516100	28.337675	0.001	
454.882	2228	2148.37	-1.33204	1.10748	28.516100	28.337675	0.001	
455.977	2236	2169.66	-155.922	1.10748	28.516100	28.337675	0.001	
457.072	2225	2135.1	2.00997	1.10748	28.516100	28.337675	0.001	
458.167	2252	2174.81	-40.2542	1.10748	28.516100	28.337675	0.001	
459.263	2237	2149.36	1.83493	1.10748	28.516100	28.337675	0.001	
460.358	2243	2162.92	-2.13944	1.10748	28.516100	28.337675	0.001	
461.453	2234	2154.51	-3.80817	1.10748	28.516100	28.337675	0.001	
462.549	2245	2153.02	7.83956	1.10748	28.516100	28.337675	0.001	
463.644	2231	2144.7	16.1223	1.10748	28.516100	28.337675	0.001	
464.74	2234	2154.7	-1.09718	1.10748	28.516100	28.337675	0.001	
465.835	2247	2155.79	20.2144	1.10748	28.516100	28.337675	0.001	
466.931	2240	2158.27	-1.63578	1.10748	28.516100	28.337675	0.001	
468.027	2226	2139.45	26.5686	1.10748	28.516100	28.337675	0.001	
469.123	2257	2164.71	4.51402	1.10748	28.516100	28.337675	0.001	
470.219	2219	2139.85	-2.76383	1.10748	28.516100	28.337675	0.001	
471.315	2239	2151.44	2.90888	1.10748	28.516100	28.337675	0.001	
472.411	2232	2144.7	3.87252	1.10748	28.516100	28.337675	0.001	
473.507	2248	2164.21	0.096275	1.10748	28.516100	28.337675	0.001	
474.603	2239	2144.01	5.08631	1.10748	28.516100	28.337675	0.001	
475.699	2249	2153.12	-77.5264	1.10748	28.516100	28.337675	0.001	
476.795	2237	2155.89	-1.2577	1.10748	28.516100	28.337675	0.001	
477.892	2248	2162.43	1.98211	1.10748	28.516100	28.337675	0.001	
478.988	2239	2156.09	-0.245908	1.10748	28.516100	28.337675	0.001	
480.084	2242	2154.01	3.21539	1.10748	28.516100	28.337675	0.001	
481.181	2240	2157.18	-0.298513	1.10748	28.516100	28.337675	0.001	
482.277	2252	2162.73	12.2854	1.10748	28.516100	28.337675	0.001	
483.374	2227	2147.08	-1.0508	1.10748	28.516100	28.337675	0.001	
484.47	2251	2155.89	32.7866	1.10748	28.516100	28.337675	0.001	
485.567	2239	2151.73	1.93961	1.10748	28.516100	28.337675	0.001	
486.663	2258	2167.38	2.14181	1.10748	28.516100	28.337675	0.001	
487.76	2244	2153.81	5.3557	1.10748	28.516100	28.337675	0.001	
488.857	2246	2166.69	-3.35857	1.10748	28.516100	28.337675	0.001	
489.954	2243	2146.58	4.81019	1.10748	28.516100	28.337675	0.001	
491.05	2249	2153.61	4.71515	1.10748	28.516100	28.337675	0.001	
492.147	2239	2147.38	3.57753	1.10748	28.516100	28.337675	0.001	
493.244	2257	2156.68	4.99773	1.10748	28.516100	28.337675	0.001	
494.341	2259	2157.67	4.69585	1.10748	28.516100	28.337675	0.001	
495.438	2260	2170.94	1.53715	1.10748	28.516100	28.337675	0.001	
496.535	2240	2143.81	3.73433	1.10748	28.516100	28.337675	0.001	
497.632	2265	2155.69	5.97445	1.10748	28.516100	28.337675	0.001	
498.729	2264	2155.79	5.1977	1.10748	28.516100	28.337675	0.001	
499.825	2251	2155.69	2.21196	1.10748	28.516100	28.337675	0.001	
500.922	2265	2154.01	3.99788	1.10748	28.516100	28.337675	0.001	
502.019	2273	2160.25	4.88069	1.10748	28.516100	28.337675	0.001	
503.117	2266	2152.72	4.39883	1.10748	28.516100	28.337675	0.001	
504.214	2280	2148.86	6.74986	1.10748	28.516100	28.337675	0.001	
505.311	2246	2144.21	2.52804	1.10748	28.516100	28.337675	0.001	
506.408	2285	2157.38	5.72407	1.10748	28.516100	28.337675	0.001	
507.505	2300	2159.66	6.4355	1.10748	28.516100	28.337675	0.001	
508.602	2289	2147.67	7.08983	1.10748	28.516100	28.337675	0.001	
509.699	2295	2151.83	6.34702	1.10748	28.516100	28.337675	0.001	
510.796	2309	2150.45	7.92818	1.10748	28.516100	28.337675	0.001	
511.893	2299	2156.29	5.51816	1.10748	28.516100	28.337675	0.001	
512.99	2332	2170.45	6.8576	1.10748	28.516100	28.337675	0.001	
514.087	2313	2149.16	6.75673	1.10748	28.516100	28.337675	0.001	
515.184	2327	2157.97	7.16073	1.10748	28.516100	28.337675	0.001	
516.281	2330	2150.05	6.64861	1.10748	28.516100	28.337675	0.001	
517.378	2355	2159.46	8.21874	1.10748	28.516100	28.337675	0.001	
518.475	2342	2153.61	7.12355	1.10748	28.516100	28.337675	0.001	
519.573	2368	2158.96	8.58253	1.10748	28.516100	28.337675	0.001	
520.67	2358	2149.46	7.91014	1.10748	28.516100	28.337675	0.001	
521.767	2370	2159.95	7.81871	1.10748	28.516100	28.337675	0.001	
522.864	2375	2159.66	8.1637	1.10748	28.516100	28.337675	0.001	
523.961	2398	2166.49	8.81315	1.10748	28.516100	28.337675	0.001	
525.058	2391	2146.98	9.27466	1.10748	28.516100	28.337675	0.001	
526.155	2423	2169.26	9.3286	1.10748	28.516100	28.337675	0.001	
527.252	2426	2149.85	10	1.10748	28.516100	28.337675	0.001	
528.348	2443	2166.59	9.93005	1.10748	28.516100	28.337675	0.001	
529.445	2446	2150.54	10.3756	1.10748	28.516100	28.337675	0.001	
530.542	2460	2142.52	11.197	1.10748	28.516100	28.337675	0.001	
531.639	2481	2149.55	11.4439	1.10748	28.516100	28.337675	0.001	
532.736	2529	2168.57	12.5504	1.10748	28.516100	28.337675	0.001	
533.833	2519	2153.52	12.414	1.10748	28.516100	28.337675	0.001	
534.929	2545	2160.84	12.7417	1.10748	28.516100	28.337675	0.001	
536.026	2531	2134.5	13.0292	1.10748	28.516100	28.337675	0.001	
537.123	2574	2159.36	13.325	1.10748	28.516100	28.337675	0.001	
538.22	2577	2143.42	13.8208	1.10748	28.516100	28.337675	0.001	
539.316	2603	2161.14	13.7407	1.10748	28.516100	28.337675	0.001	
540.413	2625	2155.69	14.4909	1.10748	28.516100	28.337675	0.001	
541.509	2647	2153.22	14.8948	1.10748	28.516100	28.337675	0.001	
542.606	2653	2139.26	15.2231	1.10748	28.516100	28.337675	0.001	
543.702	2700	2160.25	15.5986	1.10748	28.516100	28.337675	0.001	
544.799	2714	2137.77	16.5929	1.10748	28.516100	28.337675	0.001	
545.895	2753	2156.68	16.8514	1.10748	28.516100	28.337675	0.001	
546.991	2762	2148.47	17.0941	1.10748	28.516100	28.337675	0.001	
548.088	2816	2158.96	18.1295	1.10748	28.516100	28.337675	0.001	
549.184	2815	2145.1	18.1866	1.10748	28.516100	28.337675	0.001	
550.28	2865	2146.68	19.1825	1.10748	28.516100	28.337675	0.001	
551.376	2891	2143.02	19.7284	1.10748	28.516100	28.337675	0.001	
552.472	2934	2159.85	20.0135	1.10748	28.516100	28.337675	0.001	
553.568	2956	2151.14	20.4859	1.10748	28.516100	28.337675	0.001	
554.664	3001	2163.42	21.0879	1.10748	28.516100	28.337675	0.001	
555.76	3026	2151.93	21.7249	1.10748	28.516100	28.337675	0.001	
556.856	3065	2161.24	22.2076	1.10748	28.516100	28.337675	0.001	
557.952	3085	2148.37	22.8041	1.10748	28.516100	28.337675	0.001	
559.047	3160	2166.49	23.8838	1.10748	28.516100	28.337675	0.001	
560.143	3167	2148.76	24.1894	1.10748	28.516100	28.337675	0.001	
561.239	3195	2134.5	25.0881	1.10748	28.516100	28.337675	0.001	
562.334	3251	2140.94	26.0656	1.10748	28.516100	28.337675	0.001	
563.43	3299	2151.73	26.5914	1.10748	28.516100	28.337675	0.001	
564.525	3333	2154.8	26.9993	1.10748	28.516100	28.337675	0.001	
565.62	3373	2156.78	27.8263	1.10748	28.516100	28.337675	0.001	
566.715	3401	2139.55	28.5701	1.10748	28.516100	28.337675	0.001	
567.811	3467	2164.61	29.4448	1.10748	28.516100	28.337675	0.001	
568.906	3500	2140.34	30.5073	1.10748	28.516100	28.337675	0.001	
570.001	3543	2157.38	30.8918	1.10748	28.516100	28.337675	0.001	
571.095	3582	2132.22	32.3014	1.10748	28.516100	28.337675	0.001	
572.19	3633	2152.72	32.933	1.10748	28.516100	28.337675	0.001	
573.285	3663	2139.95	33.782	1.10748	28.516100	28.337675	0.001	
574.38	3721	2156.88	34.5506	1.10748	28.516100	28.337675	0.001	
575.474	3752	2135.99	35.6439	1.10748	28.516100	28.337675	0.001	
576.569	3798	2142.03	36.465	1.10748	28.516100	28.337675	0.001	
577.663	3829	2139.55	37.1667	1.10748	28.516100	28.337675	0.001	
578.757	3882	2144.6	38.2695	1.10748	28.516100	28.337675	0.001	
579.851	3921	2140.94	39.1064	1.10748	28.516100	28.337675	0.001	
580.945	3982	2164.11	40.0091	1.10748	28.516100	28.337675	0.001	
582.039	3998	2136.29	41.0218	1.10748	28.516100	28.337675	0.001	
583.133	4060	2146.68	42.3201	1.10748	28.516100	28.337675	0.001	
584.227	4085	2128.66	43.5165	1.10748	28.516100	28.337675	0.001	
585.321	4124	2143.22	44.0933	1.10748	28.516100	28.337675	0.001	
586.414	4164	2139.85	45.2942	1.10748	28.516100	28.337675	0.001	
587.508	4219	2155.2	46.4108	1.10748	28.516100	28.337675	0.001	
588.601	4243	2143.91	47.4264	1.10748	28.516100	28.337675	0.001	
589.694	4298	2139.85	49.0094	1.10748	28.516100	28.337675	0.001	
590.787	4328	2139.95	50.116	1.10748	28.516100	28.337675	0.001	
591.881	4364	2152.13	50.6808	1.10748	28.516100	28.337675	0.001	
592.973	4408	2142.13	52.2186	1.10748	28.516100	28.337675	0.001	
594.066	4454	2143.81	53.4898	1.10748	28.516100	28.337675	0.001	
595.159	4500	2153.22	54.6597	1.10748	28.516100	28.337675	0.001	
596.251	4534	2151.34	55.8346	1.10748	28.516100	28.337675	0.001	
597.344	4579	2151.63	57.1056	1.10748	28.516100	28.337675	0.001	
598.436	4642	2161.44	58.6693	1.10748	28.516100	28.337675	0.001	
599.528	4676	2146.19	60.1729	1.10748	28.516100	28.337675	0.001	
600.621	4739	2150.25	61.65	1.10748	28.516100	28.337675	0.001	
601.713	4779	2153.52	62.7012	1.10748	28.516100	28.337675	0.001	
602.804	4825	2148.66	63.9888	1.10748	28.516100	28.337675	0.001	
603.896	4863	2145.3	65.4014	1.10748	28.516100	28.337675	0.001	
604.988	4926	2147.87	66.9038	1.10748	28.516100	28.337675	0.001	
606.079	4989	2150.54	68.4995	1.10748	28.516100	28.337675	0.001	
607.17	5050	2156.68	69.9203	1.10748	28.516100	28.337675	0.001	
608.262	5098	2138.66	71.7982	1.10748	28.516100	28.337675	0.001	
609.353	5182	2149.65	73.438	1.10748	28.516100	28.337675	0.001	
610.443	5244	2148.96	74.9792	1.10748	28.516100	28.337675	0.001	
611.534	5305	2157.48	76.254	1.10748	28.516100	28.337675	0.001	
612.625	5361	2144.8	77.9201	1.10748	28.516100	28.337675	0.001	
613.715	5452	2151.24	79.9135	1.10748	28.516100	28.337675	0.001	
614.806	5521	2156.78	81.261	1.10748	28.516100	28.337675	0.001	
615.896	5594	2166.88	82.8962	1.10748	28.516100	28.337675	0.001	
616.986	5664	2152.92	84.73	1.10748	28.516100	28.337675	0.001	
618.076	5756	2155.79	87.0091	1.10748	28.516100	28.337675	0.001	
619.165	5824	2158.96	88.2536	1.10748	28.516100	28.337675	0.001	
620.255	5924	2166.09	90.3543	1.10748	28.516100	28.337675	0.001	
621.344	5999	2148.47	92.2785	1.10748	28.516100	28.337675	0.001	
622.434	6083	2152.03	94.0639	1.10748	28.516100	28.337675	0.001	
623.523	6193	2150.84	96.5791	1.10748	28.516100	28.337675	0.001	
624.612	6276	2155.6	98.343	1.10748	28.516100	28.337675	0.001	
625.701	6380	2147.87	100.764	1.10748	28.516100	28.337675	0.001	
626.789	6486	2159.06	102.866	1.10748	28.516100	28.337675	0.001	
627.878	6551	2150.15	104.438	1.10748	28.516100	28.337675	0.001	
628.966	6656	2156.29	106.543	1.10748	28.516100	28.337675	0.001	
630.054	6749	2150.45	109.017	1.10748	28.516100	28.337675	0.001	
631.142	6854	2155.69	110.899	1.10748	28.516100	28.337675	0.001	
632.23	6962	2154.7	113.128	1.10748	28.516100	28.337675	0.001	
633.318	7066	2157.58	115.25	1.10748	28.516100	28.337675	0.001	
634.405	7172	2151.73	117.814	1.10748	28.516100	28.337675	0.001	
635.492	7293	2156.68	120.351	1.10748	28.516100	28.337675	0.001	
636.579	7393	2152.82	122.422	1.10748	28.516100	28.337675	0.001	
637.666	7498	2148.76	124.839	1.10748	28.516100	28.337675	0.001	
638.753	7603	2154.6	126.806	1.10748	28.516100	28.337675	0.001	
639.84	7743	2159.46	129.803	1.10748	28.516100	28.337675	0.001	
640.926	7850	2151.53	132.487	1.10748	28.516100	28.337675	0.001	
642.012	7971	2158.57	134.855	1.10748	28.516100	28.337675	0.001	
643.098	8071	2154.51	136.916	1.10748	28.516100	28.337675	0.001	
644.184	8230	2162.43	140.104	1.10748	28.516100	28.337675	0.001	
645.27	8351	2155.2	142.93	1.10748	28.516100	28.337675	0.001	
646.355	8487	2174.31	145.278	1.10748	28.516100	28.337675	0.001	
647.441	8597	2158.57	147.898	1.10748	28.516100	28.337675	0.001	
648.526	8730	2157.77	150.394	1.10748	28.516100	28.337675	0.001	
649.611	8847	2148.56	153.483	1.10748	28.516100	28.337675	0.001	
650.695	8989	2165.79	156.05	1.10748	28.516100	28.337675	0.001	
651.78	9109	2153.12	158.782	1.10748	28.516100	28.337675	0.001	
652.864	9276	2166.19	161.99	1.10748	28.516100	28.337675	0.001	
653.948	9418	2154.8	165.474	1.10748	28.516100	28.337675	0.001	
655.032	9560	2154.31	168.35	1.10748	28.516100	28.337675	0.001	
656.116	9694	2157.38	170.875	1.10748	28.516100	28.337675	0.001	
657.199	9852	2160.84	174.062	1.10748	28.516100	28.337675	0.001	
658.283	9993	2148.37	177.358	1.10748	28.516100	28.337675	0.001	
659.366	10168	2167.38	180.352	1.10748	28.516100	28.337675	0.001	
660.448	10304	2152.43	183.591	1.10748	28.516100	28.337675	0.001	
661.531	10463	2150.54	186.685	1.10748	28.516100	28.337675	0.001	
662.614	10617	2153.61	190.005	1.10748	28.516100	28.337675	0.001	
663.696	10788	2171.93	192.874	1.10748	28.516100	28.337675	0.001	
664.778	10973	2156.68	196.883	1.10748	28.516100	28.337675	0.001	
665.86	11113	2157.97	200.034	1.10748	28.516100	28.337675	0.001	
666.941	11287	2140.64	203.66	1.10748	28.516100	28.337675	0.001	
668.023	11466	2155.79	207.072	1.10748	28.516100	28.337675	0.001	
669.104	11649	2159.06	210.446	1.10748	28.516100	28.337675	0.001	
670.185	11814	2158.76	213.962	1.10748	28.516100	28.337675	0.001	
671.265	11988	2148.66	217.509	1.10748	28.516100	28.337675	0.001	
672.346	12184	2153.12	221.501	1.10748	28.516100	28.337675	0.001	
673.426	12352	2148.47	225.242	1.10748	28.516100	28.337675	0.001	
674.506	12569	2171.34	228.81	1.10748	28.516100	28.337675	0.001	
675.586	12711	2142.82	232.367	1.10748	28.516100	28.337675	0.001	
676.665	12950	2172.73	236.328	1.10748	28.516100	28.337675	0.001	
677.745	13128	2151.93	240.05	1.10748	28.516100	28.337675	0.001	
678.824	13346	2163.62	244.07	1.10748	28.516100	28.337675	0.001	
679.903	13569	2154.11	248.61	1.10748	28.516100	28.337675	0.001	
680.981	13779	2171.93	252.121	1.10748	28.516100	28.337675	0.001	
682.059	13976	2146.88	256.595	1.10748	28.516100	28.337675	0.001	
683.138	14205	2166.69	260.314	1.10748	28.516100	28.337675	0.001	
684.215	14433	2170.15	264.497	1.10748	28.516100	28.337675	0.001	
685.293	14695	2169.95	269.577	1.10748	28.516100	28.337675	0.001	
686.37	14888	2156.49	273.572	1.10748	28.516100	28.337675	0.001	
687.448	15146	2167.18	278.052	1.10748	28.516100	28.337675	0.001	
688.524	15387	2166.49	282.14	1.10748	28.516100	28.337675	0.001	
689.601	15636	2158.17	286.81	1.10748	28.516100	28.337675	0.001	
690.678	15878	2150.74	291.298	1.10748	28.516100	28.337675	0.001	
691.754	16133	2157.18	295.432	1.10748	28.516100	28.337675	0.001	
692.83	16390	2164.71	299.716	1.10748	28.516100	28.337675	0.001	
693.905	16674	2155.99	305.059	1.10748	28.516100	28.337675	0.001	
694.98	16908	2139.75	309.471	1.10748	28.516100	28.337675	0.001	
696.056	17206	2158.37	314.336	1.10748	28.516100	28.337675	0.001	
697.13	17476	2153.32	318.709	1.10748	28.516100	28.337675	0.001	
698.205	17766	2165.1	323.758	1.10748	28.516100	28.337675	0.001	
699.279	18042	2150.35	328.679	1.10748	28.516100	28.337675	0.001	
700.353	18331	2164.01	333.623	1.10748	28.516100	28.337675	0.001	
701.427	18638	2157.67	338.583	1.10748	28.516100	28.337675	0.001	
702.501	18963	2150.94	344.067	1.10748	28.516100	28.337675	0.001	
703.574	19262	2159.66	349.003	1.10748	28.516100	28.337675	0.001	
704.647	19608	2172.43	354.398	1.10748	28.516100	28.337675	0.001	
705.719	19924	2151.83	359.666	1.10748	28.516100	28.337675	0.001	
706.792	20265	2157.28	364.866	1.10748	28.516100	28.337675	0.001	
707.864	20590	2164.01	369.991	1.10748	28.516100	28.337675	0.001	
708.936	20935	2164.41	375.627	1.10748	28.516100	28.337675	0.001	
710.007	21248	2162.92	380.696	1.10748	28.516100	28.337675	0.001	
711.079	21581	2160.84	386.469	1.10748	28.516100	28.337675	0.001	
712.15	21918	2160.45	392.009	1.10748	28.516100	28.337675	0.001	
713.221	22256	2158.17	397.584	1.10748	28.516100	28.337675	0.001	
714.291	22639	2157.87	403.699	1.10748	28.516100	28.337675	0.001	
715.361	22982	2168.07	409.325	1.10748	28.516100	28.337675	0.001	
716.431	23330	2151.83	415.144	1.10748	28.516100	28.337675	0.001	
717.501	23700	2162.63	421.004	1.10748	28.516100	28.337675	0.001	
718.57	24065	2165.89	427.326	1.10748	28.516100	28.337675	0.001	
719.639	24429	2172.53	432.943	1.10748	28.516100	28.337675	0.001	
720.707	24746	2152.92	439.014	1.10748	28.516100	28.337675	0.001	
721.776	25154	2162.13	445.584	1.10748	28.516100	28.337675	0.001	
722.844	25471	2164.11	450.916	1.10748	28.516100	28.337675	0.001	
723.912	25842	2175.9	457.111	1.10748	28.516100	28.337675	0.001	
724.979	26185	2160.84	463.797	1.10748	28.516100	28.337675	0.001	
726.046	26498	2171.04	469.015	1.10748	28.516100	28.337675	0.001	
727.113	26841	2170.25	475.699	1.10748	28.516100	28.337675	0.001	
728.18	27132	2172.53	482.442	1.10748	28.516100	28.337675	0.001	
729.246	27437	2152.82	489.138	1.10748	28.516100	28.337675	0.001	
730.312	27708	2162.13	495.745	1.10748	28.516100	28.337675	0.001	
731.378	27994	2150.84	502.513	1.10748	28.516100	28.337675	0.001	
732.443	28267	2164.61	509.193	1.10748	28.516100	28.337675	0.001	
733.508	28534	2154.8	516.057	1.10748	28.516100	28.337675	0.001	
734.573	28825	2169.66	523.122	1.10748	28.516100	28.337675	0.001	
735.637	29063	2165	530.103	1.10748	28.516100	28.337675	0.001	
736.701	29308	2174.91	537.341	1.10748	28.516100	28.337675	0.001	
737.765	29528	2160.25	544.14	1.10748	28.516100	28.337675	0.001	
738.829	29734	2169.46	550.771	1.10748	28.516100	28.337675	0.001	
739.892	29940	2165.6	558.159	1.10748	28.516100	28.337675	0.001	
740.955	30123	2172.73	564.88	1.10748	28.516100	28.337675	0.001	
742.017	30252	2151.34	571.318	1.10748	28.516100	28.337675	0.001	
743.079	30455	2165.7	578.934	1.10748	28.516100	28.337675	0.001	
744.141	30610	2161.64	586.444	1.10748	28.516100	28.337675	0.001	
745.202	30769	2169.26	594.16	1.10748	28.516100	28.337675	0.001	
746.264	30922	2157.58	602.028	1.10748	28.516100	28.337675	0.001	
747.324	31094	2171.84	609.568	1.10748	28.516100	28.337675	0.001	
748.385	31254	2162.92	617.598	1.10748	28.516100	28.337675	0.001	
749.445	31378	2154.01	625.682	1.10748	28.516100	28.337675	0.001	
750.505	31525	2171.34	633.026	1.10748	28.516100	28.337675	0.001	
751.564	31675	2168.77	641.401	1.10748	28.516100	28.337675	0.001	
752.623	31822	2157.77	649.351	1.10748	28.516100	28.337675	0.001	
753.682	31996	2165.4	658.342	1.10748	28.516100	28.337675	0.001	
754.741	32122	2163.62	665.953	1.10748	28.516100	28.337675	0.001	
755.799	32249	2165.3	673.85	1.10748	28.516100	28.337675	0.001	
756.857	32422	2159.16	681.839	1.10748	28.516100	28.337675	0.001	
757.914	32584	2164.01	690.31	1.10748	28.516100	28.337675	0.001	
758.971	32726	2169.16	697.973	1.10748	28.516100	28.337675	0.001	
760.028	32856	2159.36	705.988	1.10748	28.516100	28.337675	0.001	
761.084	33018	2170.94	714.499	1.10748	28.516100	28.337675	0.001	
762.14	33124	2157.77	722.518	1.10748	28.516100	28.337675	0.001	
763.196	33239	2170.35	731.737	1.10748	28.516100	28.337675	0.001	
764.251	33352	2157.18	740.364	1.10748	28.516100	28.337675	0.001	
765.306	33506	2165.6	749.717	1.10748	28.516100	28.337675	0.001	
766.36	33608	2166.59	758.149	1.10748	28.516100	28.337675	0.001	
767.415	33723	2153.81	766.747	1.10748	28.516100	28.337675	0.001	
768.468	33866	2167.97	776.251	1.10748	28.516100	28.337675	0.001	
769.522	34007	2149.46	785.445	1.10748	28.516100	28.337675	0.001	
770.575	34173	2162.92	795.243	1.10748	28.516100	28.337675	0.001	
771.628	34274	2160.55	803.904	1.10748	28.516100	28.337675	0.001	
772.68	34421	2175	813.489	1.10748	28.516100	28.337675	0.001	
773.732	34519	2152.82	822.883	1.10748	28.516100	28.337675	0.001	
774.784	34685	2169.36	832.895	1.10748	28.516100	28.337675	0.001	
775.835	34779	2163.32	842.147	1.10748	28.516100	28.337675	0.001	
776.886	34868	2166.88	850.903	1.10748	28.516100	28.337675	0.001	
777.936	35007	2163.02	860.426	1.10748	28.516100	28.337675	0.001	
778.986	35158	2174.41	869.463	1.10748	28.516100	28.337675	0.001	
780.036	35248	2154.31	878.881	1.10748	28.516100	28.337675	0.001	
781.086	35271	2154.31	887.854	1.10748	28.516100	28.337675	0.001	
782.135	35337	2154.01	897.947	1.10748	28.516100	28.337675	0.001	
783.183	35393	2169.95	908.072	1.10748	28.516100	28.337675	0.001	
784.231	35442	2152.13	918.665	1.10748	28.516100	28.337675	0.001	
785.279	35447	2166.29	929.014	1.10748	28.516100	28.337675	0.001	
786.327	35528	2147.28	939.617	1.10748	28.516100	28.337675	0.001	
787.374	35576	2163.62	950.107	1.10748	28.516100	28.337675	0.001	
788.42	35589	2155.69	960.447	1.10748	28.516100	28.337675	0.001	
789.466	35669	2161.83	972.259	1.10748	28.516100	28.337675	0.001	
790.512	35642	2160.94	981.785	1.10748	28.516100	28.337675	0.001	
791.558	35726	2162.33	992.845	1.10748	28.516100	28.337675	0.001	
792.603	35698	2164.61	1003.02	1.10748	28.516100	28.337675	0.001	
793.648	35773	2164.71	1013.94	1.10748	28.516100	28.337675	0.001	
794.692	35784	2165.5	1025.04	1.10748	28.516100	28.337675	0.001	
795.736	35797	2159.46	1036.18	1.10748	28.516100	28.337675	0.001	
796.779	35840	2158.47	1046.12	1.10748	28.516100	28.337675	0.001	
797.822	35819	2179.46	1056.47	1.10748	28.516100	28.337675	0.001	
798.865	35807	2163.02	1067.19	1.10748	28.516100	28.337675	0.001	
799.907	35808	2149.36	1078.42	1.10748	28.516100	28.337675	0.001	
800.949	35795	2158.66	1089.15	1.10748	28.516100	28.337675	0.001	
801.99	35763	2163.91	1099.02	1.10748	28.516100	28.337675	0.001	
803.031	35709	2150.05	1110.27	1.10748	28.516100	28.337675	0.001	
804.072	35724	2169.26	1122.43	1.10748	28.516100	28.337675	0.001	
805.112	35683	2158.96	1134.22	1.10748	28.516100	28.337675	0.001	
806.152	35706	2169.56	1146	1.10748	28.516100	28.337675	0.001	
807.191	35664	2171.44	1157.26	1.10748	28.516100	28.337675	0.001	
808.23	35671	2162.63	1169.99	1.10748	28.516100	28.337675	0.001	
809.268	35673	2150.54	1182.45	1.10748	28.516100	28.337675	0.001	
810.307	35717	2152.62	1195.43	1.10748	28.516100	28.337675	0.001	
811.344	35743	2154.41	1207.05	1.10748	28.516100	28.337675	0.001	
812.381	35744	2169.16	1218.65	1.10748	28.516100	28.337675	0.001	
813.418	35751	2159.06	1230.34	1.10748	28.516100	28.337675	0.001	
814.454	35786	2167.78	1243.48	1.10748	28.516100	28.337675	0.001	
815.49	35756	2157.67	1254.83	1.10748	28.516100	28.337675	0.001	
816.526	35777	2163.12	1266.64	1.10748	28.516100	28.337675	0.001	
817.561	35764	2160.25	1278.81	1.10748	28.516100	28.337675	0.001	
818.596	35787	2169.66	1291.44	1.10748	28.516100	28.337675	0.001	
819.63	35772	2159.95	1303.45	1.10748	28.516100	28.337675	0.001	
820.664	35816	2172.43	1315.05	1.10748	28.516100	28.337675	0.001	
821.697	35777	2167.48	1326.79	1.10748	28.516100	28.337675	0.001	
822.73	35787	2175.9	1338.89	1.10748	28.516100	28.337675	0.001	
823.762	35791	2172.23	1352.18	1.10748	28.516100	28.337675	0.001	
824.794	35748	2171.44	1363.92	1.10748	28.516100	28.337675	0.001	
825.826	35751	2162.43	1377.69	1.10748	28.516100	28.337675	0.001	
826.857	35712	2176.89	1391.27	1.10748	28.516100	28.337675	0.001	
827.887	35700	2162.43	1402.77	1.10748	28.516100	28.337675	0.001	
828.918	35738	2175.1	1417.38	1.10748	28.516100	28.337675	0.001	
829.947	35704	2163.52	1430.67	1.10748	28.516100	28.337675	0.001	
830.977	35781	2164.8	1446.2	1.10748	28.516100	28.337675	0.001	
832.005	35767	2164.61	1458.07	1.10748	28.516100	28.337675	0.001	
833.034	35811	2166.09	1472.56	1.10748	28.516100	28.337675	0.001	
834.062	35782	2170.75	1485.63	1.10748	28.516100	28.337675	0.001	
835.089	35789	2159.85	1499.76	1.10748	28.516100	28.337675	0.001	
836.116	35827	2162.53	1512.48	1.10748	28.516100	28.337675	0.001	
837.143	35907	2167.97	1526.5	1.10748	28.516100	28.337675	0.001	
838.169	35946	2169.56	1539.18	1.10748	28.516100	28.337675	0.001	
839.194	36009	2162.82	1553.57	1.10748	28.516100	28.337675	0.001	
840.22	36059	2155.6	1569.18	1.10748	28.516100	28.337675	0.001	
841.244	36136	2162.82	1582.85	1.10748	28.516100	28.337675	0.001	
842.268	36141	2159.16	1596.02	1.10748	28.516100	28.337675	0.001	
843.292	36203	2174.71	1608.73	1.10748	28.516100	28.337675	0.001	
844.315	36255	2160.15	1624.03	1.10748	28.516100	28.337675	0.001	
845.338	36281	2173.02	1636.62	1.10748	28.516100	28.337675	0.001	
846.36	36265	2157.48	1650.4	1.10748	28.516100	28.337675	0.001	
847.382	36337	2160.74	1665.22	1.10748	28.516100	28.337675	0.001	
848.404	36297	2165.89	1677.95	1.10748	28.516100	28.337675	0.001	
849.425	36331	2170.05	1691.95	1.10748	28.516100	28.337675	0.001	
850.445	36344	2164.01	1707.2	1.10748	28.516100	28.337675	0.001	
851.465	36412	2175.9	1722.84	1.10748	28.516100	28.337675	0.001	
852.484	36482	2159.95	1739.36	1.10748	28.516100	28.337675	0.001	
853.503	36515	2155.79	1754.66	1.10748	28.516100	28.337675	0.001	
854.522	36551	2152.53	1767.97	1.10748	28.516100	28.337675	0.001	
855.54	36642	2170.84	1784.4	1.10748	28.516100	28.337675	0.001	
856.557	36713	2170.55	1799.78	1.10748	28.516100	28.337675	0.001	
857.574	36814	2163.81	1816.02	1.10748	28.516100	28.337675	0.001	
858.591	36864	2159.56	1829.19	1.10748	28.516100	28.337675	0.001	
859.607	36910	2160.35	1843.56	1.10748	28.516100	28.337675	0.001	
860.622	36982	2167.08	1858.67	1.10748	28.516100	28.337675	0.001	
861.637	37063	2159.06	1874.5	1.10748	28.516100	28.337675	0.001	
862.652	37131	2159.56	1891.55	1.10748	28.516100	28.337675	0.001	
863.666	37240	2163.32	1906.78	1.10748	28.516100	28.337675	0.001	
864.679	37243	2151.04	1920.62	1.10748	28.516100	28.337675	0.001	
865.692	37303	2158.96	1934.96	1.10748	28.516100	28.337675	0.001	
866.705	37353	2146.98	1951.73	1.10748	28.516100	28.337675	0.001	
867.717	37373	2152.62	1966.27	1.10748	28.516100	28.337675	0.001	
868.728	37381	2158.27	1981.38	1.10748	28.516100	28.337675	0.001	
869.739	37399	2151.44	1996.48	1.10748	28.516100	28.337675	0.001	
870.75	37432	2170.55	2011.32	1.10748	28.516100	28.337675	0.001	
871.76	37444	2152.62	2027.21	1.10748	28.516100	28.337675	0.001	
872.769	37468	2151.04	2042.66	1.10748	28.516100	28.337675	0.001	
873.778	37465	2154.11	2058.64	1.10748	28.516100	28.337675	0.001	
874.786	37483	2154.41	2074.52	1.10748	28.516100	28.337675	0.001	
875.794	37542	2163.42	2092.31	1.10748	28.516100	28.337675	0.001	
876.802	37513	2178.67	2106.56	1.10748	28.516100	28.337675	0.001	
877.809	37525	2166.19	2124.75	1.10748	28.516100	28.337675	0.001	
878.815	37548	2172.03	2141.15	1.10748	28.516100	28.337675	0.001	
879.821	37550	2159.36	2159.61	1.10748	28.516100	28.337675	0.001	
880.826	37623	2170.35	2176.84	1.10748	28.516100	28.337675	0.001	
881.831	37621	2169.76	2193.27	1.10748	28.516100	28.337675	0.001	
882.835	37612	2163.12	2209.45	1.10748	28.516100	28.337675	0.001	
883.839	37585	2161.44	2225.63	1.10748	28.516100	28.337675	0.001	
884.842	37596	2157.58	2241.9	1.10748	28.516100	28.337675	0.001	
885.844	37643	2163.02	2258.94	1.10748	28.516100	28.337675	0.001	
886.847	37619	2165.2	2273.29	1.10748	28.516100	28.337675	0.001	
887.848	37618	2161.83	2292.61	1.10748	28.516100	28.337675	0.001	
888.849	37544	2157.08	2308.11	1.10748	28.516100	28.337675	0.001	
889.85	37516	2160.55	2326.3	1.10748	28.516100	28.337675	0.001	
890.85	37447	2152.62	2344	1.10748	28.516100	28.337675	0.001	
891.849	37379	2152.23	2360.47	1.10748	28.516100	28.337675	0.001	
892.848	37373	2160.35	2377.87	1.10748	28.516100	28.337675	0.001	
893.846	37348	2163.22	2391.57	1.10748	28.516100	28.337675	0.001	
894.844	37319	2145.89	2408.96	1.10748	28.516100	28.337675	0.001	
895.841	37282	2160.74	2425.23	1.10748	28.516100	28.337675	0.001	
896.838	37218	2152.13	2440.64	1.10748	28.516100	28.337675	0.001	
897.834	37197	2155.79	2458.76	1.10748	28.516100	28.337675	0.001	
898.83	37075	2140.25	2473.85	1.10748	28.516100	28.337675	0.001	
899.825	37019	2163.32	2490.94	1.10748	28.516100	28.337675	0.001	
900.819	36947	2142.52	2508.17	1.10748	28.516100	28.337675	0.001	
901.813	36912	2158.86	2524.39	1.10748	28.516100	28.337675	0.001	
902.807	36835	2164.11	2543.17	1.10748	28.516100	28.337675	0.001	
903.799	36806	2160.65	2562.05	1.10748	28.516100	28.337675	0.001	
904.792	36713	2156.39	2581.51	1.10748	28.516100	28.337675	0.001	
905.783	36664	2165.79	2597.92	1.10748	28.516100	28.337675	0.001	
906.775	36625	2159.06	2618.48	1.10748	28.516100	28.337675	0.001	
907.765	36582	2176.39	2636.44	1.10748	28.516100	28.337675	0.001	
908.755	36549	2163.72	2656.11	1.10748	28.516100	28.337675	0.001	
909.745	36494	2167.78	2673.4	1.10748	28.516100	28.337675	0.001	
910.733	36458	2151.73	2693.1	1.10748	28.516100	28.337675	0.001	
911.722	36417	2164.8	2711.73	1.10748	28.516100	28.337675	0.001	
912.71	36340	2160.65	2727.85	1.10748	28.516100	28.337675	0.001	
913.697	36317	2167.48	2746.65	1.10748	28.516100	28.337675	0.001	
914.683	36260	2155.4	2762.65	1.10748	28.516100	28.337675	0.001	
915.669	36204	2146.48	2782.8	1.10748	28.516100	28.337675	0.001	
916.655	36099	2159.56	2799.09	1.10748	28.516100	28.337675	0.001	
917.64	36014	2160.55	2815.78	1.10748	28.516100	28.337675	0.001	
918.624	35904	2152.62	2833.54	1.10748	28.516100	28.337675	0.001	
919.608	35785	2159.36	2849.49	1.10748	28.516100	28.337675	0.001	
920.591	35646	2155.5	2866.53	1.10748	28.516100	28.337675	0.001	
921.573	35551	2172.13	2886.62	1.10748	28.516100	28.337675	0.001	
922.555	35425	2144.31	2903.68	1.10748	28.516100	28.337675	0.001	
923.537	35279	2151.44	2922.82	1.10748	28.516100	28.337675	0.001	
924.517	35099	2164.11	2937.06	1.10748	28.516100	28.337675	0.001	
925.498	34957	2156.98	2957.17	1.10748	28.516100	28.337675	0.001	
926.477	34818	2165.2	2973.68	1.10748	28.516100	28.337675	0.001	
927.456	34640	2152.62	2992.62	1.10748	28.516100	28.337675	0.001	
928.435	34454	2166.69	3006.29	1.10748	28.516100	28.337675	0.001	
929.412	34303	2156.78	3027.65	1.10748	28.516100	28.337675	0.001	
930.39	34138	2165	3047.47	1.10748	28.516100	28.337675	0.001	
931.366	34000	2163.62	3067.36	1.10748	28.516100	28.337675	0.001	
932.342	33804	2154.9	3087.18	1.10748	28.516100	28.337675	0.001	
933.318	33643	2163.81	3106.9	1.10748	28.516100	28.337675	0.001	
934.293	33492	2163.02	3127.98	1.10748	28.516100	28.337675	0.001	
935.267	33294	2158.86	3148.61	1.10748	28.516100	28.337675	0.001	
936.24	33133	2140.74	3173.81	1.10748	28.516100	28.337675	0.001	
937.213	32922	2169.36	3189.2	1.10748	28.516100	28.337675	0.001	
938.186	32672	2154.6	3206.28	1.10748	28.516100	28.337675	0.001	
939.158	32484	2176.39	3221.13	1.10748	28.516100	28.337675	0.001	
940.129	32285	2153.81	3244.25	1.10748	28.516100	28.337675	0.001	
941.099	32073	2165.79	3261.98	1.10748	28.516100	28.337675	0.001	
942.069	31843	2162.33	3280.87	1.10748	28.516100	28.337675	0.001	
943.039	31662	2159.06	3302.96	1.10748	28.516100	28.337675	0.001	
944.007	31456	2145.79	3321.41	1.10748	28.516100	28.337675	0.001	
944.975	31270	2175	3336.72	1.10748	28.516100	28.337675	0.001	
945.943	31041	2169.85	3350.81	1.10748	28.516100	28.337675	0.001	
946.91	30894	2164.8	3372.58	1.10748	28.516100	28.337675	0.001	
947.876	30689	2148.66	3390.29	1.10748	28.516100	28.337675	0.001	
948.842	30537	2159.66	3409.61	1.10748	28.516100	28.337675	0.001	
949.807	30371	2165.99	3429.77	1.10748	28.516100	28.337675	0.001	
950.771	30188	2166.09	3447.76	1.10748	28.516100	28.337675	0.001	
951.735	30003	2152.92	3464.95	1.10748	28.516100	28.337675	0.001	
952.698	29826	2182.53	3480.35	1.10748	28.516100	28.337675	0.001	
953.66	29601	2156.88	3499.09	1.10748	28.516100	28.337675	0.001	
954.622	29408	2160.05	3517.16	1.10748	28.516100	28.337675	0.001	
955.584	29222	2160.55	3538.47	1.10748	28.516100	28.337675	0.001	
956.544	28985	2164.21	3553.32	1.10748	28.516100	28.337675	0.001	
957.504	28741	2153.32	3569.72	1.10748	28.516100	28.337675	0.001	
958.463	28549	2174.31	3588.64	1.10748	28.516100	28.337675	0.001	
959.422	28297	2153.71	3608.91	1.10748	28.516100	28.337675	0.001	
960.38	28063	2159.66	3627.49	1.10748	28.516100	28.337675	0.001	
961.338	27815	2165.4	3648.21	1.10748	28.516100	28.337675	0.001	
962.294	27577	2158.17	3671.43	1.10748	28.516100	28.337675	0.001	
963.25	27354	2147.67	3693.26	1.10748	28.516100	28.337675	0.001	
964.206	27094	2165.89	3708.77	1.10748	28.516100	28.337675	0.001	
965.161	26892	2156.68	3735.49	1.10748	28.516100	28.337675	0.001	
966.115	26648	2160.94	3757.52	1.10748	28.516100	28.337675	0.001	
