452.692	2217	2131.66	409.801	1.10748	28.516100	28.337675	0.001	
453.787	2250	2163.33	3.22193	1.10748	28.516100	28.337675	0.001	
454.882	2239	2153.5	0.854824	1.10748	28.516100	28.337675	0.001	
455.977	2246	2174.84	-114.815	1.10748	28.516100	28.337675	0.001	
457.072	2227	2140.2	1.10459	1.10748	28.516100	28.337675	0.001	
458.167	2257	2180	-42.5277	1.10748	28.516100	28.337675	0.001	
459.263	2235	2154.49	-1.14219	1.10748	28.516100	28.337675	0.001	
460.358	2250	2168.09	-1.15216	1.10748	28.516100	28.337675	0.001	
461.453	2251	2159.65	7.80059	1.10748	28.516100	28.337675	0.001	
462.549	2248	2158.16	5.73935	1.10748	28.516100	28.337675	0.001	
463.644	2233	2149.83	0.135893	1.10748	28.516100	28.337675	0.001	
464.74	2240	2159.85	-0.917278	1.10748	28.516100	28.337675	0.001	
465.835	2241	2160.94	-9.03103	1.10748	28.516100	28.337675	0.001	
466.931	2247	2163.43	-0.0720963	1.10748	28.516100	28.337675	0.001	
468.027	2233	2144.57	38.4891	1.10748	28.516100	28.337675	0.001	
469.123	2263	2169.88	4.84822	1.10748	28.516100	28.337675	0.001	
470.219	2229	2144.96	0.818133	1.10748	28.516100	28.337675	0.001	
471.315	2239	2156.58	-0.649207	1.10748	28.516100	28.337675	0.001	
472.411	2228	2149.83	-4.43377	1.10748	28.516100	28.337675	0.001	
473.507	2255	2169.38	1.53985	1.10748	28.516100	28.337675	0.001	
474.603	2240	2149.13	3.26767	1.10748	28.516100	28.337675	0.001	
475.699	2241	2158.26	4.44206	1.10748	28.516100	28.337675	0.001	
476.795	2236	2161.04	-4.78176	1.10748	28.516100	28.337675	0.001	
477.892	2263	2167.59	11.7433	1.10748	28.516100	28.337675	0.001	
478.988	2238	2161.24	-3.57192	1.10748	28.516100	28.337675	0.001	
480.084	2246	2159.16	2.29822	1.10748	28.516100	28.337675	0.001	
481.181	2248	2162.33	1.02547	1.10748	28.516100	28.337675	0.001	
482.277	2261	2167.89	20.2041	1.10748	28.516100	28.337675	0.001	
483.374	2237	2152.21	0.524144	1.10748	28.516100	28.337675	0.001	
484.47	2270	2161.04	70.9431	1.10748	28.516100	28.337675	0.001	
485.567	2255	2156.87	7.04855	1.10748	28.516100	28.337675	0.001	
486.663	2261	2172.56	1.39781	1.10748	28.516100	28.337675	0.001	
487.76	2252	2158.96	7.4249	1.10748	28.516100	28.337675	0.001	
488.857	2249	2171.86	-5.14289	1.10748	28.516100	28.337675	0.001	
489.954	2244	2151.71	3.25879	1.10748	28.516100	28.337675	0.001	
491.05	2254	2158.76	4.58408	1.10748	28.516100	28.337675	0.001	
492.147	2243	2152.51	3.02612	1.10748	28.516100	28.337675	0.001	
493.244	2259	2161.84	4.00979	1.10748	28.516100	28.337675	0.001	
494.341	2265	2162.83	4.86748	1.10748	28.516100	28.337675	0.001	
495.438	2270	2176.13	2.92307	1.10748	28.516100	28.337675	0.001	
496.535	2242	2148.93	2.80211	1.10748	28.516100	28.337675	0.001	
497.632	2267	2160.84	5.20497	1.10748	28.516100	28.337675	0.001	
498.729	2268	2160.94	4.91696	1.10748	28.516100	28.337675	0.001	
499.825	2259	2160.84	2.70445	1.10748	28.516100	28.337675	0.001	
500.922	2271	2159.16	4.09363	1.10748	28.516100	28.337675	0.001	
502.019	2268	2165.41	3.15128	1.10748	28.516100	28.337675	0.001	
503.117	2275	2157.87	4.936	1.10748	28.516100	28.337675	0.001	
504.214	2272	2154	4.87723	1.10748	28.516100	28.337675	0.001	
505.311	2279	2149.33	6.24028	1.10748	28.516100	28.337675	0.001	
506.408	2265	2162.53	2.44137	1.10748	28.516100	28.337675	0.001	
507.505	2291	2164.81	4.81047	1.10748	28.516100	28.337675	0.001	
508.602	2278	2152.8	5.10362	1.10748	28.516100	28.337675	0.001	
509.699	2299	2156.97	6.20607	1.10748	28.516100	28.337675	0.001	
510.796	2296	2155.58	6.00056	1.10748	28.516100	28.337675	0.001	
511.893	2308	2161.44	5.8584	1.10748	28.516100	28.337675	0.001	
512.99	2329	2175.63	6.11763	1.10748	28.516100	28.337675	0.001	
514.087	2304	2154.29	5.5576	1.10748	28.516100	28.337675	0.001	
515.184	2320	2163.13	6.12761	1.10748	28.516100	28.337675	0.001	
516.281	2323	2155.19	5.80188	1.10748	28.516100	28.337675	0.001	
517.378	2332	2164.62	6.13893	1.10748	28.516100	28.337675	0.001	
518.475	2337	2158.76	6.42296	1.10748	28.516100	28.337675	0.001	
519.573	2351	2164.12	7.05468	1.10748	28.516100	28.337675	0.001	
520.67	2344	2154.59	6.69112	1.10748	28.516100	28.337675	0.001	
521.767	2355	2165.11	6.56098	1.10748	28.516100	28.337675	0.001	
522.864	2353	2164.81	6.46988	1.10748	28.516100	28.337675	0.001	
523.961	2383	2171.66	7.59811	1.10748	28.516100	28.337675	0.001	
525.058	2371	2152.11	7.81576	1.10748	28.516100	28.337675	0.001	
526.155	2399	2174.44	7.71528	1.10748	28.516100	28.337675	0.001	
527.252	2398	2154.99	8.27304	1.10748	28.516100	28.337675	0.001	
528.348	2423	2171.76	8.62228	1.10748	28.516100	28.337675	0.001	
529.445	2418	2155.68	8.74639	1.10748	28.516100	28.337675	0.001	
530.542	2427	2147.64	9.36828	1.10748	28.516100	28.337675	0.001	
531.639	2451	2154.69	9.81552	1.10748	28.516100	28.337675	0.001	
532.736	2481	2173.75	10.1281	1.10748	28.516100	28.337675	0.001	
533.833	2467	2158.66	9.89121	1.10748	28.516100	28.337675	0.001	
534.929	2493	2166.01	10.31	1.10748	28.516100	28.337675	0.001	
536.026	2484	2139.6	10.8584	1.10748	28.516100	28.337675	0.001	
537.123	2523	2164.52	11.0569	1.10748	28.516100	28.337675	0.001	
538.22	2533	2148.54	11.8768	1.10748	28.516100	28.337675	0.001	
539.316	2564	2166.3	12.0392	1.10748	28.516100	28.337675	0.001	
540.413	2572	2160.84	12.2996	1.10748	28.516100	28.337675	0.001	
541.509	2600	2158.36	12.9952	1.10748	28.516100	28.337675	0.001	
542.606	2588	2144.37	12.7391	1.10748	28.516100	28.337675	0.001	
543.702	2632	2165.41	13.0895	1.10748	28.516100	28.337675	0.001	
544.799	2634	2142.88	13.7238	1.10748	28.516100	28.337675	0.001	
545.895	2680	2161.84	14.2762	1.10748	28.516100	28.337675	0.001	
546.991	2687	2153.6	14.5042	1.10748	28.516100	28.337675	0.001	
548.088	2730	2164.12	15.2403	1.10748	28.516100	28.337675	0.001	
549.184	2734	2150.22	15.5104	1.10748	28.516100	28.337675	0.001	
550.28	2752	2151.81	15.6075	1.10748	28.516100	28.337675	0.001	
551.376	2784	2148.14	16.3946	1.10748	28.516100	28.337675	0.001	
552.472	2845	2165.01	17.2772	1.10748	28.516100	28.337675	0.001	
553.568	2839	2156.28	17.0106	1.10748	28.516100	28.337675	0.001	
554.664	2893	2168.59	17.9144	1.10748	28.516100	28.337675	0.001	
555.76	2906	2157.07	18.2789	1.10748	28.516100	28.337675	0.001	
556.856	2944	2166.4	18.7832	1.10748	28.516100	28.337675	0.001	
557.952	2955	2153.5	19.1851	1.10748	28.516100	28.337675	0.001	
559.047	3020	2171.66	20.0633	1.10748	28.516100	28.337675	0.001	
560.143	3028	2153.9	20.452	1.10748	28.516100	28.337675	0.001	
561.239	3057	2139.6	21.4078	1.10748	28.516100	28.337675	0.001	
562.334	3087	2146.05	21.7643	1.10748	28.516100	28.337675	0.001	
563.43	3138	2156.87	22.4293	1.10748	28.516100	28.337675	0.001	
564.525	3163	2159.95	22.6697	1.10748	28.516100	28.337675	0.001	
565.62	3191	2161.94	23.218	1.10748	28.516100	28.337675	0.001	
566.715	3222	2144.66	24.0963	1.10748	28.516100	28.337675	0.001	
567.811	3277	2169.78	24.7176	1.10748	28.516100	28.337675	0.001	
568.906	3308	2145.46	25.7859	1.10748	28.516100	28.337675	0.001	
570.001	3348	2162.53	26.1314	1.10748	28.516100	28.337675	0.001	
571.095	3362	2137.32	26.9703	1.10748	28.516100	28.337675	0.001	
572.19	3416	2157.87	27.6828	1.10748	28.516100	28.337675	0.001	
573.285	3451	2145.06	28.6761	1.10748	28.516100	28.337675	0.001	
574.38	3481	2162.04	28.8155	1.10748	28.516100	28.337675	0.001	
575.474	3518	2141.09	30.0711	1.10748	28.516100	28.337675	0.001	
576.569	3561	2147.15	30.8375	1.10748	28.516100	28.337675	0.001	
577.663	3580	2144.66	31.2727	1.10748	28.516100	28.337675	0.001	
578.757	3630	2149.73	32.3057	1.10748	28.516100	28.337675	0.001	
579.851	3660	2146.05	32.958	1.10748	28.516100	28.337675	0.001	
580.945	3720	2169.28	33.8284	1.10748	28.516100	28.337675	0.001	
582.039	3737	2141.39	34.8687	1.10748	28.516100	28.337675	0.001	
583.133	3789	2151.81	35.9174	1.10748	28.516100	28.337675	0.001	
584.227	3806	2133.75	36.901	1.10748	28.516100	28.337675	0.001	
585.321	3832	2148.34	37.171	1.10748	28.516100	28.337675	0.001	
586.414	3867	2144.96	38.2257	1.10748	28.516100	28.337675	0.001	
587.508	3913	2160.35	39.0987	1.10748	28.516100	28.337675	0.001	
588.601	3939	2149.03	40.1342	1.10748	28.516100	28.337675	0.001	
589.694	3980	2144.96	41.3575	1.10748	28.516100	28.337675	0.001	
590.787	4010	2145.06	42.4024	1.10748	28.516100	28.337675	0.001	
591.881	4054	2157.27	43.1561	1.10748	28.516100	28.337675	0.001	
592.973	4088	2147.25	44.4193	1.10748	28.516100	28.337675	0.001	
594.066	4115	2148.93	45.202	1.10748	28.516100	28.337675	0.001	
595.159	4163	2158.36	46.3741	1.10748	28.516100	28.337675	0.001	
596.251	4200	2156.48	47.5762	1.10748	28.516100	28.337675	0.001	
597.344	4223	2156.77	48.2832	1.10748	28.516100	28.337675	0.001	
598.436	4280	2166.6	49.6574	1.10748	28.516100	28.337675	0.001	
599.528	4293	2151.31	50.6015	1.10748	28.516100	28.337675	0.001	
600.621	4353	2155.38	51.9996	1.10748	28.516100	28.337675	0.001	
601.713	4407	2158.66	53.3736	1.10748	28.516100	28.337675	0.001	
602.804	4445	2153.8	54.4595	1.10748	28.516100	28.337675	0.001	
603.896	4473	2150.42	55.5666	1.10748	28.516100	28.337675	0.001	
604.988	4530	2153	56.9192	1.10748	28.516100	28.337675	0.001	
606.079	4577	2155.68	58.1017	1.10748	28.516100	28.337675	0.001	
607.17	4635	2161.84	59.4385	1.10748	28.516100	28.337675	0.001	
608.262	4670	2143.77	60.9605	1.10748	28.516100	28.337675	0.001	
609.353	4743	2154.79	62.3513	1.10748	28.516100	28.337675	0.001	
610.443	4795	2154.09	63.6466	1.10748	28.516100	28.337675	0.001	
611.534	4860	2162.63	65.025	1.10748	28.516100	28.337675	0.001	
612.625	4899	2149.93	66.2765	1.10748	28.516100	28.337675	0.001	
613.715	4964	2156.38	67.6387	1.10748	28.516100	28.337675	0.001	
614.806	5032	2161.94	68.9957	1.10748	28.516100	28.337675	0.001	
615.896	5110	2172.06	70.7428	1.10748	28.516100	28.337675	0.001	
616.986	5161	2158.06	72.1451	1.10748	28.516100	28.337675	0.001	
618.076	5247	2160.94	74.2653	1.10748	28.516100	28.337675	0.001	
619.165	5305	2164.12	75.3152	1.10748	28.516100	28.337675	0.001	
620.255	5394	2171.27	77.1723	1.10748	28.516100	28.337675	0.001	
621.344	5448	2153.6	78.6361	1.10748	28.516100	28.337675	0.001	
622.434	5538	2157.17	80.5961	1.10748	28.516100	28.337675	0.001	
623.523	5597	2155.98	81.896	1.10748	28.516100	28.337675	0.001	
624.612	5693	2160.74	83.9995	1.10748	28.516100	28.337675	0.001	
625.701	5776	2153	85.9562	1.10748	28.516100	28.337675	0.001	
626.789	5863	2164.22	87.6257	1.10748	28.516100	28.337675	0.001	
627.878	5921	2155.29	89.063	1.10748	28.516100	28.337675	0.001	
628.966	6018	2161.44	91.0175	1.10748	28.516100	28.337675	0.001	
630.054	6094	2155.58	93.0712	1.10748	28.516100	28.337675	0.001	
631.142	6183	2160.84	94.6448	1.10748	28.516100	28.337675	0.001	
632.23	6291	2159.85	96.9317	1.10748	28.516100	28.337675	0.001	
633.318	6375	2162.73	98.6197	1.10748	28.516100	28.337675	0.001	
634.405	6469	2156.87	100.915	1.10748	28.516100	28.337675	0.001	
635.492	6565	2161.84	102.89	1.10748	28.516100	28.337675	0.001	
636.579	6657	2157.97	104.831	1.10748	28.516100	28.337675	0.001	
637.666	6760	2153.9	107.226	1.10748	28.516100	28.337675	0.001	
638.753	6845	2159.75	108.774	1.10748	28.516100	28.337675	0.001	
639.84	6947	2164.62	110.902	1.10748	28.516100	28.337675	0.001	
640.926	7034	2156.68	113.121	1.10748	28.516100	28.337675	0.001	
642.012	7151	2163.72	115.441	1.10748	28.516100	28.337675	0.001	
643.098	7251	2159.65	117.557	1.10748	28.516100	28.337675	0.001	
644.184	7385	2167.59	120.208	1.10748	28.516100	28.337675	0.001	
645.27	7472	2160.35	122.265	1.10748	28.516100	28.337675	0.001	
646.355	7594	2179.51	124.337	1.10748	28.516100	28.337675	0.001	
647.441	7708	2163.72	127.096	1.10748	28.516100	28.337675	0.001	
648.526	7813	2162.93	129.026	1.10748	28.516100	28.337675	0.001	
649.611	7917	2153.7	131.791	1.10748	28.516100	28.337675	0.001	
650.695	8040	2170.97	133.958	1.10748	28.516100	28.337675	0.001	
651.78	8159	2158.26	136.713	1.10748	28.516100	28.337675	0.001	
652.864	8292	2171.37	139.179	1.10748	28.516100	28.337675	0.001	
653.948	8425	2159.95	142.46	1.10748	28.516100	28.337675	0.001	
655.032	8528	2159.45	144.491	1.10748	28.516100	28.337675	0.001	
656.116	8662	2162.53	147.078	1.10748	28.516100	28.337675	0.001	
657.199	8792	2166.01	149.666	1.10748	28.516100	28.337675	0.001	
658.283	8911	2153.5	152.485	1.10748	28.516100	28.337675	0.001	
659.366	9060	2172.56	154.953	1.10748	28.516100	28.337675	0.001	
660.448	9188	2157.57	158.034	1.10748	28.516100	28.337675	0.001	
661.531	9319	2155.68	160.561	1.10748	28.516100	28.337675	0.001	
662.614	9450	2158.76	163.365	1.10748	28.516100	28.337675	0.001	
663.696	9625	2177.12	166.394	1.10748	28.516100	28.337675	0.001	
664.778	9749	2161.84	169.086	1.10748	28.516100	28.337675	0.001	
665.86	9888	2163.13	172.202	1.10748	28.516100	28.337675	0.001	
666.941	10041	2145.76	175.442	1.10748	28.516100	28.337675	0.001	
668.023	10185	2160.94	178.09	1.10748	28.516100	28.337675	0.001	
669.104	10358	2164.22	181.318	1.10748	28.516100	28.337675	0.001	
670.185	10523	2163.92	184.848	1.10748	28.516100	28.337675	0.001	
671.265	10656	2153.8	187.545	1.10748	28.516100	28.337675	0.001	
672.346	10826	2158.26	190.982	1.10748	28.516100	28.337675	0.001	
673.426	10976	2153.6	194.325	1.10748	28.516100	28.337675	0.001	
674.506	11155	2176.53	197.132	1.10748	28.516100	28.337675	0.001	
675.586	11280	2147.94	200.337	1.10748	28.516100	28.337675	0.001	
676.665	11487	2177.92	203.661	1.10748	28.516100	28.337675	0.001	
677.745	11652	2157.07	207.18	1.10748	28.516100	28.337675	0.001	
678.824	11848	2168.79	210.772	1.10748	28.516100	28.337675	0.001	
679.903	12023	2159.26	214.32	1.10748	28.516100	28.337675	0.001	
680.981	12221	2177.12	217.65	1.10748	28.516100	28.337675	0.001	
682.059	12377	2152.01	221.27	1.10748	28.516100	28.337675	0.001	
683.138	12600	2171.86	224.96	1.10748	28.516100	28.337675	0.001	
684.215	12806	2175.34	228.747	1.10748	28.516100	28.337675	0.001	
685.293	13011	2175.14	232.656	1.10748	28.516100	28.337675	0.001	
686.37	13197	2161.64	236.56	1.10748	28.516100	28.337675	0.001	
687.448	13393	2172.36	239.799	1.10748	28.516100	28.337675	0.001	
688.524	13631	2171.66	243.967	1.10748	28.516100	28.337675	0.001	
689.601	13813	2163.33	247.299	1.10748	28.516100	28.337675	0.001	
690.678	14061	2155.88	252.027	1.10748	28.516100	28.337675	0.001	
691.754	14306	2162.33	256.095	1.10748	28.516100	28.337675	0.001	
692.83	14513	2169.88	259.437	1.10748	28.516100	28.337675	0.001	
693.905	14753	2161.14	263.95	1.10748	28.516100	28.337675	0.001	
694.98	14956	2144.86	267.815	1.10748	28.516100	28.337675	0.001	
696.056	15214	2163.52	271.958	1.10748	28.516100	28.337675	0.001	
697.13	15462	2158.46	276.045	1.10748	28.516100	28.337675	0.001	
698.205	15729	2170.27	280.701	1.10748	28.516100	28.337675	0.001	
699.279	15960	2155.48	284.82	1.10748	28.516100	28.337675	0.001	
700.353	16220	2169.18	289.248	1.10748	28.516100	28.337675	0.001	
701.427	16486	2162.83	293.543	1.10748	28.516100	28.337675	0.001	
702.501	16770	2156.08	298.341	1.10748	28.516100	28.337675	0.001	
703.574	17041	2164.81	302.818	1.10748	28.516100	28.337675	0.001	
704.647	17336	2177.62	307.33	1.10748	28.516100	28.337675	0.001	
705.719	17607	2156.97	311.87	1.10748	28.516100	28.337675	0.001	
706.792	17918	2162.43	316.649	1.10748	28.516100	28.337675	0.001	
707.864	18187	2169.18	320.785	1.10748	28.516100	28.337675	0.001	
708.936	18486	2169.58	325.638	1.10748	28.516100	28.337675	0.001	
710.007	18780	2168.09	330.468	1.10748	28.516100	28.337675	0.001	
711.079	19067	2166.01	335.414	1.10748	28.516100	28.337675	0.001	
712.15	19388	2165.61	340.767	1.10748	28.516100	28.337675	0.001	
713.221	19670	2163.33	345.351	1.10748	28.516100	28.337675	0.001	
714.291	19984	2163.03	350.255	1.10748	28.516100	28.337675	0.001	
715.361	20309	2173.25	355.626	1.10748	28.516100	28.337675	0.001	
716.431	20626	2156.97	360.986	1.10748	28.516100	28.337675	0.001	
717.501	20951	2167.79	366.086	1.10748	28.516100	28.337675	0.001	
718.57	21254	2171.07	371.257	1.10748	28.516100	28.337675	0.001	
719.639	21596	2177.72	376.599	1.10748	28.516100	28.337675	0.001	
720.707	21890	2158.06	382.266	1.10748	28.516100	28.337675	0.001	
721.776	22225	2167.3	387.529	1.10748	28.516100	28.337675	0.001	
722.844	22505	2169.28	392.22	1.10748	28.516100	28.337675	0.001	
723.912	22847	2181.09	397.927	1.10748	28.516100	28.337675	0.001	
724.979	23132	2166.01	403.491	1.10748	28.516100	28.337675	0.001	
726.046	23440	2176.23	408.679	1.10748	28.516100	28.337675	0.001	
727.113	23710	2175.44	413.909	1.10748	28.516100	28.337675	0.001	
728.18	23991	2177.72	420.293	1.10748	28.516100	28.337675	0.001	
729.246	24232	2157.97	425.663	1.10748	28.516100	28.337675	0.001	
730.312	24514	2167.3	432.277	1.10748	28.516100	28.337675	0.001	
731.378	24739	2155.98	437.698	1.10748	28.516100	28.337675	0.001	
732.443	25003	2169.78	443.976	1.10748	28.516100	28.337675	0.001	
733.508	25229	2159.95	449.825	1.10748	28.516100	28.337675	0.001	
734.573	25496	2174.84	456.182	1.10748	28.516100	28.337675	0.001	
735.637	25710	2170.17	462.388	1.10748	28.516100	28.337675	0.001	
736.701	25929	2180.1	468.756	1.10748	28.516100	28.337675	0.001	
737.765	26120	2165.41	474.683	1.10748	28.516100	28.337675	0.001	
738.829	26319	2174.64	480.813	1.10748	28.516100	28.337675	0.001	
739.892	26509	2170.77	487.459	1.10748	28.516100	28.337675	0.001	
740.955	26662	2177.92	493.147	1.10748	28.516100	28.337675	0.001	
742.017	26837	2156.48	500.105	1.10748	28.516100	28.337675	0.001	
743.079	26956	2170.87	505.483	1.10748	28.516100	28.337675	0.001	
744.141	27097	2166.8	512.152	1.10748	28.516100	28.337675	0.001	
745.202	27250	2174.44	519.149	1.10748	28.516100	28.337675	0.001	
746.264	27383	2162.73	526.022	1.10748	28.516100	28.337675	0.001	
747.324	27535	2177.02	532.586	1.10748	28.516100	28.337675	0.001	
748.385	27695	2168.09	540.044	1.10748	28.516100	28.337675	0.001	
749.445	27814	2159.16	547.352	1.10748	28.516100	28.337675	0.001	
750.505	27955	2176.53	553.982	1.10748	28.516100	28.337675	0.001	
751.564	28079	2173.95	561.138	1.10748	28.516100	28.337675	0.001	
752.623	28215	2162.93	568.269	1.10748	28.516100	28.337675	0.001	
753.682	28345	2170.57	575.589	1.10748	28.516100	28.337675	0.001	
754.741	28461	2168.79	582.364	1.10748	28.516100	28.337675	0.001	
755.799	28592	2170.47	589.704	1.10748	28.516100	28.337675	0.001	
756.857	28746	2164.32	596.749	1.10748	28.516100	28.337675	0.001	
757.914	28923	2169.18	604.943	1.10748	28.516100	28.337675	0.001	
758.971	29035	2174.34	611.333	1.10748	28.516100	28.337675	0.001	
760.028	29158	2164.52	618.579	1.10748	28.516100	28.337675	0.001	
761.084	29301	2176.13	626.003	1.10748	28.516100	28.337675	0.001	
762.14	29406	2162.93	633.344	1.10748	28.516100	28.337675	0.001	
763.196	29501	2175.53	641.23	1.10748	28.516100	28.337675	0.001	
764.251	29604	2162.33	648.91	1.10748	28.516100	28.337675	0.001	
765.306	29740	2170.77	657.085	1.10748	28.516100	28.337675	0.001	
766.36	29860	2171.76	665.213	1.10748	28.516100	28.337675	0.001	
767.415	29970	2158.96	673.005	1.10748	28.516100	28.337675	0.001	
768.468	30097	2173.15	681.321	1.10748	28.516100	28.337675	0.001	
769.522	30217	2154.59	689.333	1.10748	28.516100	28.337675	0.001	
770.575	30354	2168.09	697.644	1.10748	28.516100	28.337675	0.001	
771.628	30480	2165.71	706.194	1.10748	28.516100	28.337675	0.001	
772.68	30589	2180.2	714.026	1.10748	28.516100	28.337675	0.001	
773.732	30700	2157.97	722.979	1.10748	28.516100	28.337675	0.001	
774.784	30831	2174.54	731.31	1.10748	28.516100	28.337675	0.001	
775.835	30931	2168.49	739.901	1.10748	28.516100	28.337675	0.001	
776.886	31012	2172.06	747.644	1.10748	28.516100	28.337675	0.001	
777.936	31134	2168.19	756	1.10748	28.516100	28.337675	0.001	
778.986	31289	2179.6	764.484	1.10748	28.516100	28.337675	0.001	
780.036	31388	2159.45	773.359	1.10748	28.516100	28.337675	0.001	
781.086	31387	2159.45	780.668	1.10748	28.516100	28.337675	0.001	
782.135	31447	2159.16	789.589	1.10748	28.516100	28.337675	0.001	
783.183	31509	2175.14	798.786	1.10748	28.516100	28.337675	0.001	
784.231	31561	2157.27	808.41	1.10748	28.516100	28.337675	0.001	
785.279	31555	2171.47	817.17	1.10748	28.516100	28.337675	0.001	
786.327	31639	2152.41	826.918	1.10748	28.516100	28.337675	0.001	
787.374	31692	2168.79	836.399	1.10748	28.516100	28.337675	0.001	
788.42	31723	2160.84	846.104	1.10748	28.516100	28.337675	0.001	
789.466	31764	2167	855.598	1.10748	28.516100	28.337675	0.001	
790.512	31772	2166.1	864.944	1.10748	28.516100	28.337675	0.001	
791.558	31830	2167.49	874.183	1.10748	28.516100	28.337675	0.001	
792.603	31828	2169.78	883.836	1.10748	28.516100	28.337675	0.001	
793.648	31877	2169.88	892.917	1.10748	28.516100	28.337675	0.001	
794.692	31914	2170.67	903.535	1.10748	28.516100	28.337675	0.001	
795.736	31914	2164.62	913.014	1.10748	28.516100	28.337675	0.001	
796.779	31987	2163.62	922.894	1.10748	28.516100	28.337675	0.001	
797.822	31952	2184.67	931.412	1.10748	28.516100	28.337675	0.001	
798.865	31961	2168.19	941.564	1.10748	28.516100	28.337675	0.001	
799.907	31965	2154.49	951.631	1.10748	28.516100	28.337675	0.001	
800.949	31952	2163.82	961.012	1.10748	28.516100	28.337675	0.001	
801.99	31945	2169.08	970.42	1.10748	28.516100	28.337675	0.001	
803.031	31872	2155.19	979.562	1.10748	28.516100	28.337675	0.001	
804.072	31901	2174.44	990.746	1.10748	28.516100	28.337675	0.001	
805.112	31860	2164.12	1001.03	1.10748	28.516100	28.337675	0.001	
806.152	31904	2174.74	1012.21	1.10748	28.516100	28.337675	0.001	
807.191	31849	2176.63	1021.53	1.10748	28.516100	28.337675	0.001	
808.23	31871	2167.79	1033.36	1.10748	28.516100	28.337675	0.001	
809.268	31884	2155.68	1044.83	1.10748	28.516100	28.337675	0.001	
810.307	31899	2157.77	1055.41	1.10748	28.516100	28.337675	0.001	
811.344	31953	2159.55	1066.8	1.10748	28.516100	28.337675	0.001	
812.381	31944	2174.34	1076.62	1.10748	28.516100	28.337675	0.001	
813.418	31983	2164.22	1088.22	1.10748	28.516100	28.337675	0.001	
814.454	32013	2172.95	1099.76	1.10748	28.516100	28.337675	0.001	
815.49	31973	2162.83	1109.34	1.10748	28.516100	28.337675	0.001	
816.526	32025	2168.29	1121.04	1.10748	28.516100	28.337675	0.001	
817.561	32010	2165.41	1131.69	1.10748	28.516100	28.337675	0.001	
818.596	32025	2174.84	1142.61	1.10748	28.516100	28.337675	0.001	
819.63	32024	2165.11	1153.77	1.10748	28.516100	28.337675	0.001	
820.664	32077	2177.62	1164.54	1.10748	28.516100	28.337675	0.001	
821.697	32044	2172.66	1175.03	1.10748	28.516100	28.337675	0.001	
822.73	32063	2181.09	1186.12	1.10748	28.516100	28.337675	0.001	
823.762	32049	2177.42	1197.18	1.10748	28.516100	28.337675	0.001	
824.794	32029	2176.63	1208.34	1.10748	28.516100	28.337675	0.001	
825.826	32031	2167.59	1220.56	1.10748	28.516100	28.337675	0.001	
826.857	31974	2182.09	1231.57	1.10748	28.516100	28.337675	0.001	
827.887	32012	2167.59	1243.91	1.10748	28.516100	28.337675	0.001	
828.918	32018	2180.3	1255.6	1.10748	28.516100	28.337675	0.001	
829.947	32004	2168.69	1268.14	1.10748	28.516100	28.337675	0.001	
830.977	32071	2169.98	1281.83	1.10748	28.516100	28.337675	0.001	
832.005	32064	2169.78	1292.59	1.10748	28.516100	28.337675	0.001	
833.034	32113	2171.27	1305.86	1.10748	28.516100	28.337675	0.001	
834.062	32091	2175.93	1317.61	1.10748	28.516100	28.337675	0.001	
835.089	32128	2165.01	1331.61	1.10748	28.516100	28.337675	0.001	
836.116	32135	2167.69	1341.64	1.10748	28.516100	28.337675	0.001	
837.143	32208	2173.15	1354.13	1.10748	28.516100	28.337675	0.001	
838.169	32257	2174.74	1366.03	1.10748	28.516100	28.337675	0.001	
839.194	32301	2167.99	1378.26	1.10748	28.516100	28.337675	0.001	
840.22	32370	2160.74	1393.31	1.10748	28.516100	28.337675	0.001	
841.244	32438	2167.99	1405.37	1.10748	28.516100	28.337675	0.001	
842.268	32436	2164.32	1416.77	1.10748	28.516100	28.337675	0.001	
843.292	32517	2179.9	1429.21	1.10748	28.516100	28.337675	0.001	
844.315	32533	2165.31	1441.4	1.10748	28.516100	28.337675	0.001	
845.338	32570	2178.22	1453.18	1.10748	28.516100	28.337675	0.001	
846.36	32580	2162.63	1466.71	1.10748	28.516100	28.337675	0.001	
847.382	32631	2165.91	1479.2	1.10748	28.516100	28.337675	0.001	
848.404	32598	2171.07	1490.61	1.10748	28.516100	28.337675	0.001	
849.425	32655	2175.24	1504.38	1.10748	28.516100	28.337675	0.001	
850.445	32672	2169.18	1518.25	1.10748	28.516100	28.337675	0.001	
851.465	32729	2181.09	1531.9	1.10748	28.516100	28.337675	0.001	
852.484	32779	2165.11	1546.02	1.10748	28.516100	28.337675	0.001	
853.503	32835	2160.94	1561.03	1.10748	28.516100	28.337675	0.001	
854.522	32883	2157.67	1573.73	1.10748	28.516100	28.337675	0.001	
855.54	32938	2176.03	1586.84	1.10748	28.516100	28.337675	0.001	
856.557	33013	2175.73	1601.13	1.10748	28.516100	28.337675	0.001	
857.574	33102	2168.98	1615.55	1.10748	28.516100	28.337675	0.001	
858.591	33144	2164.72	1627.15	1.10748	28.516100	28.337675	0.001	
859.607	33218	2165.51	1641.71	1.10748	28.516100	28.337675	0.001	
860.622	33259	2172.26	1653.84	1.10748	28.516100	28.337675	0.001	
861.637	33370	2164.22	1670.11	1.10748	28.516100	28.337675	0.001	
862.652	33402	2164.72	1683.69	1.10748	28.516100	28.337675	0.001	
863.666	33511	2168.49	1697.86	1.10748	28.516100	28.337675	0.001	
864.679	33491	2156.18	1708.98	1.10748	28.516100	28.337675	0.001	
865.692	33578	2164.12	1723.58	1.10748	28.516100	28.337675	0.001	
866.705	33624	2152.11	1738.66	1.10748	28.516100	28.337675	0.001	
867.717	33651	2157.77	1752.1	1.10748	28.516100	28.337675	0.001	
868.728	33648	2163.43	1764.93	1.10748	28.516100	28.337675	0.001	
869.739	33702	2156.58	1780.63	1.10748	28.516100	28.337675	0.001	
870.75	33711	2175.73	1792.54	1.10748	28.516100	28.337675	0.001	
871.76	33730	2157.77	1807.3	1.10748	28.516100	28.337675	0.001	
872.769	33759	2156.18	1821.54	1.10748	28.516100	28.337675	0.001	
873.778	33772	2159.26	1836.7	1.10748	28.516100	28.337675	0.001	
874.786	33759	2159.55	1849.11	1.10748	28.516100	28.337675	0.001	
875.794	33818	2168.59	1865.28	1.10748	28.516100	28.337675	0.001	
876.802	33822	2183.87	1879.72	1.10748	28.516100	28.337675	0.001	
877.809	33832	2171.37	1895.98	1.10748	28.516100	28.337675	0.001	
878.815	33859	2177.22	1910.98	1.10748	28.516100	28.337675	0.001	
879.821	33853	2164.52	1927.05	1.10748	28.516100	28.337675	0.001	
880.826	33936	2175.53	1943.46	1.10748	28.516100	28.337675	0.001	
881.831	33919	2174.94	1957.16	1.10748	28.516100	28.337675	0.001	
882.835	33924	2168.29	1972.48	1.10748	28.516100	28.337675	0.001	
883.839	33896	2166.6	1986.69	1.10748	28.516100	28.337675	0.001	
884.842	33936	2162.73	2003.2	1.10748	28.516100	28.337675	0.001	
885.844	33953	2168.19	2016.74	1.10748	28.516100	28.337675	0.001	
886.847	33958	2170.37	2031.28	1.10748	28.516100	28.337675	0.001	
887.848	33949	2167	2048.03	1.10748	28.516100	28.337675	0.001	
888.849	33881	2162.23	2061.81	1.10748	28.516100	28.337675	0.001	
889.85	33861	2165.71	2078.38	1.10748	28.516100	28.337675	0.001	
890.85	33812	2157.77	2095.14	1.10748	28.516100	28.337675	0.001	
891.849	33757	2157.37	2110.28	1.10748	28.516100	28.337675	0.001	
892.848	33758	2165.51	2126.22	1.10748	28.516100	28.337675	0.001	
893.846	33748	2168.39	2139.32	1.10748	28.516100	28.337675	0.001	
894.844	33708	2151.02	2154.02	1.10748	28.516100	28.337675	0.001	
895.841	33694	2165.91	2169.83	1.10748	28.516100	28.337675	0.001	
896.838	33645	2157.27	2184.29	1.10748	28.516100	28.337675	0.001	
897.834	33607	2160.94	2199.1	1.10748	28.516100	28.337675	0.001	
898.83	33531	2145.36	2215.17	1.10748	28.516100	28.337675	0.001	
899.825	33470	2168.49	2229.51	1.10748	28.516100	28.337675	0.001	
900.819	33403	2147.64	2244.94	1.10748	28.516100	28.337675	0.001	
901.813	33382	2164.02	2260.11	1.10748	28.516100	28.337675	0.001	
902.807	33330	2169.28	2278.18	1.10748	28.516100	28.337675	0.001	
903.799	33271	2165.81	2292.63	1.10748	28.516100	28.337675	0.001	
904.792	33200	2161.54	2311.05	1.10748	28.516100	28.337675	0.001	
905.783	33174	2170.97	2327.05	1.10748	28.516100	28.337675	0.001	
906.775	33129	2164.22	2344.75	1.10748	28.516100	28.337675	0.001	
907.765	33113	2181.59	2362.48	1.10748	28.516100	28.337675	0.001	
908.755	33048	2168.88	2377.41	1.10748	28.516100	28.337675	0.001	
909.745	33052	2172.95	2397.13	1.10748	28.516100	28.337675	0.001	
910.733	33013	2156.87	2414.4	1.10748	28.516100	28.337675	0.001	
911.722	32956	2169.98	2429.36	1.10748	28.516100	28.337675	0.001	
912.71	32900	2165.81	2444.93	1.10748	28.516100	28.337675	0.001	
913.697	32890	2172.66	2462.61	1.10748	28.516100	28.337675	0.001	
914.683	32845	2160.55	2477.59	1.10748	28.516100	28.337675	0.001	
915.669	32768	2151.61	2493.51	1.10748	28.516100	28.337675	0.001	
916.655	32699	2164.72	2510.15	1.10748	28.516100	28.337675	0.001	
917.64	32623	2165.71	2525.16	1.10748	28.516100	28.337675	0.001	
918.624	32520	2157.77	2540.83	1.10748	28.516100	28.337675	0.001	
919.608	32437	2164.52	2557.17	1.10748	28.516100	28.337675	0.001	
920.591	32311	2160.65	2572.45	1.10748	28.516100	28.337675	0.001	
921.573	32222	2177.32	2590.03	1.10748	28.516100	28.337675	0.001	
922.555	32115	2149.43	2606.18	1.10748	28.516100	28.337675	0.001	
923.537	31981	2156.58	2623.09	1.10748	28.516100	28.337675	0.001	
924.517	31851	2169.28	2638.71	1.10748	28.516100	28.337675	0.001	
925.498	31696	2162.13	2654.36	1.10748	28.516100	28.337675	0.001	
926.477	31580	2170.37	2669.98	1.10748	28.516100	28.337675	0.001	
927.456	31432	2157.77	2688.31	1.10748	28.516100	28.337675	0.001	
928.435	31283	2171.86	2702.25	1.10748	28.516100	28.337675	0.001	
929.412	31131	2161.94	2720.05	1.10748	28.516100	28.337675	0.001	
930.39	31005	2170.17	2740.02	1.10748	28.516100	28.337675	0.001	
931.366	30866	2168.79	2756.51	1.10748	28.516100	28.337675	0.001	
932.342	30684	2160.05	2773.92	1.10748	28.516100	28.337675	0.001	
933.318	30552	2168.98	2792.9	1.10748	28.516100	28.337675	0.001	
934.293	30420	2168.19	2812.31	1.10748	28.516100	28.337675	0.001	
935.267	30252	2164.02	2832.04	1.10748	28.516100	28.337675	0.001	
936.24	30098	2145.86	2854.03	1.10748	28.516100	28.337675	0.001	
937.213	29904	2174.54	2867.2	1.10748	28.516100	28.337675	0.001	
938.186	29697	2159.75	2884.77	1.10748	28.516100	28.337675	0.001	
939.158	29538	2181.59	2899.09	1.10748	28.516100	28.337675	0.001	
940.129	29313	2158.96	2915.21	1.10748	28.516100	28.337675	0.001	
941.099	29153	2170.97	2934.52	1.10748	28.516100	28.337675	0.001	
942.069	28957	2167.49	2952.92	1.10748	28.516100	28.337675	0.001	
943.039	28772	2164.22	2970.41	1.10748	28.516100	28.337675	0.001	
944.007	28607	2150.92	2989.63	1.10748	28.516100	28.337675	0.001	
944.975	28449	2180.2	3004.27	1.10748	28.516100	28.337675	0.001	
945.943	28237	2175.04	3016.47	1.10748	28.516100	28.337675	0.001	
946.91	28113	2169.98	3037.21	1.10748	28.516100	28.337675	0.001	
947.876	27927	2153.8	3053.31	1.10748	28.516100	28.337675	0.001	
948.842	27772	2164.81	3068.44	1.10748	28.516100	28.337675	0.001	
949.807	27644	2171.17	3089.26	1.10748	28.516100	28.337675	0.001	
950.771	27469	2171.27	3104.29	1.10748	28.516100	28.337675	0.001	
951.735	27332	2158.06	3123.81	1.10748	28.516100	28.337675	0.001	
952.698	27167	2187.74	3136.71	1.10748	28.516100	28.337675	0.001	
953.66	26972	2162.04	3155.09	1.10748	28.516100	28.337675	0.001	
954.622	26804	2165.21	3172.25	1.10748	28.516100	28.337675	0.001	
955.584	26616	2165.71	3188.86	1.10748	28.516100	28.337675	0.001	
956.544	26419	2169.38	3204.57	1.10748	28.516100	28.337675	0.001	
957.504	26206	2158.46	3220.62	1.10748	28.516100	28.337675	0.001	
958.463	26026	2179.51	3236.56	1.10748	28.516100	28.337675	0.001	
959.422	25796	2158.86	3254.89	1.10748	28.516100	28.337675	0.001	
960.38	25579	2164.81	3270.85	1.10748	28.516100	28.337675	0.001	
961.338	25358	2170.57	3289.96	1.10748	28.516100	28.337675	0.001	
962.294	25147	2163.33	3311.67	1.10748	28.516100	28.337675	0.001	
963.25	24953	2152.8	3332.71	1.10748	28.516100	28.337675	0.001	
964.206	24730	2171.07	3348.33	1.10748	28.516100	28.337675	0.001	
965.161	24536	2161.84	3370.91	1.10748	28.516100	28.337675	0.001	
966.115	24293	2166.1	3387.28	1.10748	28.516100	28.337675	0.001	
