452.692	2210	2129.69	-298.394	1.10748	28.516100	28.337675	0.001	
453.787	2243	2161.33	-2.02331	1.10748	28.516100	28.337675	0.001	
454.882	2244	2151.51	3.57573	1.10748	28.516100	28.337675	0.001	
455.977	2233	2172.83	-211.861	1.10748	28.516100	28.337675	0.001	
457.072	2227	2138.22	1.66868	1.10748	28.516100	28.337675	0.001	
458.167	2253	2177.99	-53.7128	1.10748	28.516100	28.337675	0.001	
459.263	2233	2152.5	-1.11621	1.10748	28.516100	28.337675	0.001	
460.358	2249	2166.09	-0.504163	1.10748	28.516100	28.337675	0.001	
461.453	2246	2157.66	4.88265	1.10748	28.516100	28.337675	0.001	
462.549	2238	2156.17	-1.39642	1.10748	28.516100	28.337675	0.001	
463.644	2238	2147.84	34.186	1.10748	28.516100	28.337675	0.001	
464.74	2249	2157.86	2.0957	1.10748	28.516100	28.337675	0.001	
465.835	2245	2158.95	6.62048	1.10748	28.516100	28.337675	0.001	
466.931	2248	2161.43	2.83548	1.10748	28.516100	28.337675	0.001	
468.027	2227	2142.58	10.8005	1.10748	28.516100	28.337675	0.001	
469.123	2251	2167.87	-0.362053	1.10748	28.516100	28.337675	0.001	
470.219	2243	2142.98	13.0602	1.10748	28.516100	28.337675	0.001	
471.315	2229	2154.58	-5.94481	1.10748	28.516100	28.337675	0.001	
472.411	2238	2147.84	6.32052	1.10748	28.516100	28.337675	0.001	
473.507	2258	2167.38	6.01646	1.10748	28.516100	28.337675	0.001	
474.603	2234	2147.15	1.60562	1.10748	28.516100	28.337675	0.001	
475.699	2254	2156.27	-88.1748	1.10748	28.516100	28.337675	0.001	
476.795	2238	2159.05	-2.5201	1.10748	28.516100	28.337675	0.001	
477.892	2252	2165.59	2.70924	1.10748	28.516100	28.337675	0.001	
478.988	2252	2159.25	4.85551	1.10748	28.516100	28.337675	0.001	
480.084	2253	2157.16	8.51789	1.10748	28.516100	28.337675	0.001	
481.181	2250	2160.34	3.05586	1.10748	28.516100	28.337675	0.001	
482.277	2265	2165.89	33.4177	1.10748	28.516100	28.337675	0.001	
483.374	2239	2150.22	1.891	1.10748	28.516100	28.337675	0.001	
484.47	2261	2159.05	51.5833	1.10748	28.516100	28.337675	0.001	
485.567	2248	2154.88	4.68575	1.10748	28.516100	28.337675	0.001	
486.663	2245	2170.55	-2.97176	1.10748	28.516100	28.337675	0.001	
487.76	2245	2156.96	3.59303	1.10748	28.516100	28.337675	0.001	
488.857	2248	2169.86	-4.3291	1.10748	28.516100	28.337675	0.001	
489.954	2240	2149.72	2.56232	1.10748	28.516100	28.337675	0.001	
491.05	2251	2156.77	4.2208	1.10748	28.516100	28.337675	0.001	
492.147	2244	2150.52	4.3044	1.10748	28.516100	28.337675	0.001	
493.244	2261	2159.84	5.2126	1.10748	28.516100	28.337675	0.001	
494.341	2273	2160.83	7.51157	1.10748	28.516100	28.337675	0.001	
495.438	2260	2174.12	0.549061	1.10748	28.516100	28.337675	0.001	
496.535	2248	2146.95	5.0704	1.10748	28.516100	28.337675	0.001	
497.632	2251	2158.85	1.9968	1.10748	28.516100	28.337675	0.001	
498.729	2265	2158.95	4.72234	1.10748	28.516100	28.337675	0.001	
499.825	2264	2158.85	4.014	1.10748	28.516100	28.337675	0.001	
500.922	2269	2157.16	4.10347	1.10748	28.516100	28.337675	0.001	
502.019	2284	2163.41	6.17061	1.10748	28.516100	28.337675	0.001	
503.117	2277	2155.87	5.53189	1.10748	28.516100	28.337675	0.001	
504.214	2285	2152.01	6.99429	1.10748	28.516100	28.337675	0.001	
505.311	2273	2147.34	5.71183	1.10748	28.516100	28.337675	0.001	
506.408	2284	2160.53	5.1705	1.10748	28.516100	28.337675	0.001	
507.505	2291	2162.82	5.04527	1.10748	28.516100	28.337675	0.001	
508.602	2292	2150.82	7.05831	1.10748	28.516100	28.337675	0.001	
509.699	2296	2154.98	6.10718	1.10748	28.516100	28.337675	0.001	
510.796	2311	2153.59	7.79534	1.10748	28.516100	28.337675	0.001	
511.893	2307	2159.44	5.95794	1.10748	28.516100	28.337675	0.001	
512.99	2342	2173.63	7.45004	1.10748	28.516100	28.337675	0.001	
514.087	2325	2152.3	7.48828	1.10748	28.516100	28.337675	0.001	
515.184	2338	2161.13	7.80723	1.10748	28.516100	28.337675	0.001	
516.281	2348	2153.2	7.66101	1.10748	28.516100	28.337675	0.001	
517.378	2368	2162.62	8.93212	1.10748	28.516100	28.337675	0.001	
518.475	2360	2156.77	8.12222	1.10748	28.516100	28.337675	0.001	
519.573	2373	2162.12	8.70043	1.10748	28.516100	28.337675	0.001	
520.67	2366	2152.6	8.20907	1.10748	28.516100	28.337675	0.001	
521.767	2379	2163.11	8.17241	1.10748	28.516100	28.337675	0.001	
522.864	2397	2162.82	9.32333	1.10748	28.516100	28.337675	0.001	
523.961	2432	2169.66	10.6456	1.10748	28.516100	28.337675	0.001	
525.058	2414	2150.12	10.4124	1.10748	28.516100	28.337675	0.001	
526.155	2443	2172.44	10.2464	1.10748	28.516100	28.337675	0.001	
527.252	2440	2153	10.5566	1.10748	28.516100	28.337675	0.001	
528.348	2469	2169.76	11.1011	1.10748	28.516100	28.337675	0.001	
529.445	2457	2153.69	10.7539	1.10748	28.516100	28.337675	0.001	
530.542	2471	2145.66	11.567	1.10748	28.516100	28.337675	0.001	
531.639	2484	2152.7	11.4319	1.10748	28.516100	28.337675	0.001	
532.736	2528	2171.74	12.3557	1.10748	28.516100	28.337675	0.001	
533.833	2523	2156.67	12.4463	1.10748	28.516100	28.337675	0.001	
534.929	2575	2164.01	13.8749	1.10748	28.516100	28.337675	0.001	
536.026	2551	2137.63	13.7253	1.10748	28.516100	28.337675	0.001	
537.123	2596	2162.52	14.0789	1.10748	28.516100	28.337675	0.001	
538.22	2615	2146.55	15.191	1.10748	28.516100	28.337675	0.001	
539.316	2636	2164.3	14.8812	1.10748	28.516100	28.337675	0.001	
540.413	2665	2158.85	15.8708	1.10748	28.516100	28.337675	0.001	
541.509	2666	2156.37	15.4661	1.10748	28.516100	28.337675	0.001	
542.606	2693	2142.39	16.5222	1.10748	28.516100	28.337675	0.001	
543.702	2726	2163.41	16.3761	1.10748	28.516100	28.337675	0.001	
544.799	2750	2140.9	17.6951	1.10748	28.516100	28.337675	0.001	
545.895	2775	2159.84	17.4673	1.10748	28.516100	28.337675	0.001	
546.991	2798	2151.61	18.1502	1.10748	28.516100	28.337675	0.001	
548.088	2839	2162.12	18.7536	1.10748	28.516100	28.337675	0.001	
549.184	2852	2148.24	19.2333	1.10748	28.516100	28.337675	0.001	
550.28	2899	2149.82	20.1118	1.10748	28.516100	28.337675	0.001	
551.376	2919	2146.15	20.4634	1.10748	28.516100	28.337675	0.001	
552.472	2972	2163.01	21.021	1.10748	28.516100	28.337675	0.001	
553.568	2985	2154.29	21.2175	1.10748	28.516100	28.337675	0.001	
554.664	3044	2166.58	22.2003	1.10748	28.516100	28.337675	0.001	
555.76	3072	2155.08	22.9005	1.10748	28.516100	28.337675	0.001	
556.856	3122	2164.4	23.6643	1.10748	28.516100	28.337675	0.001	
557.952	3128	2151.51	23.8675	1.10748	28.516100	28.337675	0.001	
559.047	3207	2169.66	25.0332	1.10748	28.516100	28.337675	0.001	
560.143	3216	2151.91	25.3746	1.10748	28.516100	28.337675	0.001	
561.239	3257	2137.63	26.5982	1.10748	28.516100	28.337675	0.001	
562.334	3289	2144.07	26.949	1.10748	28.516100	28.337675	0.001	
563.43	3351	2154.88	27.8116	1.10748	28.516100	28.337675	0.001	
564.525	3378	2157.96	28.0305	1.10748	28.516100	28.337675	0.001	
565.62	3441	2159.94	29.4194	1.10748	28.516100	28.337675	0.001	
566.715	3463	2142.68	29.9972	1.10748	28.516100	28.337675	0.001	
567.811	3512	2167.77	30.4549	1.10748	28.516100	28.337675	0.001	
568.906	3569	2143.48	32.0818	1.10748	28.516100	28.337675	0.001	
570.001	3611	2160.53	32.4307	1.10748	28.516100	28.337675	0.001	
571.095	3633	2135.34	33.4325	1.10748	28.516100	28.337675	0.001	
572.19	3697	2155.87	34.3681	1.10748	28.516100	28.337675	0.001	
573.285	3724	2143.08	35.14	1.10748	28.516100	28.337675	0.001	
574.38	3785	2160.04	35.9712	1.10748	28.516100	28.337675	0.001	
575.474	3829	2139.11	37.3628	1.10748	28.516100	28.337675	0.001	
576.569	3872	2145.16	38.1092	1.10748	28.516100	28.337675	0.001	
577.663	3895	2142.68	38.6222	1.10748	28.516100	28.337675	0.001	
578.757	3960	2147.74	40.0031	1.10748	28.516100	28.337675	0.001	
579.851	3996	2144.07	40.7641	1.10748	28.516100	28.337675	0.001	
580.945	4044	2167.28	41.3675	1.10748	28.516100	28.337675	0.001	
582.039	4078	2139.41	42.7966	1.10748	28.516100	28.337675	0.001	
583.133	4141	2149.82	44.1226	1.10748	28.516100	28.337675	0.001	
584.227	4163	2131.77	45.2577	1.10748	28.516100	28.337675	0.001	
585.321	4207	2146.35	45.9513	1.10748	28.516100	28.337675	0.001	
586.414	4261	2142.98	47.4877	1.10748	28.516100	28.337675	0.001	
587.508	4300	2158.35	48.2375	1.10748	28.516100	28.337675	0.001	
588.601	4339	2147.05	49.6142	1.10748	28.516100	28.337675	0.001	
589.694	4382	2142.98	50.9218	1.10748	28.516100	28.337675	0.001	
590.787	4414	2143.08	52.0916	1.10748	28.516100	28.337675	0.001	
591.881	4479	2155.28	53.3486	1.10748	28.516100	28.337675	0.001	
592.973	4500	2145.26	54.3476	1.10748	28.516100	28.337675	0.001	
594.066	4536	2146.95	55.3864	1.10748	28.516100	28.337675	0.001	
595.159	4585	2156.37	56.6389	1.10748	28.516100	28.337675	0.001	
596.251	4622	2154.48	57.8979	1.10748	28.516100	28.337675	0.001	
597.344	4678	2154.78	59.4442	1.10748	28.516100	28.337675	0.001	
598.436	4735	2164.6	60.8713	1.10748	28.516100	28.337675	0.001	
599.528	4775	2149.33	62.5339	1.10748	28.516100	28.337675	0.001	
600.621	4842	2153.39	64.1106	1.10748	28.516100	28.337675	0.001	
601.713	4868	2156.67	64.8214	1.10748	28.516100	28.337675	0.001	
602.804	4933	2151.81	66.58	1.10748	28.516100	28.337675	0.001	
603.896	4980	2148.44	68.2321	1.10748	28.516100	28.337675	0.001	
604.988	5041	2151.01	69.6847	1.10748	28.516100	28.337675	0.001	
606.079	5088	2153.69	70.8854	1.10748	28.516100	28.337675	0.001	
607.17	5160	2159.84	72.5823	1.10748	28.516100	28.337675	0.001	
608.262	5204	2141.79	74.3689	1.10748	28.516100	28.337675	0.001	
609.353	5299	2152.8	76.2764	1.10748	28.516100	28.337675	0.001	
610.443	5355	2152.1	77.6669	1.10748	28.516100	28.337675	0.001	
611.534	5431	2160.63	79.3144	1.10748	28.516100	28.337675	0.001	
612.625	5484	2147.94	80.9039	1.10748	28.516100	28.337675	0.001	
613.715	5579	2154.39	82.9922	1.10748	28.516100	28.337675	0.001	
614.806	5660	2159.94	84.6284	1.10748	28.516100	28.337675	0.001	
615.896	5740	2170.05	86.4401	1.10748	28.516100	28.337675	0.001	
616.986	5813	2156.07	88.3375	1.10748	28.516100	28.337675	0.001	
618.076	5908	2158.95	90.6934	1.10748	28.516100	28.337675	0.001	
619.165	5970	2162.12	91.7745	1.10748	28.516100	28.337675	0.001	
620.255	6062	2169.26	93.6705	1.10748	28.516100	28.337675	0.001	
621.344	6156	2151.61	96.0474	1.10748	28.516100	28.337675	0.001	
622.434	6251	2155.18	98.0941	1.10748	28.516100	28.337675	0.001	
623.523	6340	2153.99	100.088	1.10748	28.516100	28.337675	0.001	
624.612	6444	2158.75	102.358	1.10748	28.516100	28.337675	0.001	
625.701	6530	2151.01	104.329	1.10748	28.516100	28.337675	0.001	
626.789	6632	2162.22	106.326	1.10748	28.516100	28.337675	0.001	
627.878	6722	2153.29	108.495	1.10748	28.516100	28.337675	0.001	
628.966	6831	2159.44	110.686	1.10748	28.516100	28.337675	0.001	
630.054	6924	2153.59	113.163	1.10748	28.516100	28.337675	0.001	
631.142	7032	2158.85	115.097	1.10748	28.516100	28.337675	0.001	
632.23	7151	2157.86	117.574	1.10748	28.516100	28.337675	0.001	
633.318	7264	2160.73	119.899	1.10748	28.516100	28.337675	0.001	
634.405	7356	2154.88	122.125	1.10748	28.516100	28.337675	0.001	
635.492	7484	2159.84	124.82	1.10748	28.516100	28.337675	0.001	
636.579	7589	2155.97	126.995	1.10748	28.516100	28.337675	0.001	
637.666	7694	2151.91	129.404	1.10748	28.516100	28.337675	0.001	
638.753	7827	2157.76	132.019	1.10748	28.516100	28.337675	0.001	
639.84	7946	2162.62	134.513	1.10748	28.516100	28.337675	0.001	
640.926	8040	2154.68	136.89	1.10748	28.516100	28.337675	0.001	
642.012	8194	2161.72	140.024	1.10748	28.516100	28.337675	0.001	
643.098	8308	2157.66	142.399	1.10748	28.516100	28.337675	0.001	
644.184	8450	2165.59	145.175	1.10748	28.516100	28.337675	0.001	
645.27	8556	2158.35	147.646	1.10748	28.516100	28.337675	0.001	
646.355	8725	2177.49	150.751	1.10748	28.516100	28.337675	0.001	
647.441	8839	2161.72	153.454	1.10748	28.516100	28.337675	0.001	
648.526	8966	2160.93	155.789	1.10748	28.516100	28.337675	0.001	
649.611	9101	2151.71	159.303	1.10748	28.516100	28.337675	0.001	
650.695	9243	2168.96	161.858	1.10748	28.516100	28.337675	0.001	
651.78	9385	2156.27	165.088	1.10748	28.516100	28.337675	0.001	
652.864	9517	2169.36	167.477	1.10748	28.516100	28.337675	0.001	
653.948	9670	2157.96	171.215	1.10748	28.516100	28.337675	0.001	
655.032	9835	2157.46	174.609	1.10748	28.516100	28.337675	0.001	
656.116	9984	2160.53	177.463	1.10748	28.516100	28.337675	0.001	
657.199	10124	2164.01	180.225	1.10748	28.516100	28.337675	0.001	
658.283	10270	2151.51	183.631	1.10748	28.516100	28.337675	0.001	
659.366	10457	2170.55	186.882	1.10748	28.516100	28.337675	0.001	
660.448	10614	2155.58	190.596	1.10748	28.516100	28.337675	0.001	
661.531	10772	2153.69	193.648	1.10748	28.516100	28.337675	0.001	
662.614	10925	2156.77	196.945	1.10748	28.516100	28.337675	0.001	
663.696	11125	2175.11	200.454	1.10748	28.516100	28.337675	0.001	
664.778	11279	2159.84	203.744	1.10748	28.516100	28.337675	0.001	
665.86	11448	2161.13	207.555	1.10748	28.516100	28.337675	0.001	
666.941	11612	2143.77	210.933	1.10748	28.516100	28.337675	0.001	
668.023	11798	2158.95	214.496	1.10748	28.516100	28.337675	0.001	
669.104	11985	2162.22	217.94	1.10748	28.516100	28.337675	0.001	
670.185	12165	2161.92	221.789	1.10748	28.516100	28.337675	0.001	
671.265	12343	2151.81	225.409	1.10748	28.516100	28.337675	0.001	
672.346	12540	2156.27	229.417	1.10748	28.516100	28.337675	0.001	
673.426	12711	2151.61	233.223	1.10748	28.516100	28.337675	0.001	
674.506	12907	2174.52	236.298	1.10748	28.516100	28.337675	0.001	
675.586	13085	2145.96	240.654	1.10748	28.516100	28.337675	0.001	
676.665	13326	2175.91	244.638	1.10748	28.516100	28.337675	0.001	
677.745	13523	2155.08	248.762	1.10748	28.516100	28.337675	0.001	
678.824	13737	2166.78	252.676	1.10748	28.516100	28.337675	0.001	
679.903	13961	2157.26	257.221	1.10748	28.516100	28.337675	0.001	
680.981	14190	2175.11	261.129	1.10748	28.516100	28.337675	0.001	
682.059	14384	2150.02	265.525	1.10748	28.516100	28.337675	0.001	
683.138	14634	2169.86	269.677	1.10748	28.516100	28.337675	0.001	
684.215	14864	2173.33	273.881	1.10748	28.516100	28.337675	0.001	
685.293	15099	2173.13	278.35	1.10748	28.516100	28.337675	0.001	
686.37	15312	2159.64	282.768	1.10748	28.516100	28.337675	0.001	
687.448	15588	2170.35	287.613	1.10748	28.516100	28.337675	0.001	
688.524	15846	2169.66	292.033	1.10748	28.516100	28.337675	0.001	
689.601	16110	2161.33	297	1.10748	28.516100	28.337675	0.001	
690.678	16351	2153.89	301.438	1.10748	28.516100	28.337675	0.001	
691.754	16628	2160.34	306.007	1.10748	28.516100	28.337675	0.001	
692.83	16896	2167.87	310.492	1.10748	28.516100	28.337675	0.001	
693.905	17147	2159.15	315.102	1.10748	28.516100	28.337675	0.001	
694.98	17405	2142.88	320	1.10748	28.516100	28.337675	0.001	
696.056	17711	2161.53	325.003	1.10748	28.516100	28.337675	0.001	
697.13	18001	2156.47	329.756	1.10748	28.516100	28.337675	0.001	
698.205	18294	2168.27	334.845	1.10748	28.516100	28.337675	0.001	
699.279	18569	2153.49	339.71	1.10748	28.516100	28.337675	0.001	
700.353	18891	2167.18	345.326	1.10748	28.516100	28.337675	0.001	
701.427	19195	2160.83	350.174	1.10748	28.516100	28.337675	0.001	
702.501	19500	2154.09	355.199	1.10748	28.516100	28.337675	0.001	
703.574	19841	2162.82	360.981	1.10748	28.516100	28.337675	0.001	
704.647	20189	2175.61	366.374	1.10748	28.516100	28.337675	0.001	
705.719	20516	2154.98	371.821	1.10748	28.516100	28.337675	0.001	
706.792	20859	2160.44	377.014	1.10748	28.516100	28.337675	0.001	
707.864	21196	2167.18	382.346	1.10748	28.516100	28.337675	0.001	
708.936	21549	2167.58	388.107	1.10748	28.516100	28.337675	0.001	
710.007	21868	2166.09	393.262	1.10748	28.516100	28.337675	0.001	
711.079	22216	2164.01	399.315	1.10748	28.516100	28.337675	0.001	
712.15	22558	2163.61	404.921	1.10748	28.516100	28.337675	0.001	
713.221	22917	2161.33	410.885	1.10748	28.516100	28.337675	0.001	
714.291	23282	2161.03	416.592	1.10748	28.516100	28.337675	0.001	
715.361	23637	2171.24	422.434	1.10748	28.516100	28.337675	0.001	
716.431	24032	2154.98	429.156	1.10748	28.516100	28.337675	0.001	
717.501	24398	2165.79	434.9	1.10748	28.516100	28.337675	0.001	
718.57	24753	2169.06	441	1.10748	28.516100	28.337675	0.001	
719.639	25152	2175.71	447.274	1.10748	28.516100	28.337675	0.001	
720.707	25489	2156.07	453.73	1.10748	28.516100	28.337675	0.001	
721.776	25867	2165.29	459.669	1.10748	28.516100	28.337675	0.001	
722.844	26224	2167.28	465.773	1.10748	28.516100	28.337675	0.001	
723.912	26595	2179.08	471.946	1.10748	28.516100	28.337675	0.001	
724.979	26942	2164.01	478.707	1.10748	28.516100	28.337675	0.001	
726.046	27286	2174.22	484.522	1.10748	28.516100	28.337675	0.001	
727.113	27619	2173.43	491.013	1.10748	28.516100	28.337675	0.001	
728.18	27906	2175.71	497.718	1.10748	28.516100	28.337675	0.001	
729.246	28227	2155.97	504.75	1.10748	28.516100	28.337675	0.001	
730.312	28533	2165.29	512.105	1.10748	28.516100	28.337675	0.001	
731.378	28790	2153.99	518.332	1.10748	28.516100	28.337675	0.001	
732.443	29094	2167.77	525.688	1.10748	28.516100	28.337675	0.001	
733.508	29351	2157.96	532.403	1.10748	28.516100	28.337675	0.001	
734.573	29663	2172.83	539.948	1.10748	28.516100	28.337675	0.001	
735.637	29902	2168.17	547.024	1.10748	28.516100	28.337675	0.001	
736.701	30155	2178.09	554.511	1.10748	28.516100	28.337675	0.001	
737.765	30381	2163.41	561.505	1.10748	28.516100	28.337675	0.001	
738.829	30606	2172.63	568.616	1.10748	28.516100	28.337675	0.001	
739.892	30813	2168.77	576.131	1.10748	28.516100	28.337675	0.001	
740.955	31001	2175.91	583.061	1.10748	28.516100	28.337675	0.001	
742.017	31151	2154.48	590.05	1.10748	28.516100	28.337675	0.001	
743.079	31350	2168.86	597.708	1.10748	28.516100	28.337675	0.001	
744.141	31491	2164.8	605.061	1.10748	28.516100	28.337675	0.001	
745.202	31641	2172.44	612.731	1.10748	28.516100	28.337675	0.001	
746.264	31816	2160.73	621.215	1.10748	28.516100	28.337675	0.001	
747.324	31954	2175.01	628.154	1.10748	28.516100	28.337675	0.001	
748.385	32140	2166.09	636.89	1.10748	28.516100	28.337675	0.001	
749.445	32267	2157.16	645.206	1.10748	28.516100	28.337675	0.001	
750.505	32432	2174.52	653.093	1.10748	28.516100	28.337675	0.001	
751.564	32579	2171.94	661.565	1.10748	28.516100	28.337675	0.001	
752.623	32708	2160.93	669.252	1.10748	28.516100	28.337675	0.001	
753.682	32880	2168.57	678.362	1.10748	28.516100	28.337675	0.001	
754.741	33049	2166.78	687.106	1.10748	28.516100	28.337675	0.001	
755.799	33160	2168.47	694.797	1.10748	28.516100	28.337675	0.001	
756.857	33352	2162.32	703.353	1.10748	28.516100	28.337675	0.001	
757.914	33490	2167.18	711.419	1.10748	28.516100	28.337675	0.001	
758.971	33645	2172.34	719.528	1.10748	28.516100	28.337675	0.001	
760.028	33798	2162.52	728.239	1.10748	28.516100	28.337675	0.001	
761.084	33955	2174.12	736.79	1.10748	28.516100	28.337675	0.001	
762.14	34057	2160.93	744.879	1.10748	28.516100	28.337675	0.001	
763.196	34170	2173.53	754.261	1.10748	28.516100	28.337675	0.001	
764.251	34303	2160.34	763.552	1.10748	28.516100	28.337675	0.001	
765.306	34425	2168.77	772.301	1.10748	28.516100	28.337675	0.001	
766.36	34563	2169.76	781.81	1.10748	28.516100	28.337675	0.001	
767.415	34696	2156.96	791.032	1.10748	28.516100	28.337675	0.001	
768.468	34824	2171.15	800.36	1.10748	28.516100	28.337675	0.001	
769.522	34989	2152.6	810.329	1.10748	28.516100	28.337675	0.001	
770.575	35130	2166.09	819.678	1.10748	28.516100	28.337675	0.001	
771.628	35237	2163.71	828.682	1.10748	28.516100	28.337675	0.001	
772.68	35383	2178.19	838.435	1.10748	28.516100	28.337675	0.001	
773.732	35497	2155.97	848.444	1.10748	28.516100	28.337675	0.001	
774.784	35649	2172.53	858.28	1.10748	28.516100	28.337675	0.001	
775.835	35739	2166.48	867.63	1.10748	28.516100	28.337675	0.001	
776.886	35853	2170.05	877.256	1.10748	28.516100	28.337675	0.001	
777.936	36000	2166.19	887.176	1.10748	28.516100	28.337675	0.001	
778.986	36124	2177.59	895.646	1.10748	28.516100	28.337675	0.001	
780.036	36211	2157.46	905.179	1.10748	28.516100	28.337675	0.001	
781.086	36242	2157.46	914.625	1.10748	28.516100	28.337675	0.001	
782.135	36305	2157.16	924.885	1.10748	28.516100	28.337675	0.001	
783.183	36385	2173.13	935.958	1.10748	28.516100	28.337675	0.001	
784.231	36427	2155.28	946.622	1.10748	28.516100	28.337675	0.001	
785.279	36411	2169.46	956.688	1.10748	28.516100	28.337675	0.001	
786.327	36501	2150.42	967.786	1.10748	28.516100	28.337675	0.001	
787.374	36545	2166.78	978.447	1.10748	28.516100	28.337675	0.001	
788.42	36561	2158.85	989.167	1.10748	28.516100	28.337675	0.001	
789.466	36610	2165	1000.34	1.10748	28.516100	28.337675	0.001	
790.512	36630	2164.1	1011.59	1.10748	28.516100	28.337675	0.001	
791.558	36711	2165.49	1022.82	1.10748	28.516100	28.337675	0.001	
792.603	36677	2167.77	1033.14	1.10748	28.516100	28.337675	0.001	
793.648	36743	2167.87	1044.04	1.10748	28.516100	28.337675	0.001	
794.692	36751	2168.67	1055.36	1.10748	28.516100	28.337675	0.001	
795.736	36762	2162.62	1066.75	1.10748	28.516100	28.337675	0.001	
796.779	36828	2161.63	1077.69	1.10748	28.516100	28.337675	0.001	
797.822	36789	2182.65	1087.8	1.10748	28.516100	28.337675	0.001	
798.865	36777	2166.19	1098.83	1.10748	28.516100	28.337675	0.001	
799.907	36782	2152.5	1110.52	1.10748	28.516100	28.337675	0.001	
800.949	36747	2161.82	1120.85	1.10748	28.516100	28.337675	0.001	
801.99	36727	2167.08	1131.45	1.10748	28.516100	28.337675	0.001	
803.031	36667	2153.2	1142.87	1.10748	28.516100	28.337675	0.001	
804.072	36668	2172.44	1154.9	1.10748	28.516100	28.337675	0.001	
805.112	36626	2162.12	1167.03	1.10748	28.516100	28.337675	0.001	
806.152	36650	2172.73	1179.17	1.10748	28.516100	28.337675	0.001	
807.191	36613	2174.62	1190.98	1.10748	28.516100	28.337675	0.001	
808.23	36623	2165.79	1204.17	1.10748	28.516100	28.337675	0.001	
809.268	36614	2153.69	1216.59	1.10748	28.516100	28.337675	0.001	
810.307	36688	2155.77	1231	1.10748	28.516100	28.337675	0.001	
811.344	36689	2157.56	1242.02	1.10748	28.516100	28.337675	0.001	
812.381	36687	2172.34	1253.86	1.10748	28.516100	28.337675	0.001	
813.418	36692	2162.22	1265.79	1.10748	28.516100	28.337675	0.001	
814.454	36727	2170.95	1279.28	1.10748	28.516100	28.337675	0.001	
815.49	36722	2160.83	1291.94	1.10748	28.516100	28.337675	0.001	
816.526	36742	2166.29	1304.04	1.10748	28.516100	28.337675	0.001	
817.561	36700	2163.41	1315.45	1.10748	28.516100	28.337675	0.001	
818.596	36737	2172.83	1328.98	1.10748	28.516100	28.337675	0.001	
819.63	36725	2163.11	1341.46	1.10748	28.516100	28.337675	0.001	
820.664	36747	2175.61	1352.48	1.10748	28.516100	28.337675	0.001	
821.697	36742	2170.65	1365.98	1.10748	28.516100	28.337675	0.001	
822.73	36726	2179.08	1377.36	1.10748	28.516100	28.337675	0.001	
823.762	36711	2175.41	1390.23	1.10748	28.516100	28.337675	0.001	
824.794	36684	2174.62	1403.03	1.10748	28.516100	28.337675	0.001	
825.826	36683	2165.59	1417.01	1.10748	28.516100	28.337675	0.001	
826.857	36631	2180.07	1430.48	1.10748	28.516100	28.337675	0.001	
827.887	36652	2165.59	1443.72	1.10748	28.516100	28.337675	0.001	
828.918	36686	2178.29	1458.56	1.10748	28.516100	28.337675	0.001	
829.947	36651	2166.68	1472.21	1.10748	28.516100	28.337675	0.001	
830.977	36699	2167.97	1486.82	1.10748	28.516100	28.337675	0.001	
832.005	36699	2167.77	1499.66	1.10748	28.516100	28.337675	0.001	
833.034	36728	2169.26	1513.83	1.10748	28.516100	28.337675	0.001	
834.062	36709	2173.92	1527.77	1.10748	28.516100	28.337675	0.001	
835.089	36717	2163.01	1542.33	1.10748	28.516100	28.337675	0.001	
836.116	36771	2165.69	1556.1	1.10748	28.516100	28.337675	0.001	
837.143	36817	2171.15	1568.84	1.10748	28.516100	28.337675	0.001	
838.169	36868	2172.73	1582.39	1.10748	28.516100	28.337675	0.001	
839.194	36943	2165.99	1597.67	1.10748	28.516100	28.337675	0.001	
840.22	36977	2158.75	1612.88	1.10748	28.516100	28.337675	0.001	
841.244	37069	2165.99	1627.56	1.10748	28.516100	28.337675	0.001	
842.268	37068	2162.32	1640.81	1.10748	28.516100	28.337675	0.001	
843.292	37120	2177.89	1653.32	1.10748	28.516100	28.337675	0.001	
844.315	37175	2163.31	1669.11	1.10748	28.516100	28.337675	0.001	
845.338	37201	2176.2	1682.03	1.10748	28.516100	28.337675	0.001	
846.36	37192	2160.63	1696.55	1.10748	28.516100	28.337675	0.001	
847.382	37248	2163.91	1710.89	1.10748	28.516100	28.337675	0.001	
848.404	37213	2169.06	1724.27	1.10748	28.516100	28.337675	0.001	
849.425	37266	2173.23	1739.59	1.10748	28.516100	28.337675	0.001	
850.445	37272	2167.18	1754.88	1.10748	28.516100	28.337675	0.001	
851.465	37321	2179.08	1769.9	1.10748	28.516100	28.337675	0.001	
852.484	37395	2163.11	1786.96	1.10748	28.516100	28.337675	0.001	
853.503	37426	2158.95	1802.52	1.10748	28.516100	28.337675	0.001	
854.522	37507	2155.68	1818.54	1.10748	28.516100	28.337675	0.001	
855.54	37564	2174.02	1833.51	1.10748	28.516100	28.337675	0.001	
856.557	37645	2173.72	1849.75	1.10748	28.516100	28.337675	0.001	
857.574	37717	2166.98	1864.71	1.10748	28.516100	28.337675	0.001	
858.591	37811	2162.72	1880.57	1.10748	28.516100	28.337675	0.001	
859.607	37864	2163.51	1895.66	1.10748	28.516100	28.337675	0.001	
860.622	37931	2170.25	1910.82	1.10748	28.516100	28.337675	0.001	
861.637	37989	2162.22	1925.69	1.10748	28.516100	28.337675	0.001	
862.652	38081	2162.72	1944.45	1.10748	28.516100	28.337675	0.001	
863.666	38159	2166.48	1958.21	1.10748	28.516100	28.337675	0.001	
864.679	38189	2154.19	1973.93	1.10748	28.516100	28.337675	0.001	
865.692	38237	2162.12	1987.9	1.10748	28.516100	28.337675	0.001	
866.705	38271	2150.12	2004.12	1.10748	28.516100	28.337675	0.001	
867.717	38297	2155.77	2019.38	1.10748	28.516100	28.337675	0.001	
868.728	38317	2161.43	2035.59	1.10748	28.516100	28.337675	0.001	
869.739	38337	2154.58	2051.18	1.10748	28.516100	28.337675	0.001	
870.75	38362	2173.72	2065.94	1.10748	28.516100	28.337675	0.001	
871.76	38384	2155.77	2082.81	1.10748	28.516100	28.337675	0.001	
872.769	38399	2154.19	2098.11	1.10748	28.516100	28.337675	0.001	
873.778	38384	2157.26	2113.8	1.10748	28.516100	28.337675	0.001	
874.786	38393	2157.56	2129.54	1.10748	28.516100	28.337675	0.001	
875.794	38435	2166.58	2146.69	1.10748	28.516100	28.337675	0.001	
876.802	38448	2181.86	2163.96	1.10748	28.516100	28.337675	0.001	
877.809	38458	2169.36	2182.48	1.10748	28.516100	28.337675	0.001	
878.815	38468	2175.21	2198.49	1.10748	28.516100	28.337675	0.001	
879.821	38465	2162.52	2217.1	1.10748	28.516100	28.337675	0.001	
880.826	38565	2173.53	2236.41	1.10748	28.516100	28.337675	0.001	
881.831	38532	2172.93	2251.3	1.10748	28.516100	28.337675	0.001	
882.835	38537	2166.29	2268.82	1.10748	28.516100	28.337675	0.001	
883.839	38514	2164.6	2285.73	1.10748	28.516100	28.337675	0.001	
884.842	38527	2160.73	2302.55	1.10748	28.516100	28.337675	0.001	
885.844	38544	2166.19	2318.01	1.10748	28.516100	28.337675	0.001	
886.847	38550	2168.37	2334.77	1.10748	28.516100	28.337675	0.001	
887.848	38534	2165	2353.6	1.10748	28.516100	28.337675	0.001	
888.849	38465	2160.24	2369.97	1.10748	28.516100	28.337675	0.001	
889.85	38418	2163.71	2387.4	1.10748	28.516100	28.337675	0.001	
890.85	38358	2155.77	2406.29	1.10748	28.516100	28.337675	0.001	
891.849	38300	2155.38	2424	1.10748	28.516100	28.337675	0.001	
892.848	38260	2163.51	2439.53	1.10748	28.516100	28.337675	0.001	
893.846	38253	2166.39	2454.89	1.10748	28.516100	28.337675	0.001	
894.844	38207	2149.03	2471.56	1.10748	28.516100	28.337675	0.001	
895.841	38178	2163.91	2488.92	1.10748	28.516100	28.337675	0.001	
896.838	38127	2155.28	2505.77	1.10748	28.516100	28.337675	0.001	
897.834	38064	2158.95	2521.36	1.10748	28.516100	28.337675	0.001	
898.83	37968	2143.38	2538.93	1.10748	28.516100	28.337675	0.001	
899.825	37910	2166.48	2556.46	1.10748	28.516100	28.337675	0.001	
900.819	37833	2145.66	2573.88	1.10748	28.516100	28.337675	0.001	
901.813	37771	2162.02	2588.59	1.10748	28.516100	28.337675	0.001	
902.807	37726	2167.28	2610.42	1.10748	28.516100	28.337675	0.001	
903.799	37691	2163.81	2629.39	1.10748	28.516100	28.337675	0.001	
904.792	37604	2159.54	2650	1.10748	28.516100	28.337675	0.001	
905.783	37542	2168.96	2665.94	1.10748	28.516100	28.337675	0.001	
906.775	37493	2162.22	2686.31	1.10748	28.516100	28.337675	0.001	
907.765	37464	2179.58	2705.96	1.10748	28.516100	28.337675	0.001	
908.755	37412	2166.88	2724.68	1.10748	28.516100	28.337675	0.001	
909.745	37368	2170.95	2743.42	1.10748	28.516100	28.337675	0.001	
910.733	37340	2154.88	2764.32	1.10748	28.516100	28.337675	0.001	
911.722	37281	2167.97	2782.08	1.10748	28.516100	28.337675	0.001	
912.71	37197	2163.81	2798.2	1.10748	28.516100	28.337675	0.001	
913.697	37186	2170.65	2818.53	1.10748	28.516100	28.337675	0.001	
914.683	37127	2158.55	2834.88	1.10748	28.516100	28.337675	0.001	
915.669	37049	2149.63	2853.8	1.10748	28.516100	28.337675	0.001	
916.655	36955	2162.72	2871.68	1.10748	28.516100	28.337675	0.001	
917.64	36880	2163.71	2889.85	1.10748	28.516100	28.337675	0.001	
918.624	36769	2155.77	2908.21	1.10748	28.516100	28.337675	0.001	
919.608	36632	2162.52	2923.28	1.10748	28.516100	28.337675	0.001	
920.591	36475	2158.65	2939.47	1.10748	28.516100	28.337675	0.001	
921.573	36381	2175.31	2960.39	1.10748	28.516100	28.337675	0.001	
922.555	36263	2147.44	2978.82	1.10748	28.516100	28.337675	0.001	
923.537	36095	2154.58	2996.81	1.10748	28.516100	28.337675	0.001	
924.517	35939	2167.28	3014.05	1.10748	28.516100	28.337675	0.001	
925.498	35775	2160.14	3032.94	1.10748	28.516100	28.337675	0.001	
926.477	35617	2168.37	3048.43	1.10748	28.516100	28.337675	0.001	
927.456	35442	2155.77	3068.51	1.10748	28.516100	28.337675	0.001	
928.435	35265	2169.86	3083.85	1.10748	28.516100	28.337675	0.001	
929.412	35123	2159.94	3106.98	1.10748	28.516100	28.337675	0.001	
930.39	34945	2168.17	3126.47	1.10748	28.516100	28.337675	0.001	
931.366	34811	2166.78	3147.6	1.10748	28.516100	28.337675	0.001	
932.342	34595	2158.06	3166.41	1.10748	28.516100	28.337675	0.001	
933.318	34436	2166.98	3187.26	1.10748	28.516100	28.337675	0.001	
934.293	34272	2166.19	3207.92	1.10748	28.516100	28.337675	0.001	
935.267	34090	2162.02	3231.24	1.10748	28.516100	28.337675	0.001	
936.24	33886	2143.87	3252.95	1.10748	28.516100	28.337675	0.001	
937.213	33683	2172.53	3270.18	1.10748	28.516100	28.337675	0.001	
938.186	33431	2157.76	3288.09	1.10748	28.516100	28.337675	0.001	
939.158	33259	2179.58	3305.63	1.10748	28.516100	28.337675	0.001	
940.129	33020	2156.96	3325.42	1.10748	28.516100	28.337675	0.001	
941.099	32798	2168.96	3343.05	1.10748	28.516100	28.337675	0.001	
942.069	32586	2165.49	3365.08	1.10748	28.516100	28.337675	0.001	
943.039	32375	2162.22	3384.77	1.10748	28.516100	28.337675	0.001	
944.007	32184	2148.93	3405.96	1.10748	28.516100	28.337675	0.001	
944.975	31989	2178.19	3421.21	1.10748	28.516100	28.337675	0.001	
945.943	31781	2173.03	3438.81	1.10748	28.516100	28.337675	0.001	
946.91	31608	2167.97	3458.44	1.10748	28.516100	28.337675	0.001	
947.876	31387	2151.81	3475.2	1.10748	28.516100	28.337675	0.001	
948.842	31249	2162.82	3497.21	1.10748	28.516100	28.337675	0.001	
949.807	31056	2169.16	3515.04	1.10748	28.516100	28.337675	0.001	
950.771	30856	2169.26	3531.86	1.10748	28.516100	28.337675	0.001	
951.735	30671	2156.07	3549.98	1.10748	28.516100	28.337675	0.001	
952.698	30509	2185.72	3568.32	1.10748	28.516100	28.337675	0.001	
953.66	30277	2160.04	3587.25	1.10748	28.516100	28.337675	0.001	
954.622	30084	2163.21	3606.39	1.10748	28.516100	28.337675	0.001	
955.584	29879	2163.71	3626.28	1.10748	28.516100	28.337675	0.001	
956.544	29639	2167.38	3641.86	1.10748	28.516100	28.337675	0.001	
957.504	29403	2156.47	3660.54	1.10748	28.516100	28.337675	0.001	
958.463	29174	2177.49	3675.49	1.10748	28.516100	28.337675	0.001	
959.422	28942	2156.86	3699.83	1.10748	28.516100	28.337675	0.001	
960.38	28705	2162.82	3719.28	1.10748	28.516100	28.337675	0.001	
961.338	28429	2168.57	3737.33	1.10748	28.516100	28.337675	0.001	
962.294	28197	2161.33	3762.8	1.10748	28.516100	28.337675	0.001	
963.25	27960	2150.82	3783.83	1.10748	28.516100	28.337675	0.001	
964.206	27701	2169.06	3800.87	1.10748	28.516100	28.337675	0.001	
965.161	27488	2159.84	3827.26	1.10748	28.516100	28.337675	0.001	
966.115	27230	2164.1	3848.54	1.10748	28.516100	28.337675	0.001	
