452.692	2220	2130.33	1035.93	1.10748	28.516100	28.337675	0.001	
453.787	2243	2161.97	-2.73476	1.10748	28.516100	28.337675	0.001	
454.882	2244	2152.15	3.3194	1.10748	28.516100	28.337675	0.001	
455.977	2236	2173.48	-191.167	1.10748	28.516100	28.337675	0.001	
457.072	2231	2138.86	2.58734	1.10748	28.516100	28.337675	0.001	
458.167	2250	2178.64	-75.206	1.10748	28.516100	28.337675	0.001	
459.263	2237	2153.14	0.238824	1.10748	28.516100	28.337675	0.001	
460.358	2252	2166.73	0.897825	1.10748	28.516100	28.337675	0.001	
461.453	2241	2158.3	-0.758926	1.10748	28.516100	28.337675	0.001	
462.549	2237	2156.81	-2.89574	1.10748	28.516100	28.337675	0.001	
463.644	2228	2148.48	-17.2518	1.10748	28.516100	28.337675	0.001	
464.74	2244	2158.5	0.553026	1.10748	28.516100	28.337675	0.001	
465.835	2246	2159.59	7.47795	1.10748	28.516100	28.337675	0.001	
466.931	2253	2162.07	6.93498	1.10748	28.516100	28.337675	0.001	
468.027	2231	2143.22	34.2212	1.10748	28.516100	28.337675	0.001	
469.123	2252	2168.52	-0.18901	1.10748	28.516100	28.337675	0.001	
470.219	2229	2143.62	1.87955	1.10748	28.516100	28.337675	0.001	
471.315	2244	2155.23	3.6221	1.10748	28.516100	28.337675	0.001	
472.411	2237	2148.48	4.83644	1.10748	28.516100	28.337675	0.001	
473.507	2242	2168.02	-8.67914	1.10748	28.516100	28.337675	0.001	
474.603	2247	2147.79	6.80782	1.10748	28.516100	28.337675	0.001	
475.699	2250	2156.91	-59.4885	1.10748	28.516100	28.337675	0.001	
476.795	2248	2159.69	2.66544	1.10748	28.516100	28.337675	0.001	
477.892	2256	2166.24	6.08086	1.10748	28.516100	28.337675	0.001	
478.988	2250	2159.89	3.45657	1.10748	28.516100	28.337675	0.001	
480.084	2257	2157.81	10.8038	1.10748	28.516100	28.337675	0.001	
481.181	2248	2160.98	1.72525	1.10748	28.516100	28.337675	0.001	
482.277	2259	2166.54	18.914	1.10748	28.516100	28.337675	0.001	
483.374	2242	2150.86	2.67685	1.10748	28.516100	28.337675	0.001	
484.47	2259	2159.69	44.1306	1.10748	28.516100	28.337675	0.001	
485.567	2249	2155.52	4.84559	1.10748	28.516100	28.337675	0.001	
486.663	2251	2171.2	-1.29892	1.10748	28.516100	28.337675	0.001	
487.76	2243	2157.61	1.52099	1.10748	28.516100	28.337675	0.001	
488.857	2255	2170.5	0.438746	1.10748	28.516100	28.337675	0.001	
489.954	2245	2150.37	4.11956	1.10748	28.516100	28.337675	0.001	
491.05	2250	2157.41	3.57117	1.10748	28.516100	28.337675	0.001	
492.147	2247	2151.16	5.27923	1.10748	28.516100	28.337675	0.001	
493.244	2262	2160.48	5.31069	1.10748	28.516100	28.337675	0.001	
494.341	2278	2161.48	8.64875	1.10748	28.516100	28.337675	0.001	
495.438	2248	2174.77	-3.25153	1.10748	28.516100	28.337675	0.001	
496.535	2232	2147.59	0.379857	1.10748	28.516100	28.337675	0.001	
497.632	2259	2159.49	3.68547	1.10748	28.516100	28.337675	0.001	
498.729	2267	2159.59	5.00116	1.10748	28.516100	28.337675	0.001	
499.825	2257	2159.49	2.59371	1.10748	28.516100	28.337675	0.001	
500.922	2273	2157.81	4.58474	1.10748	28.516100	28.337675	0.001	
502.019	2282	2164.06	5.72475	1.10748	28.516100	28.337675	0.001	
503.117	2271	2156.52	4.55509	1.10748	28.516100	28.337675	0.001	
504.214	2286	2152.65	7.04132	1.10748	28.516100	28.337675	0.001	
505.311	2264	2147.98	4.41608	1.10748	28.516100	28.337675	0.001	
506.408	2284	2161.18	5.08397	1.10748	28.516100	28.337675	0.001	
507.505	2300	2163.46	5.98866	1.10748	28.516100	28.337675	0.001	
508.602	2285	2151.46	6.1255	1.10748	28.516100	28.337675	0.001	
509.699	2300	2155.62	6.46013	1.10748	28.516100	28.337675	0.001	
510.796	2300	2154.23	6.56834	1.10748	28.516100	28.337675	0.001	
511.893	2301	2160.09	5.33771	1.10748	28.516100	28.337675	0.001	
512.99	2325	2174.27	5.88898	1.10748	28.516100	28.337675	0.001	
514.087	2310	2152.95	6.17689	1.10748	28.516100	28.337675	0.001	
515.184	2326	2161.77	6.74713	1.10748	28.516100	28.337675	0.001	
516.281	2324	2153.84	5.96661	1.10748	28.516100	28.337675	0.001	
517.378	2349	2163.26	7.48913	1.10748	28.516100	28.337675	0.001	
518.475	2335	2157.41	6.38233	1.10748	28.516100	28.337675	0.001	
519.573	2364	2162.77	8.03941	1.10748	28.516100	28.337675	0.001	
520.67	2356	2153.24	7.53627	1.10748	28.516100	28.337675	0.001	
521.767	2354	2163.76	6.58599	1.10748	28.516100	28.337675	0.001	
522.864	2376	2163.46	7.9813	1.10748	28.516100	28.337675	0.001	
523.961	2403	2170.3	8.87535	1.10748	28.516100	28.337675	0.001	
525.058	2382	2150.76	8.53005	1.10748	28.516100	28.337675	0.001	
526.155	2413	2173.08	8.5617	1.10748	28.516100	28.337675	0.001	
527.252	2407	2153.64	8.81187	1.10748	28.516100	28.337675	0.001	
528.348	2434	2170.4	9.26202	1.10748	28.516100	28.337675	0.001	
529.445	2427	2154.33	9.25472	1.10748	28.516100	28.337675	0.001	
530.542	2446	2146.3	10.3418	1.10748	28.516100	28.337675	0.001	
531.639	2459	2153.34	10.2487	1.10748	28.516100	28.337675	0.001	
532.736	2482	2172.39	10.2374	1.10748	28.516100	28.337675	0.001	
533.833	2481	2157.31	10.5688	1.10748	28.516100	28.337675	0.001	
534.929	2516	2164.65	11.3447	1.10748	28.516100	28.337675	0.001	
536.026	2513	2138.26	12.12	1.10748	28.516100	28.337675	0.001	
537.123	2548	2163.16	12.1197	1.10748	28.516100	28.337675	0.001	
538.22	2554	2147.19	12.7597	1.10748	28.516100	28.337675	0.001	
539.316	2582	2164.95	12.7836	1.10748	28.516100	28.337675	0.001	
540.413	2595	2159.49	13.2161	1.10748	28.516100	28.337675	0.001	
541.509	2610	2157.01	13.409	1.10748	28.516100	28.337675	0.001	
542.606	2627	2143.02	14.1663	1.10748	28.516100	28.337675	0.001	
543.702	2662	2164.06	14.1637	1.10748	28.516100	28.337675	0.001	
544.799	2665	2141.54	14.8133	1.10748	28.516100	28.337675	0.001	
545.895	2712	2160.48	15.3741	1.10748	28.516100	28.337675	0.001	
546.991	2717	2152.25	15.5165	1.10748	28.516100	28.337675	0.001	
548.088	2760	2162.77	16.2335	1.10748	28.516100	28.337675	0.001	
549.184	2770	2148.88	16.6698	1.10748	28.516100	28.337675	0.001	
550.28	2782	2150.47	16.556	1.10748	28.516100	28.337675	0.001	
551.376	2812	2146.79	17.267	1.10748	28.516100	28.337675	0.001	
552.472	2871	2163.66	18.0719	1.10748	28.516100	28.337675	0.001	
553.568	2892	2154.93	18.5559	1.10748	28.516100	28.337675	0.001	
554.664	2927	2167.23	18.9055	1.10748	28.516100	28.337675	0.001	
555.76	2948	2155.72	19.472	1.10748	28.516100	28.337675	0.001	
556.856	2999	2165.05	20.3117	1.10748	28.516100	28.337675	0.001	
557.952	3014	2152.15	20.8002	1.10748	28.516100	28.337675	0.001	
559.047	3074	2170.3	21.5194	1.10748	28.516100	28.337675	0.001	
560.143	3082	2152.55	21.8864	1.10748	28.516100	28.337675	0.001	
561.239	3107	2138.26	22.7275	1.10748	28.516100	28.337675	0.001	
562.334	3140	2144.71	23.146	1.10748	28.516100	28.337675	0.001	
563.43	3195	2155.52	23.8904	1.10748	28.516100	28.337675	0.001	
564.525	3226	2158.6	24.2598	1.10748	28.516100	28.337675	0.001	
565.62	3259	2160.58	24.9249	1.10748	28.516100	28.337675	0.001	
566.715	3284	2143.32	25.6349	1.10748	28.516100	28.337675	0.001	
567.811	3336	2168.42	26.179	1.10748	28.516100	28.337675	0.001	
568.906	3373	2144.12	27.3744	1.10748	28.516100	28.337675	0.001	
570.001	3414	2161.18	27.7327	1.10748	28.516100	28.337675	0.001	
571.095	3435	2135.98	28.7302	1.10748	28.516100	28.337675	0.001	
572.19	3485	2156.52	29.3449	1.10748	28.516100	28.337675	0.001	
573.285	3511	2143.72	30.1183	1.10748	28.516100	28.337675	0.001	
574.38	3556	2160.68	30.6011	1.10748	28.516100	28.337675	0.001	
575.474	3593	2139.75	31.8497	1.10748	28.516100	28.337675	0.001	
576.569	3647	2145.8	32.8668	1.10748	28.516100	28.337675	0.001	
577.663	3666	2143.32	33.2978	1.10748	28.516100	28.337675	0.001	
578.757	3716	2148.38	34.3309	1.10748	28.516100	28.337675	0.001	
579.851	3745	2144.71	34.9523	1.10748	28.516100	28.337675	0.001	
580.945	3809	2167.92	35.918	1.10748	28.516100	28.337675	0.001	
582.039	3825	2140.05	36.9338	1.10748	28.516100	28.337675	0.001	
583.133	3884	2150.47	38.1507	1.10748	28.516100	28.337675	0.001	
584.227	3888	2132.41	38.8411	1.10748	28.516100	28.337675	0.001	
585.321	3935	2146.99	39.6012	1.10748	28.516100	28.337675	0.001	
586.414	3968	2143.62	40.6194	1.10748	28.516100	28.337675	0.001	
587.508	4025	2159	41.7616	1.10748	28.516100	28.337675	0.001	
588.601	4035	2147.69	42.4299	1.10748	28.516100	28.337675	0.001	
589.694	4085	2143.62	43.8752	1.10748	28.516100	28.337675	0.001	
590.787	4122	2143.72	45.1074	1.10748	28.516100	28.337675	0.001	
591.881	4161	2155.92	45.7425	1.10748	28.516100	28.337675	0.001	
592.973	4188	2145.9	46.8499	1.10748	28.516100	28.337675	0.001	
594.066	4225	2147.59	47.8829	1.10748	28.516100	28.337675	0.001	
595.159	4274	2157.01	49.0942	1.10748	28.516100	28.337675	0.001	
596.251	4309	2155.13	50.2627	1.10748	28.516100	28.337675	0.001	
597.344	4348	2155.43	51.369	1.10748	28.516100	28.337675	0.001	
598.436	4407	2165.25	52.8071	1.10748	28.516100	28.337675	0.001	
599.528	4420	2149.97	53.7659	1.10748	28.516100	28.337675	0.001	
600.621	4475	2154.04	55.0424	1.10748	28.516100	28.337675	0.001	
601.713	4533	2157.31	56.5227	1.10748	28.516100	28.337675	0.001	
602.804	4551	2152.45	57.1153	1.10748	28.516100	28.337675	0.001	
603.896	4608	2149.08	58.9597	1.10748	28.516100	28.337675	0.001	
604.988	4674	2151.66	60.5365	1.10748	28.516100	28.337675	0.001	
606.079	4715	2154.33	61.5747	1.10748	28.516100	28.337675	0.001	
607.17	4768	2160.48	62.7899	1.10748	28.516100	28.337675	0.001	
608.262	4806	2142.43	64.3969	1.10748	28.516100	28.337675	0.001	
609.353	4898	2153.44	66.2538	1.10748	28.516100	28.337675	0.001	
610.443	4940	2152.75	67.2985	1.10748	28.516100	28.337675	0.001	
611.534	5011	2161.28	68.8252	1.10748	28.516100	28.337675	0.001	
612.625	5051	2148.58	70.0988	1.10748	28.516100	28.337675	0.001	
613.715	5130	2155.03	71.8042	1.10748	28.516100	28.337675	0.001	
614.806	5206	2160.58	73.3481	1.10748	28.516100	28.337675	0.001	
615.896	5272	2170.7	74.8016	1.10748	28.516100	28.337675	0.001	
616.986	5332	2156.71	76.4138	1.10748	28.516100	28.337675	0.001	
618.076	5423	2159.59	78.6615	1.10748	28.516100	28.337675	0.001	
619.165	5490	2162.77	79.9156	1.10748	28.516100	28.337675	0.001	
620.255	5568	2169.91	81.4921	1.10748	28.516100	28.337675	0.001	
621.344	5639	2152.25	83.3551	1.10748	28.516100	28.337675	0.001	
622.434	5729	2155.82	85.3056	1.10748	28.516100	28.337675	0.001	
623.523	5798	2154.63	86.8394	1.10748	28.516100	28.337675	0.001	
624.612	5886	2159.39	88.7401	1.10748	28.516100	28.337675	0.001	
625.701	5968	2151.66	90.6576	1.10748	28.516100	28.337675	0.001	
626.789	6063	2162.86	92.512	1.10748	28.516100	28.337675	0.001	
627.878	6142	2153.94	94.4465	1.10748	28.516100	28.337675	0.001	
628.966	6242	2160.09	96.4586	1.10748	28.516100	28.337675	0.001	
630.054	6315	2154.23	98.4435	1.10748	28.516100	28.337675	0.001	
631.142	6414	2159.49	100.232	1.10748	28.516100	28.337675	0.001	
632.23	6504	2158.5	102.067	1.10748	28.516100	28.337675	0.001	
633.318	6612	2161.38	104.315	1.10748	28.516100	28.337675	0.001	
634.405	6708	2155.52	106.652	1.10748	28.516100	28.337675	0.001	
635.492	6824	2160.48	109.092	1.10748	28.516100	28.337675	0.001	
636.579	6915	2156.62	110.988	1.10748	28.516100	28.337675	0.001	
637.666	6994	2152.55	112.805	1.10748	28.516100	28.337675	0.001	
638.753	7105	2158.4	114.95	1.10748	28.516100	28.337675	0.001	
639.84	7218	2163.26	117.328	1.10748	28.516100	28.337675	0.001	
640.926	7309	2155.33	119.639	1.10748	28.516100	28.337675	0.001	
642.012	7423	2162.37	121.873	1.10748	28.516100	28.337675	0.001	
643.098	7522	2158.3	123.947	1.10748	28.516100	28.337675	0.001	
644.184	7660	2166.24	126.675	1.10748	28.516100	28.337675	0.001	
645.27	7759	2159	129.004	1.10748	28.516100	28.337675	0.001	
646.355	7891	2178.14	131.292	1.10748	28.516100	28.337675	0.001	
647.441	8010	2162.37	134.152	1.10748	28.516100	28.337675	0.001	
648.526	8107	2161.58	135.868	1.10748	28.516100	28.337675	0.001	
649.611	8219	2152.35	138.826	1.10748	28.516100	28.337675	0.001	
650.695	8376	2169.61	141.766	1.10748	28.516100	28.337675	0.001	
651.78	8476	2156.91	144.066	1.10748	28.516100	28.337675	0.001	
652.864	8598	2170.01	146.264	1.10748	28.516100	28.337675	0.001	
653.948	8736	2158.6	149.658	1.10748	28.516100	28.337675	0.001	
655.032	8873	2158.1	152.454	1.10748	28.516100	28.337675	0.001	
656.116	9000	2161.18	154.859	1.10748	28.516100	28.337675	0.001	
657.199	9137	2164.65	157.593	1.10748	28.516100	28.337675	0.001	
658.283	9262	2152.15	160.54	1.10748	28.516100	28.337675	0.001	
659.366	9432	2171.2	163.465	1.10748	28.516100	28.337675	0.001	
660.448	9567	2156.22	166.696	1.10748	28.516100	28.337675	0.001	
661.531	9700	2154.33	169.245	1.10748	28.516100	28.337675	0.001	
662.614	9825	2157.41	171.91	1.10748	28.516100	28.337675	0.001	
663.696	10008	2175.76	175.097	1.10748	28.516100	28.337675	0.001	
664.778	10154	2160.48	178.265	1.10748	28.516100	28.337675	0.001	
665.86	10287	2161.77	181.25	1.10748	28.516100	28.337675	0.001	
666.941	10448	2144.41	184.64	1.10748	28.516100	28.337675	0.001	
668.023	10619	2159.59	187.888	1.10748	28.516100	28.337675	0.001	
669.104	10792	2162.86	191.089	1.10748	28.516100	28.337675	0.001	
670.185	10941	2162.57	194.256	1.10748	28.516100	28.337675	0.001	
671.265	11110	2152.45	197.736	1.10748	28.516100	28.337675	0.001	
672.346	11288	2156.91	201.343	1.10748	28.516100	28.337675	0.001	
673.426	11445	2152.25	204.84	1.10748	28.516100	28.337675	0.001	
674.506	11617	2175.17	207.462	1.10748	28.516100	28.337675	0.001	
675.586	11763	2146.6	211.126	1.10748	28.516100	28.337675	0.001	
676.665	11974	2176.55	214.513	1.10748	28.516100	28.337675	0.001	
677.745	12145	2155.72	218.138	1.10748	28.516100	28.337675	0.001	
678.824	12346	2167.43	221.82	1.10748	28.516100	28.337675	0.001	
679.903	12537	2157.91	225.699	1.10748	28.516100	28.337675	0.001	
680.981	12742	2175.76	229.157	1.10748	28.516100	28.337675	0.001	
682.059	12938	2150.66	233.64	1.10748	28.516100	28.337675	0.001	
683.138	13133	2170.5	236.68	1.10748	28.516100	28.337675	0.001	
684.215	13340	2173.98	240.461	1.10748	28.516100	28.337675	0.001	
685.293	13571	2173.78	244.914	1.10748	28.516100	28.337675	0.001	
686.37	13748	2160.29	248.601	1.10748	28.516100	28.337675	0.001	
687.448	13990	2171	252.805	1.10748	28.516100	28.337675	0.001	
688.524	14211	2170.3	256.557	1.10748	28.516100	28.337675	0.001	
689.601	14443	2161.97	260.932	1.10748	28.516100	28.337675	0.001	
690.678	14662	2154.53	264.998	1.10748	28.516100	28.337675	0.001	
691.754	14901	2160.98	268.888	1.10748	28.516100	28.337675	0.001	
692.83	15139	2168.52	272.851	1.10748	28.516100	28.337675	0.001	
693.905	15392	2159.79	277.605	1.10748	28.516100	28.337675	0.001	
694.98	15626	2143.52	282.092	1.10748	28.516100	28.337675	0.001	
696.056	15875	2162.17	285.999	1.10748	28.516100	28.337675	0.001	
697.13	16132	2157.11	290.217	1.10748	28.516100	28.337675	0.001	
698.205	16400	2168.92	294.863	1.10748	28.516100	28.337675	0.001	
699.279	16659	2154.14	299.521	1.10748	28.516100	28.337675	0.001	
700.353	16931	2167.82	304.169	1.10748	28.516100	28.337675	0.001	
701.427	17218	2161.48	308.837	1.10748	28.516100	28.337675	0.001	
702.501	17477	2154.73	313.057	1.10748	28.516100	28.337675	0.001	
703.574	17770	2163.46	317.95	1.10748	28.516100	28.337675	0.001	
704.647	18085	2176.26	322.818	1.10748	28.516100	28.337675	0.001	
705.719	18377	2155.62	327.723	1.10748	28.516100	28.337675	0.001	
706.792	18688	2161.08	332.437	1.10748	28.516100	28.337675	0.001	
707.864	19008	2167.82	337.561	1.10748	28.516100	28.337675	0.001	
708.936	19316	2168.22	342.544	1.10748	28.516100	28.337675	0.001	
710.007	19607	2166.73	347.263	1.10748	28.516100	28.337675	0.001	
711.079	19921	2164.65	352.72	1.10748	28.516100	28.337675	0.001	
712.15	20234	2164.25	357.865	1.10748	28.516100	28.337675	0.001	
713.221	20536	2161.97	362.805	1.10748	28.516100	28.337675	0.001	
714.291	20855	2161.67	367.75	1.10748	28.516100	28.337675	0.001	
715.361	21208	2171.89	373.648	1.10748	28.516100	28.337675	0.001	
716.431	21531	2155.62	379.074	1.10748	28.516100	28.337675	0.001	
717.501	21872	2166.44	384.447	1.10748	28.516100	28.337675	0.001	
718.57	22183	2169.71	389.749	1.10748	28.516100	28.337675	0.001	
719.639	22539	2176.36	395.316	1.10748	28.516100	28.337675	0.001	
720.707	22874	2156.71	401.779	1.10748	28.516100	28.337675	0.001	
721.776	23190	2165.94	406.618	1.10748	28.516100	28.337675	0.001	
722.844	23506	2167.92	411.991	1.10748	28.516100	28.337675	0.001	
723.912	23818	2179.73	417.078	1.10748	28.516100	28.337675	0.001	
724.979	24152	2164.65	423.599	1.10748	28.516100	28.337675	0.001	
726.046	24463	2174.87	428.824	1.10748	28.516100	28.337675	0.001	
727.113	24754	2174.07	434.471	1.10748	28.516100	28.337675	0.001	
728.18	25046	2176.36	441.125	1.10748	28.516100	28.337675	0.001	
729.246	25299	2156.62	446.752	1.10748	28.516100	28.337675	0.001	
730.312	25570	2165.94	453.218	1.10748	28.516100	28.337675	0.001	
731.378	25831	2154.63	459.397	1.10748	28.516100	28.337675	0.001	
732.443	26106	2168.42	465.967	1.10748	28.516100	28.337675	0.001	
733.508	26345	2158.6	472.141	1.10748	28.516100	28.337675	0.001	
734.573	26610	2173.48	478.533	1.10748	28.516100	28.337675	0.001	
735.637	26830	2168.82	484.955	1.10748	28.516100	28.337675	0.001	
736.701	27079	2178.74	492.044	1.10748	28.516100	28.337675	0.001	
737.765	27275	2164.06	498.167	1.10748	28.516100	28.337675	0.001	
738.829	27463	2173.28	504.193	1.10748	28.516100	28.337675	0.001	
739.892	27652	2169.41	510.955	1.10748	28.516100	28.337675	0.001	
740.955	27833	2176.55	517.358	1.10748	28.516100	28.337675	0.001	
742.017	27964	2155.13	523.549	1.10748	28.516100	28.337675	0.001	
743.079	28129	2169.51	530.045	1.10748	28.516100	28.337675	0.001	
744.141	28265	2165.44	536.79	1.10748	28.516100	28.337675	0.001	
745.202	28457	2173.08	544.812	1.10748	28.516100	28.337675	0.001	
746.264	28567	2161.38	551.385	1.10748	28.516100	28.337675	0.001	
747.324	28726	2175.66	558.281	1.10748	28.516100	28.337675	0.001	
748.385	28887	2166.73	565.951	1.10748	28.516100	28.337675	0.001	
749.445	29003	2157.81	573.416	1.10748	28.516100	28.337675	0.001	
750.505	29143	2175.17	580.217	1.10748	28.516100	28.337675	0.001	
751.564	29272	2172.59	587.696	1.10748	28.516100	28.337675	0.001	
752.623	29441	2161.58	595.756	1.10748	28.516100	28.337675	0.001	
753.682	29565	2169.21	603.168	1.10748	28.516100	28.337675	0.001	
754.741	29698	2167.43	610.533	1.10748	28.516100	28.337675	0.001	
755.799	29821	2169.11	617.909	1.10748	28.516100	28.337675	0.001	
756.857	29989	2162.96	625.446	1.10748	28.516100	28.337675	0.001	
757.914	30130	2167.82	633.015	1.10748	28.516100	28.337675	0.001	
758.971	30274	2172.98	640.34	1.10748	28.516100	28.337675	0.001	
760.028	30419	2163.16	648.308	1.10748	28.516100	28.337675	0.001	
761.084	30546	2174.77	655.567	1.10748	28.516100	28.337675	0.001	
762.14	30648	2161.58	663.055	1.10748	28.516100	28.337675	0.001	
763.196	30759	2174.17	671.611	1.10748	28.516100	28.337675	0.001	
764.251	30869	2160.98	679.698	1.10748	28.516100	28.337675	0.001	
765.306	31010	2169.41	688.243	1.10748	28.516100	28.337675	0.001	
766.36	31116	2170.4	696.278	1.10748	28.516100	28.337675	0.001	
767.415	31238	2157.61	704.597	1.10748	28.516100	28.337675	0.001	
768.468	31362	2171.79	713.103	1.10748	28.516100	28.337675	0.001	
769.522	31503	2153.24	721.864	1.10748	28.516100	28.337675	0.001	
770.575	31651	2166.73	730.708	1.10748	28.516100	28.337675	0.001	
771.628	31761	2164.35	739.104	1.10748	28.516100	28.337675	0.001	
772.68	31887	2178.84	747.635	1.10748	28.516100	28.337675	0.001	
773.732	31982	2156.62	756.435	1.10748	28.516100	28.337675	0.001	
774.784	32118	2173.18	765.152	1.10748	28.516100	28.337675	0.001	
775.835	32241	2167.13	774.626	1.10748	28.516100	28.337675	0.001	
776.886	32328	2170.7	782.802	1.10748	28.516100	28.337675	0.001	
777.936	32449	2166.83	791.372	1.10748	28.516100	28.337675	0.001	
778.986	32595	2178.24	799.838	1.10748	28.516100	28.337675	0.001	
780.036	32674	2158.1	808.434	1.10748	28.516100	28.337675	0.001	
781.086	32708	2158.1	817.04	1.10748	28.516100	28.337675	0.001	
782.135	32745	2157.81	825.662	1.10748	28.516100	28.337675	0.001	
783.183	32828	2173.78	835.815	1.10748	28.516100	28.337675	0.001	
784.231	32885	2155.92	845.938	1.10748	28.516100	28.337675	0.001	
785.279	32870	2170.11	854.873	1.10748	28.516100	28.337675	0.001	
786.327	32944	2151.06	864.65	1.10748	28.516100	28.337675	0.001	
787.374	32984	2167.43	874.139	1.10748	28.516100	28.337675	0.001	
788.42	33014	2159.49	884.202	1.10748	28.516100	28.337675	0.001	
789.466	33073	2165.64	894.617	1.10748	28.516100	28.337675	0.001	
790.512	33068	2164.75	903.985	1.10748	28.516100	28.337675	0.001	
791.558	33142	2166.14	914.054	1.10748	28.516100	28.337675	0.001	
792.603	33124	2168.42	923.661	1.10748	28.516100	28.337675	0.001	
793.648	33196	2168.52	933.799	1.10748	28.516100	28.337675	0.001	
794.692	33204	2169.31	943.946	1.10748	28.516100	28.337675	0.001	
795.736	33228	2163.26	954.6	1.10748	28.516100	28.337675	0.001	
796.779	33271	2162.27	963.87	1.10748	28.516100	28.337675	0.001	
797.822	33267	2183.3	973.844	1.10748	28.516100	28.337675	0.001	
798.865	33251	2166.83	983.607	1.10748	28.516100	28.337675	0.001	
799.907	33265	2153.14	994.427	1.10748	28.516100	28.337675	0.001	
800.949	33218	2162.47	1003.13	1.10748	28.516100	28.337675	0.001	
801.99	33215	2167.73	1013.1	1.10748	28.516100	28.337675	0.001	
803.031	33159	2153.84	1023.31	1.10748	28.516100	28.337675	0.001	
804.072	33175	2173.08	1034.53	1.10748	28.516100	28.337675	0.001	
805.112	33169	2162.77	1046.54	1.10748	28.516100	28.337675	0.001	
806.152	33172	2173.38	1056.73	1.10748	28.516100	28.337675	0.001	
807.191	33151	2175.27	1067.75	1.10748	28.516100	28.337675	0.001	
808.23	33131	2166.44	1078.57	1.10748	28.516100	28.337675	0.001	
809.268	33165	2154.33	1091.26	1.10748	28.516100	28.337675	0.001	
810.307	33215	2156.42	1103.57	1.10748	28.516100	28.337675	0.001	
811.344	33214	2158.2	1113.36	1.10748	28.516100	28.337675	0.001	
812.381	33224	2172.98	1124.36	1.10748	28.516100	28.337675	0.001	
813.418	33235	2162.86	1135.34	1.10748	28.516100	28.337675	0.001	
814.454	33261	2171.59	1147.2	1.10748	28.516100	28.337675	0.001	
815.49	33261	2161.48	1158.76	1.10748	28.516100	28.337675	0.001	
816.526	33286	2166.93	1169.87	1.10748	28.516100	28.337675	0.001	
817.561	33283	2164.06	1181.47	1.10748	28.516100	28.337675	0.001	
818.596	33279	2173.48	1192.11	1.10748	28.516100	28.337675	0.001	
819.63	33282	2163.76	1203.9	1.10748	28.516100	28.337675	0.001	
820.664	33336	2176.26	1215.11	1.10748	28.516100	28.337675	0.001	
821.697	33293	2171.3	1225.7	1.10748	28.516100	28.337675	0.001	
822.73	33316	2179.73	1237.41	1.10748	28.516100	28.337675	0.001	
823.762	33297	2176.06	1248.76	1.10748	28.516100	28.337675	0.001	
824.794	33292	2175.27	1261.07	1.10748	28.516100	28.337675	0.001	
825.826	33268	2166.24	1272.7	1.10748	28.516100	28.337675	0.001	
826.857	33233	2180.72	1285.24	1.10748	28.516100	28.337675	0.001	
827.887	33257	2166.24	1297.42	1.10748	28.516100	28.337675	0.001	
828.918	33274	2178.94	1310.1	1.10748	28.516100	28.337675	0.001	
829.947	33257	2167.33	1323.06	1.10748	28.516100	28.337675	0.001	
830.977	33319	2168.62	1337	1.10748	28.516100	28.337675	0.001	
832.005	33318	2168.42	1348.51	1.10748	28.516100	28.337675	0.001	
833.034	33353	2169.91	1361.64	1.10748	28.516100	28.337675	0.001	
834.062	33332	2174.57	1373.98	1.10748	28.516100	28.337675	0.001	
835.089	33331	2163.66	1386.75	1.10748	28.516100	28.337675	0.001	
836.116	33398	2166.34	1399.96	1.10748	28.516100	28.337675	0.001	
837.143	33447	2171.79	1411.74	1.10748	28.516100	28.337675	0.001	
838.169	33521	2173.38	1425.23	1.10748	28.516100	28.337675	0.001	
839.194	33575	2166.63	1438.37	1.10748	28.516100	28.337675	0.001	
840.22	33606	2159.39	1452.11	1.10748	28.516100	28.337675	0.001	
841.244	33682	2166.63	1464.95	1.10748	28.516100	28.337675	0.001	
842.268	33700	2162.96	1477.8	1.10748	28.516100	28.337675	0.001	
843.292	33752	2178.54	1489.24	1.10748	28.516100	28.337675	0.001	
844.315	33779	2163.96	1502.41	1.10748	28.516100	28.337675	0.001	
845.338	33830	2176.85	1515.33	1.10748	28.516100	28.337675	0.001	
846.36	33833	2161.28	1529.04	1.10748	28.516100	28.337675	0.001	
847.382	33875	2164.55	1541.51	1.10748	28.516100	28.337675	0.001	
848.404	33846	2169.71	1553.69	1.10748	28.516100	28.337675	0.001	
849.425	33901	2173.88	1567.82	1.10748	28.516100	28.337675	0.001	
850.445	33912	2167.82	1581.92	1.10748	28.516100	28.337675	0.001	
851.465	33956	2179.73	1595.38	1.10748	28.516100	28.337675	0.001	
852.484	34039	2163.76	1611.67	1.10748	28.516100	28.337675	0.001	
853.503	34070	2159.59	1625.88	1.10748	28.516100	28.337675	0.001	
854.522	34122	2156.32	1639.21	1.10748	28.516100	28.337675	0.001	
855.54	34183	2174.67	1653.11	1.10748	28.516100	28.337675	0.001	
856.557	34263	2174.37	1668.11	1.10748	28.516100	28.337675	0.001	
857.574	34342	2167.63	1682.38	1.10748	28.516100	28.337675	0.001	
858.591	34407	2163.36	1695.61	1.10748	28.516100	28.337675	0.001	
859.607	34460	2164.15	1709.48	1.10748	28.516100	28.337675	0.001	
860.622	34520	2170.9	1723.08	1.10748	28.516100	28.337675	0.001	
861.637	34602	2162.86	1738.16	1.10748	28.516100	28.337675	0.001	
862.652	34656	2163.36	1753.45	1.10748	28.516100	28.337675	0.001	
863.666	34736	2167.13	1766.35	1.10748	28.516100	28.337675	0.001	
864.679	34768	2154.83	1780.87	1.10748	28.516100	28.337675	0.001	
865.692	34836	2162.77	1794.82	1.10748	28.516100	28.337675	0.001	
866.705	34881	2150.76	1810.33	1.10748	28.516100	28.337675	0.001	
867.717	34901	2156.42	1823.88	1.10748	28.516100	28.337675	0.001	
868.728	34914	2162.07	1838.19	1.10748	28.516100	28.337675	0.001	
869.739	34945	2155.23	1853.06	1.10748	28.516100	28.337675	0.001	
870.75	34975	2174.37	1866.7	1.10748	28.516100	28.337675	0.001	
871.76	34997	2156.42	1882.17	1.10748	28.516100	28.337675	0.001	
872.769	35014	2154.83	1896.21	1.10748	28.516100	28.337675	0.001	
873.778	35029	2157.91	1912.09	1.10748	28.516100	28.337675	0.001	
874.786	35039	2158.2	1926.43	1.10748	28.516100	28.337675	0.001	
875.794	35074	2167.23	1941.7	1.10748	28.516100	28.337675	0.001	
876.802	35082	2182.51	1957	1.10748	28.516100	28.337675	0.001	
877.809	35075	2170.01	1972.82	1.10748	28.516100	28.337675	0.001	
878.815	35124	2175.86	1989.75	1.10748	28.516100	28.337675	0.001	
879.821	35111	2163.16	2006.02	1.10748	28.516100	28.337675	0.001	
880.826	35182	2174.17	2022.17	1.10748	28.516100	28.337675	0.001	
881.831	35177	2173.58	2037.23	1.10748	28.516100	28.337675	0.001	
882.835	35158	2166.93	2051.61	1.10748	28.516100	28.337675	0.001	
883.839	35144	2165.25	2067.36	1.10748	28.516100	28.337675	0.001	
884.842	35147	2161.38	2082.02	1.10748	28.516100	28.337675	0.001	
885.844	35201	2166.83	2098.48	1.10748	28.516100	28.337675	0.001	
886.847	35199	2169.02	2113.15	1.10748	28.516100	28.337675	0.001	
887.848	35192	2165.64	2130.72	1.10748	28.516100	28.337675	0.001	
888.849	35131	2160.88	2145.69	1.10748	28.516100	28.337675	0.001	
889.85	35095	2164.35	2161.91	1.10748	28.516100	28.337675	0.001	
890.85	35040	2156.42	2179.04	1.10748	28.516100	28.337675	0.001	
891.849	34977	2156.02	2194.38	1.10748	28.516100	28.337675	0.001	
892.848	34959	2164.15	2209.66	1.10748	28.516100	28.337675	0.001	
893.846	34941	2167.03	2222.74	1.10748	28.516100	28.337675	0.001	
894.844	34922	2149.67	2239.56	1.10748	28.516100	28.337675	0.001	
895.841	34906	2164.55	2255.93	1.10748	28.516100	28.337675	0.001	
896.838	34842	2155.92	2270	1.10748	28.516100	28.337675	0.001	
897.834	34810	2159.59	2285.94	1.10748	28.516100	28.337675	0.001	
898.83	34704	2144.02	2300.62	1.10748	28.516100	28.337675	0.001	
899.825	34665	2167.13	2317.36	1.10748	28.516100	28.337675	0.001	
900.819	34605	2146.3	2334.04	1.10748	28.516100	28.337675	0.001	
901.813	34566	2162.67	2348.58	1.10748	28.516100	28.337675	0.001	
902.807	34517	2167.92	2367.75	1.10748	28.516100	28.337675	0.001	
903.799	34473	2164.45	2384.06	1.10748	28.516100	28.337675	0.001	
904.792	34392	2160.19	2402.64	1.10748	28.516100	28.337675	0.001	
905.783	34326	2169.61	2416.29	1.10748	28.516100	28.337675	0.001	
906.775	34303	2162.86	2436.49	1.10748	28.516100	28.337675	0.001	
907.765	34293	2180.23	2455.49	1.10748	28.516100	28.337675	0.001	
908.755	34257	2167.53	2473.47	1.10748	28.516100	28.337675	0.001	
909.745	34212	2171.59	2490.06	1.10748	28.516100	28.337675	0.001	
910.733	34167	2155.52	2507.58	1.10748	28.516100	28.337675	0.001	
911.722	34122	2168.62	2524.3	1.10748	28.516100	28.337675	0.001	
912.71	34093	2164.45	2542.86	1.10748	28.516100	28.337675	0.001	
913.697	34059	2171.3	2559.31	1.10748	28.516100	28.337675	0.001	
914.683	34023	2159.19	2575.73	1.10748	28.516100	28.337675	0.001	
915.669	33934	2150.27	2591.49	1.10748	28.516100	28.337675	0.001	
916.655	33852	2163.36	2607.94	1.10748	28.516100	28.337675	0.001	
917.64	33770	2164.35	2623.27	1.10748	28.516100	28.337675	0.001	
918.624	33674	2156.42	2640.45	1.10748	28.516100	28.337675	0.001	
919.608	33563	2163.16	2655.29	1.10748	28.516100	28.337675	0.001	
920.591	33427	2159.29	2670.66	1.10748	28.516100	28.337675	0.001	
921.573	33355	2175.96	2690.77	1.10748	28.516100	28.337675	0.001	
922.555	33215	2148.08	2704.85	1.10748	28.516100	28.337675	0.001	
923.537	33081	2155.23	2722.86	1.10748	28.516100	28.337675	0.001	
924.517	32939	2167.92	2738.45	1.10748	28.516100	28.337675	0.001	
925.498	32798	2160.78	2756.48	1.10748	28.516100	28.337675	0.001	
926.477	32676	2169.02	2772.57	1.10748	28.516100	28.337675	0.001	
927.456	32483	2156.42	2787.8	1.10748	28.516100	28.337675	0.001	
928.435	32368	2170.5	2806.07	1.10748	28.516100	28.337675	0.001	
929.412	32207	2160.58	2824.18	1.10748	28.516100	28.337675	0.001	
930.39	32074	2168.82	2844.71	1.10748	28.516100	28.337675	0.001	
931.366	31931	2167.43	2861.92	1.10748	28.516100	28.337675	0.001	
932.342	31736	2158.7	2879.32	1.10748	28.516100	28.337675	0.001	
933.318	31611	2167.63	2900.25	1.10748	28.516100	28.337675	0.001	
934.293	31466	2166.83	2919.56	1.10748	28.516100	28.337675	0.001	
935.267	31300	2162.67	2940.86	1.10748	28.516100	28.337675	0.001	
936.24	31142	2144.51	2963.79	1.10748	28.516100	28.337675	0.001	
937.213	30930	2173.18	2976.42	1.10748	28.516100	28.337675	0.001	
938.186	30723	2158.4	2995.4	1.10748	28.516100	28.337675	0.001	
939.158	30568	2180.23	3011.43	1.10748	28.516100	28.337675	0.001	
940.129	30324	2157.61	3026.89	1.10748	28.516100	28.337675	0.001	
941.099	30150	2169.61	3046.07	1.10748	28.516100	28.337675	0.001	
942.069	29926	2166.14	3062.78	1.10748	28.516100	28.337675	0.001	
943.039	29768	2162.86	3084.76	1.10748	28.516100	28.337675	0.001	
944.007	29559	2149.57	3100.25	1.10748	28.516100	28.337675	0.001	
944.975	29408	2178.84	3117.04	1.10748	28.516100	28.337675	0.001	
945.943	29207	2173.68	3131.87	1.10748	28.516100	28.337675	0.001	
946.91	29052	2168.62	3150.2	1.10748	28.516100	28.337675	0.001	
947.876	28862	2152.45	3167.14	1.10748	28.516100	28.337675	0.001	
948.842	28715	2163.46	3184.54	1.10748	28.516100	28.337675	0.001	
949.807	28571	2169.81	3204.76	1.10748	28.516100	28.337675	0.001	
950.771	28408	2169.91	3222.65	1.10748	28.516100	28.337675	0.001	
951.735	28243	2156.71	3239.92	1.10748	28.516100	28.337675	0.001	
952.698	28073	2186.38	3253.56	1.10748	28.516100	28.337675	0.001	
953.66	27840	2160.68	3268.44	1.10748	28.516100	28.337675	0.001	
954.622	27661	2163.86	3285.54	1.10748	28.516100	28.337675	0.001	
955.584	27492	2164.35	3306.14	1.10748	28.516100	28.337675	0.001	
956.544	27274	2168.02	3320.55	1.10748	28.516100	28.337675	0.001	
957.504	27081	2157.11	3340.88	1.10748	28.516100	28.337675	0.001	
958.463	26898	2178.14	3358.01	1.10748	28.516100	28.337675	0.001	
959.422	26629	2157.51	3372.58	1.10748	28.516100	28.337675	0.001	
960.38	26431	2163.46	3392.94	1.10748	28.516100	28.337675	0.001	
961.338	26188	2169.21	3410.76	1.10748	28.516100	28.337675	0.001	
962.294	25963	2161.97	3432.26	1.10748	28.516100	28.337675	0.001	
963.25	25750	2151.46	3452.19	1.10748	28.516100	28.337675	0.001	
964.206	25539	2169.71	3471.47	1.10748	28.516100	28.337675	0.001	
965.161	25336	2160.48	3494.5	1.10748	28.516100	28.337675	0.001	
966.115	25104	2164.75	3514.56	1.10748	28.516100	28.337675	0.001	
