452.692	2211	2129.88	-183.772	1.10748	28.516100	28.337675	0.001	
453.787	2245	2161.52	-0.107997	1.10748	28.516100	28.337675	0.001	
454.882	2228	2151.7	-2.66497	1.10748	28.516100	28.337675	0.001	
455.977	2244	2173.03	-115.867	1.10748	28.516100	28.337675	0.001	
457.072	2236	2138.41	4.09037	1.10748	28.516100	28.337675	0.001	
458.167	2249	2178.18	-78.2976	1.10748	28.516100	28.337675	0.001	
459.263	2239	2152.69	1.24092	1.10748	28.516100	28.337675	0.001	
460.358	2251	2166.28	0.578314	1.10748	28.516100	28.337675	0.001	
461.453	2238	2157.85	-3.28042	1.10748	28.516100	28.337675	0.001	
462.549	2253	2156.36	11.9171	1.10748	28.516100	28.337675	0.001	
463.644	2222	2148.03	-43.9478	1.10748	28.516100	28.337675	0.001	
464.74	2246	2158.05	1.22461	1.10748	28.516100	28.337675	0.001	
465.835	2247	2159.14	11.2616	1.10748	28.516100	28.337675	0.001	
466.931	2243	2161.62	-2.08611	1.10748	28.516100	28.337675	0.001	
468.027	2234	2142.78	58.5279	1.10748	28.516100	28.337675	0.001	
469.123	2260	2168.07	4.2587	1.10748	28.516100	28.337675	0.001	
470.219	2233	2143.17	5.28343	1.10748	28.516100	28.337675	0.001	
471.315	2244	2154.78	3.93344	1.10748	28.516100	28.337675	0.001	
472.411	2240	2148.03	7.92631	1.10748	28.516100	28.337675	0.001	
473.507	2255	2167.57	3.19454	1.10748	28.516100	28.337675	0.001	
474.603	2236	2147.34	2.365	1.10748	28.516100	28.337675	0.001	
475.699	2258	2156.46	-111.533	1.10748	28.516100	28.337675	0.001	
476.795	2235	2159.24	-4.2984	1.10748	28.516100	28.337675	0.001	
477.892	2254	2165.79	4.53068	1.10748	28.516100	28.337675	0.001	
478.988	2250	2159.44	3.70171	1.10748	28.516100	28.337675	0.001	
480.084	2253	2157.36	8.38066	1.10748	28.516100	28.337675	0.001	
481.181	2245	2160.53	0.462381	1.10748	28.516100	28.337675	0.001	
482.277	2261	2166.08	24.2829	1.10748	28.516100	28.337675	0.001	
483.374	2238	2150.41	1.48736	1.10748	28.516100	28.337675	0.001	
484.47	2268	2159.24	70.579	1.10748	28.516100	28.337675	0.001	
485.567	2249	2155.07	5.069	1.10748	28.516100	28.337675	0.001	
486.663	2249	2170.74	-1.7792	1.10748	28.516100	28.337675	0.001	
487.76	2248	2157.16	5.76847	1.10748	28.516100	28.337675	0.001	
488.857	2257	2170.05	2.29938	1.10748	28.516100	28.337675	0.001	
489.954	2236	2149.92	1.05385	1.10748	28.516100	28.337675	0.001	
491.05	2240	2156.96	-0.144101	1.10748	28.516100	28.337675	0.001	
492.147	2252	2150.71	7.56101	1.10748	28.516100	28.337675	0.001	
493.244	2266	2160.03	6.63075	1.10748	28.516100	28.337675	0.001	
494.341	2254	2161.02	2.47103	1.10748	28.516100	28.337675	0.001	
495.438	2276	2174.32	5.2873	1.10748	28.516100	28.337675	0.001	
496.535	2258	2147.14	7.8292	1.10748	28.516100	28.337675	0.001	
497.632	2255	2159.04	2.87187	1.10748	28.516100	28.337675	0.001	
498.729	2258	2159.14	3.21562	1.10748	28.516100	28.337675	0.001	
499.825	2260	2159.04	3.23597	1.10748	28.516100	28.337675	0.001	
500.922	2266	2157.36	3.64141	1.10748	28.516100	28.337675	0.001	
502.019	2273	2163.6	4.29954	1.10748	28.516100	28.337675	0.001	
503.117	2286	2156.07	6.8213	1.10748	28.516100	28.337675	0.001	
504.214	2279	2152.2	6.12298	1.10748	28.516100	28.337675	0.001	
505.311	2270	2147.54	5.28286	1.10748	28.516100	28.337675	0.001	
506.408	2285	2160.73	5.27408	1.10748	28.516100	28.337675	0.001	
507.505	2284	2163.01	4.22986	1.10748	28.516100	28.337675	0.001	
508.602	2288	2151.01	6.54726	1.10748	28.516100	28.337675	0.001	
509.699	2301	2155.17	6.61542	1.10748	28.516100	28.337675	0.001	
510.796	2305	2153.79	7.14326	1.10748	28.516100	28.337675	0.001	
511.893	2307	2159.64	5.93931	1.10748	28.516100	28.337675	0.001	
512.99	2331	2173.82	6.46055	1.10748	28.516100	28.337675	0.001	
514.087	2317	2152.5	6.80186	1.10748	28.516100	28.337675	0.001	
515.184	2323	2161.32	6.53525	1.10748	28.516100	28.337675	0.001	
516.281	2341	2153.39	7.16643	1.10748	28.516100	28.337675	0.001	
517.378	2361	2162.81	8.40385	1.10748	28.516100	28.337675	0.001	
518.475	2352	2156.96	7.56636	1.10748	28.516100	28.337675	0.001	
519.573	2371	2162.31	8.54998	1.10748	28.516100	28.337675	0.001	
520.67	2366	2152.79	8.19648	1.10748	28.516100	28.337675	0.001	
521.767	2383	2163.31	8.40725	1.10748	28.516100	28.337675	0.001	
522.864	2393	2163.01	9.06317	1.10748	28.516100	28.337675	0.001	
523.961	2415	2169.85	9.6193	1.10748	28.516100	28.337675	0.001	
525.058	2409	2150.31	10.1127	1.10748	28.516100	28.337675	0.001	
526.155	2428	2172.63	9.41142	1.10748	28.516100	28.337675	0.001	
527.252	2438	2153.19	10.4426	1.10748	28.516100	28.337675	0.001	
528.348	2467	2169.95	10.9877	1.10748	28.516100	28.337675	0.001	
529.445	2460	2153.88	10.8908	1.10748	28.516100	28.337675	0.001	
530.542	2469	2145.85	11.462	1.10748	28.516100	28.337675	0.001	
531.639	2488	2152.89	11.6071	1.10748	28.516100	28.337675	0.001	
532.736	2528	2171.93	12.3466	1.10748	28.516100	28.337675	0.001	
533.833	2527	2156.86	12.6135	1.10748	28.516100	28.337675	0.001	
534.929	2547	2164.2	12.679	1.10748	28.516100	28.337675	0.001	
536.026	2544	2137.82	13.4264	1.10748	28.516100	28.337675	0.001	
537.123	2593	2162.71	13.95	1.10748	28.516100	28.337675	0.001	
538.22	2601	2146.74	14.6311	1.10748	28.516100	28.337675	0.001	
539.316	2624	2164.5	14.4131	1.10748	28.516100	28.337675	0.001	
540.413	2639	2159.04	14.8865	1.10748	28.516100	28.337675	0.001	
541.509	2666	2156.56	15.4588	1.10748	28.516100	28.337675	0.001	
542.606	2686	2142.58	16.2678	1.10748	28.516100	28.337675	0.001	
543.702	2716	2163.6	16.0271	1.10748	28.516100	28.337675	0.001	
544.799	2726	2141.09	16.881	1.10748	28.516100	28.337675	0.001	
545.895	2776	2160.03	17.4936	1.10748	28.516100	28.337675	0.001	
546.991	2778	2151.8	17.4987	1.10748	28.516100	28.337675	0.001	
548.088	2824	2162.31	18.2728	1.10748	28.516100	28.337675	0.001	
549.184	2829	2148.43	18.5138	1.10748	28.516100	28.337675	0.001	
550.28	2866	2150.02	19.1084	1.10748	28.516100	28.337675	0.001	
551.376	2901	2146.35	19.923	1.10748	28.516100	28.337675	0.001	
552.472	2950	2163.21	20.3769	1.10748	28.516100	28.337675	0.001	
553.568	2965	2154.48	20.6434	1.10748	28.516100	28.337675	0.001	
554.664	3016	2166.78	21.4106	1.10748	28.516100	28.337675	0.001	
555.76	3045	2155.27	22.1523	1.10748	28.516100	28.337675	0.001	
556.856	3084	2164.6	22.6286	1.10748	28.516100	28.337675	0.001	
557.952	3108	2151.7	23.3271	1.10748	28.516100	28.337675	0.001	
559.047	3173	2169.85	24.134	1.10748	28.516100	28.337675	0.001	
560.143	3189	2152.1	24.6699	1.10748	28.516100	28.337675	0.001	
561.239	3229	2137.82	25.8736	1.10748	28.516100	28.337675	0.001	
562.334	3267	2144.26	26.3848	1.10748	28.516100	28.337675	0.001	
563.43	3304	2155.07	26.63	1.10748	28.516100	28.337675	0.001	
564.525	3353	2158.15	27.4079	1.10748	28.516100	28.337675	0.001	
565.62	3391	2160.13	28.184	1.10748	28.516100	28.337675	0.001	
566.715	3425	2142.88	29.0695	1.10748	28.516100	28.337675	0.001	
567.811	3486	2167.97	29.8206	1.10748	28.516100	28.337675	0.001	
568.906	3514	2143.67	30.7603	1.10748	28.516100	28.337675	0.001	
570.001	3566	2160.73	31.3562	1.10748	28.516100	28.337675	0.001	
571.095	3600	2135.54	32.6465	1.10748	28.516100	28.337675	0.001	
572.19	3651	2156.07	33.2766	1.10748	28.516100	28.337675	0.001	
573.285	3672	2143.27	33.9129	1.10748	28.516100	28.337675	0.001	
574.38	3736	2160.23	34.8205	1.10748	28.516100	28.337675	0.001	
575.474	3775	2139.3	36.1	1.10748	28.516100	28.337675	0.001	
576.569	3792	2145.35	36.2458	1.10748	28.516100	28.337675	0.001	
577.663	3868	2142.88	37.9915	1.10748	28.516100	28.337675	0.001	
578.757	3902	2147.93	38.6535	1.10748	28.516100	28.337675	0.001	
579.851	3941	2144.26	39.4891	1.10748	28.516100	28.337675	0.001	
580.945	4009	2167.47	40.5534	1.10748	28.516100	28.337675	0.001	
582.039	4028	2139.6	41.6361	1.10748	28.516100	28.337675	0.001	
583.133	4079	2150.02	42.6807	1.10748	28.516100	28.337675	0.001	
584.227	4107	2131.97	43.9493	1.10748	28.516100	28.337675	0.001	
585.321	4149	2146.54	44.5956	1.10748	28.516100	28.337675	0.001	
586.414	4182	2143.17	45.635	1.10748	28.516100	28.337675	0.001	
587.508	4235	2158.55	46.7056	1.10748	28.516100	28.337675	0.001	
588.601	4262	2147.24	47.7935	1.10748	28.516100	28.337675	0.001	
589.694	4314	2143.17	49.3071	1.10748	28.516100	28.337675	0.001	
590.787	4343	2143.27	50.3922	1.10748	28.516100	28.337675	0.001	
591.881	4400	2155.47	51.4579	1.10748	28.516100	28.337675	0.001	
592.973	4430	2145.45	52.664	1.10748	28.516100	28.337675	0.001	
594.066	4480	2147.14	54.0332	1.10748	28.516100	28.337675	0.001	
595.159	4523	2156.56	55.133	1.10748	28.516100	28.337675	0.001	
596.251	4558	2154.68	56.3349	1.10748	28.516100	28.337675	0.001	
597.344	4598	2154.98	57.4855	1.10748	28.516100	28.337675	0.001	
598.436	4661	2164.79	59.0505	1.10748	28.516100	28.337675	0.001	
599.528	4701	2149.52	60.7046	1.10748	28.516100	28.337675	0.001	
600.621	4758	2153.59	62.0337	1.10748	28.516100	28.337675	0.001	
601.713	4812	2156.86	63.4319	1.10748	28.516100	28.337675	0.001	
602.804	4849	2152	64.4974	1.10748	28.516100	28.337675	0.001	
603.896	4903	2148.63	66.3112	1.10748	28.516100	28.337675	0.001	
604.988	4958	2151.21	67.6145	1.10748	28.516100	28.337675	0.001	
606.079	5013	2153.88	69.0117	1.10748	28.516100	28.337675	0.001	
607.17	5088	2160.03	70.7818	1.10748	28.516100	28.337675	0.001	
608.262	5133	2141.98	72.588	1.10748	28.516100	28.337675	0.001	
609.353	5207	2152.99	73.9759	1.10748	28.516100	28.337675	0.001	
610.443	5273	2152.3	75.6167	1.10748	28.516100	28.337675	0.001	
611.534	5334	2160.83	76.891	1.10748	28.516100	28.337675	0.001	
612.625	5397	2148.13	78.7315	1.10748	28.516100	28.337675	0.001	
613.715	5477	2154.58	80.4498	1.10748	28.516100	28.337675	0.001	
614.806	5552	2160.13	81.9444	1.10748	28.516100	28.337675	0.001	
615.896	5625	2170.25	83.5798	1.10748	28.516100	28.337675	0.001	
616.986	5696	2156.26	85.4367	1.10748	28.516100	28.337675	0.001	
618.076	5786	2159.14	87.6667	1.10748	28.516100	28.337675	0.001	
619.165	5871	2162.31	89.3276	1.10748	28.516100	28.337675	0.001	
620.255	5961	2169.46	91.1796	1.10748	28.516100	28.337675	0.001	
621.344	6037	2151.8	93.1256	1.10748	28.516100	28.337675	0.001	
622.434	6138	2155.37	95.3251	1.10748	28.516100	28.337675	0.001	
623.523	6200	2154.18	96.6658	1.10748	28.516100	28.337675	0.001	
624.612	6331	2158.94	99.5992	1.10748	28.516100	28.337675	0.001	
625.701	6400	2151.21	101.167	1.10748	28.516100	28.337675	0.001	
626.789	6502	2162.41	103.17	1.10748	28.516100	28.337675	0.001	
627.878	6586	2153.49	105.201	1.10748	28.516100	28.337675	0.001	
628.966	6695	2159.64	107.4	1.10748	28.516100	28.337675	0.001	
630.054	6780	2153.79	109.682	1.10748	28.516100	28.337675	0.001	
631.142	6903	2159.04	111.993	1.10748	28.516100	28.337675	0.001	
632.23	7000	2158.05	113.955	1.10748	28.516100	28.337675	0.001	
633.318	7096	2160.93	115.884	1.10748	28.516100	28.337675	0.001	
634.405	7199	2155.07	118.376	1.10748	28.516100	28.337675	0.001	
635.492	7341	2160.03	121.411	1.10748	28.516100	28.337675	0.001	
636.579	7432	2156.17	123.266	1.10748	28.516100	28.337675	0.001	
637.666	7545	2152.1	125.87	1.10748	28.516100	28.337675	0.001	
638.753	7660	2157.95	128.071	1.10748	28.516100	28.337675	0.001	
639.84	7791	2162.81	130.853	1.10748	28.516100	28.337675	0.001	
640.926	7895	2154.88	133.467	1.10748	28.516100	28.337675	0.001	
642.012	8017	2161.92	135.856	1.10748	28.516100	28.337675	0.001	
643.098	8132	2157.85	138.266	1.10748	28.516100	28.337675	0.001	
644.184	8268	2165.79	140.912	1.10748	28.516100	28.337675	0.001	
645.27	8401	2158.55	144.018	1.10748	28.516100	28.337675	0.001	
646.355	8545	2177.69	146.549	1.10748	28.516100	28.337675	0.001	
647.441	8653	2161.92	149.121	1.10748	28.516100	28.337675	0.001	
648.526	8776	2161.12	151.38	1.10748	28.516100	28.337675	0.001	
649.611	8913	2151.9	154.935	1.10748	28.516100	28.337675	0.001	
650.695	9042	2169.16	157.197	1.10748	28.516100	28.337675	0.001	
651.78	9192	2156.46	160.621	1.10748	28.516100	28.337675	0.001	
652.864	9314	2169.55	162.787	1.10748	28.516100	28.337675	0.001	
653.948	9465	2158.15	166.479	1.10748	28.516100	28.337675	0.001	
655.032	9609	2157.65	169.399	1.10748	28.516100	28.337675	0.001	
656.116	9758	2160.73	172.266	1.10748	28.516100	28.337675	0.001	
657.199	9918	2164.2	175.496	1.10748	28.516100	28.337675	0.001	
658.283	10057	2151.7	178.746	1.10748	28.516100	28.337675	0.001	
659.366	10234	2170.74	181.78	1.10748	28.516100	28.337675	0.001	
660.448	10373	2155.77	185.088	1.10748	28.516100	28.337675	0.001	
661.531	10538	2153.88	188.314	1.10748	28.516100	28.337675	0.001	
662.614	10673	2156.96	191.202	1.10748	28.516100	28.337675	0.001	
663.696	10861	2175.31	194.453	1.10748	28.516100	28.337675	0.001	
664.778	11026	2160.03	198.006	1.10748	28.516100	28.337675	0.001	
665.86	11171	2161.32	201.27	1.10748	28.516100	28.337675	0.001	
666.941	11349	2143.97	204.984	1.10748	28.516100	28.337675	0.001	
668.023	11543	2159.14	208.733	1.10748	28.516100	28.337675	0.001	
669.104	11713	2162.41	211.809	1.10748	28.516100	28.337675	0.001	
670.185	11914	2162.12	216.134	1.10748	28.516100	28.337675	0.001	
671.265	12070	2152	219.273	1.10748	28.516100	28.337675	0.001	
672.346	12260	2156.46	223.129	1.10748	28.516100	28.337675	0.001	
673.426	12430	2151.8	226.914	1.10748	28.516100	28.337675	0.001	
674.506	12643	2174.71	230.388	1.10748	28.516100	28.337675	0.001	
675.586	12789	2146.15	234.033	1.10748	28.516100	28.337675	0.001	
676.665	13023	2176.1	237.878	1.10748	28.516100	28.337675	0.001	
677.745	13217	2155.27	241.953	1.10748	28.516100	28.337675	0.001	
678.824	13417	2166.98	245.569	1.10748	28.516100	28.337675	0.001	
679.903	13646	2157.45	250.239	1.10748	28.516100	28.337675	0.001	
680.981	13861	2175.31	253.856	1.10748	28.516100	28.337675	0.001	
682.059	14061	2150.21	258.394	1.10748	28.516100	28.337675	0.001	
683.138	14309	2170.05	262.525	1.10748	28.516100	28.337675	0.001	
684.215	14527	2173.52	266.483	1.10748	28.516100	28.337675	0.001	
685.293	14765	2173.32	271.034	1.10748	28.516100	28.337675	0.001	
686.37	14975	2159.83	275.399	1.10748	28.516100	28.337675	0.001	
687.448	15240	2170.55	280.025	1.10748	28.516100	28.337675	0.001	
688.524	15479	2169.85	284.062	1.10748	28.516100	28.337675	0.001	
689.601	15721	2161.52	288.575	1.10748	28.516100	28.337675	0.001	
690.678	15967	2154.08	293.145	1.10748	28.516100	28.337675	0.001	
691.754	16228	2160.53	297.401	1.10748	28.516100	28.337675	0.001	
692.83	16497	2168.07	301.935	1.10748	28.516100	28.337675	0.001	
693.905	16782	2159.34	307.294	1.10748	28.516100	28.337675	0.001	
694.98	17015	2143.07	311.68	1.10748	28.516100	28.337675	0.001	
696.056	17300	2161.72	316.261	1.10748	28.516100	28.337675	0.001	
697.13	17579	2156.66	320.817	1.10748	28.516100	28.337675	0.001	
698.205	17884	2168.46	326.178	1.10748	28.516100	28.337675	0.001	
699.279	18155	2153.69	330.986	1.10748	28.516100	28.337675	0.001	
700.353	18456	2167.37	336.178	1.10748	28.516100	28.337675	0.001	
701.427	18752	2161.02	340.897	1.10748	28.516100	28.337675	0.001	
702.501	19076	2154.28	346.352	1.10748	28.516100	28.337675	0.001	
703.574	19379	2163.01	351.365	1.10748	28.516100	28.337675	0.001	
704.647	19716	2175.8	356.565	1.10748	28.516100	28.337675	0.001	
705.719	20040	2155.17	361.99	1.10748	28.516100	28.337675	0.001	
706.792	20371	2160.63	366.975	1.10748	28.516100	28.337675	0.001	
707.864	20733	2167.37	372.851	1.10748	28.516100	28.337675	0.001	
708.936	21039	2167.77	377.682	1.10748	28.516100	28.337675	0.001	
710.007	21382	2166.28	383.356	1.10748	28.516100	28.337675	0.001	
711.079	21703	2164.2	388.88	1.10748	28.516100	28.337675	0.001	
712.15	22056	2163.8	394.737	1.10748	28.516100	28.337675	0.001	
713.221	22388	2161.52	400.184	1.10748	28.516100	28.337675	0.001	
714.291	22737	2161.22	405.605	1.10748	28.516100	28.337675	0.001	
715.361	23110	2171.44	411.83	1.10748	28.516100	28.337675	0.001	
716.431	23474	2155.17	417.962	1.10748	28.516100	28.337675	0.001	
717.501	23846	2165.98	423.855	1.10748	28.516100	28.337675	0.001	
718.57	24180	2169.26	429.554	1.10748	28.516100	28.337675	0.001	
719.639	24562	2175.9	435.522	1.10748	28.516100	28.337675	0.001	
720.707	24906	2156.26	442.129	1.10748	28.516100	28.337675	0.001	
721.776	25289	2165.49	448.194	1.10748	28.516100	28.337675	0.001	
722.844	25609	2167.47	453.583	1.10748	28.516100	28.337675	0.001	
723.912	26003	2179.27	460.228	1.10748	28.516100	28.337675	0.001	
724.979	26339	2164.2	466.775	1.10748	28.516100	28.337675	0.001	
726.046	26658	2174.41	472.108	1.10748	28.516100	28.337675	0.001	
727.113	26995	2173.62	478.674	1.10748	28.516100	28.337675	0.001	
728.18	27278	2175.9	485.267	1.10748	28.516100	28.337675	0.001	
729.246	27574	2156.17	491.789	1.10748	28.516100	28.337675	0.001	
730.312	27862	2165.49	498.742	1.10748	28.516100	28.337675	0.001	
731.378	28163	2154.18	505.816	1.10748	28.516100	28.337675	0.001	
732.443	28446	2167.97	512.708	1.10748	28.516100	28.337675	0.001	
733.508	28687	2158.15	519.061	1.10748	28.516100	28.337675	0.001	
734.573	28987	2173.03	526.318	1.10748	28.516100	28.337675	0.001	
735.637	29210	2168.36	533.01	1.10748	28.516100	28.337675	0.001	
736.701	29488	2178.28	540.933	1.10748	28.516100	28.337675	0.001	
737.765	29687	2163.6	547.319	1.10748	28.516100	28.337675	0.001	
738.829	29921	2172.83	554.54	1.10748	28.516100	28.337675	0.001	
739.892	30112	2168.96	561.641	1.10748	28.516100	28.337675	0.001	
740.955	30276	2176.1	567.988	1.10748	28.516100	28.337675	0.001	
742.017	30456	2154.68	575.512	1.10748	28.516100	28.337675	0.001	
743.079	30612	2169.06	582.167	1.10748	28.516100	28.337675	0.001	
744.141	30776	2164.99	589.892	1.10748	28.516100	28.337675	0.001	
745.202	30942	2172.63	597.784	1.10748	28.516100	28.337675	0.001	
746.264	31081	2160.93	605.379	1.10748	28.516100	28.337675	0.001	
747.324	31258	2175.21	613.051	1.10748	28.516100	28.337675	0.001	
748.385	31429	2166.28	621.347	1.10748	28.516100	28.337675	0.001	
749.445	31564	2157.36	629.705	1.10748	28.516100	28.337675	0.001	
750.505	31715	2174.71	637.167	1.10748	28.516100	28.337675	0.001	
751.564	31838	2172.13	644.973	1.10748	28.516100	28.337675	0.001	
752.623	32019	2161.12	653.714	1.10748	28.516100	28.337675	0.001	
753.682	32160	2168.76	661.991	1.10748	28.516100	28.337675	0.001	
754.741	32293	2166.98	669.79	1.10748	28.516100	28.337675	0.001	
755.799	32430	2168.66	677.947	1.10748	28.516100	28.337675	0.001	
756.857	32599	2162.51	685.868	1.10748	28.516100	28.337675	0.001	
757.914	32748	2167.37	694.065	1.10748	28.516100	28.337675	0.001	
758.971	32920	2172.53	702.458	1.10748	28.516100	28.337675	0.001	
760.028	33054	2162.71	710.6	1.10748	28.516100	28.337675	0.001	
761.084	33169	2174.32	718.022	1.10748	28.516100	28.337675	0.001	
762.14	33315	2161.12	727.029	1.10748	28.516100	28.337675	0.001	
763.196	33411	2173.72	735.829	1.10748	28.516100	28.337675	0.001	
764.251	33541	2160.53	744.904	1.10748	28.516100	28.337675	0.001	
765.306	33668	2168.96	753.627	1.10748	28.516100	28.337675	0.001	
766.36	33776	2169.95	762.24	1.10748	28.516100	28.337675	0.001	
767.415	33915	2157.16	771.469	1.10748	28.516100	28.337675	0.001	
768.468	34063	2171.34	781.139	1.10748	28.516100	28.337675	0.001	
769.522	34193	2152.79	790.087	1.10748	28.516100	28.337675	0.001	
770.575	34363	2166.28	800.022	1.10748	28.516100	28.337675	0.001	
771.628	34495	2163.9	809.52	1.10748	28.516100	28.337675	0.001	
772.68	34601	2178.38	818.083	1.10748	28.516100	28.337675	0.001	
773.732	34712	2156.17	827.854	1.10748	28.516100	28.337675	0.001	
774.784	34877	2172.73	837.877	1.10748	28.516100	28.337675	0.001	
775.835	34974	2166.68	847.249	1.10748	28.516100	28.337675	0.001	
776.886	35073	2170.25	856.313	1.10748	28.516100	28.337675	0.001	
777.936	35206	2166.38	865.711	1.10748	28.516100	28.337675	0.001	
778.986	35339	2177.79	874.292	1.10748	28.516100	28.337675	0.001	
780.036	35435	2157.65	883.911	1.10748	28.516100	28.337675	0.001	
781.086	35456	2157.65	892.877	1.10748	28.516100	28.337675	0.001	
782.135	35541	2157.36	903.548	1.10748	28.516100	28.337675	0.001	
783.183	35584	2173.32	913.362	1.10748	28.516100	28.337675	0.001	
784.231	35631	2155.47	923.95	1.10748	28.516100	28.337675	0.001	
785.279	35664	2169.65	935.165	1.10748	28.516100	28.337675	0.001	
786.327	35730	2150.61	945.385	1.10748	28.516100	28.337675	0.001	
787.374	35773	2166.98	955.787	1.10748	28.516100	28.337675	0.001	
788.42	35789	2159.04	966.275	1.10748	28.516100	28.337675	0.001	
789.466	35845	2165.19	977.427	1.10748	28.516100	28.337675	0.001	
790.512	35878	2164.3	988.823	1.10748	28.516100	28.337675	0.001	
791.558	35917	2165.69	998.571	1.10748	28.516100	28.337675	0.001	
792.603	35903	2167.97	1009.24	1.10748	28.516100	28.337675	0.001	
793.648	35958	2168.07	1019.6	1.10748	28.516100	28.337675	0.001	
794.692	35992	2168.86	1031.47	1.10748	28.516100	28.337675	0.001	
795.736	35983	2162.81	1041.98	1.10748	28.516100	28.337675	0.001	
796.779	36059	2161.82	1053.03	1.10748	28.516100	28.337675	0.001	
797.822	36022	2182.84	1062.94	1.10748	28.516100	28.337675	0.001	
798.865	35999	2166.38	1073.36	1.10748	28.516100	28.337675	0.001	
799.907	36019	2152.69	1085.28	1.10748	28.516100	28.337675	0.001	
800.949	35979	2162.02	1095.18	1.10748	28.516100	28.337675	0.001	
801.99	35977	2167.27	1106.13	1.10748	28.516100	28.337675	0.001	
803.031	35887	2153.39	1116.23	1.10748	28.516100	28.337675	0.001	
804.072	35902	2172.63	1128.45	1.10748	28.516100	28.337675	0.001	
805.112	35893	2162.31	1141.43	1.10748	28.516100	28.337675	0.001	
806.152	35917	2172.93	1153.32	1.10748	28.516100	28.337675	0.001	
807.191	35853	2174.81	1163.87	1.10748	28.516100	28.337675	0.001	
808.23	35843	2165.98	1176.06	1.10748	28.516100	28.337675	0.001	
809.268	35880	2153.88	1189.86	1.10748	28.516100	28.337675	0.001	
810.307	35921	2155.97	1202.8	1.10748	28.516100	28.337675	0.001	
811.344	35937	2157.75	1214.12	1.10748	28.516100	28.337675	0.001	
812.381	35926	2172.53	1225.34	1.10748	28.516100	28.337675	0.001	
813.418	35964	2162.41	1238.26	1.10748	28.516100	28.337675	0.001	
814.454	35973	2171.14	1250.49	1.10748	28.516100	28.337675	0.001	
815.49	35940	2161.02	1261.79	1.10748	28.516100	28.337675	0.001	
816.526	35987	2166.48	1274.67	1.10748	28.516100	28.337675	0.001	
817.561	35963	2163.6	1286.49	1.10748	28.516100	28.337675	0.001	
818.596	35977	2173.03	1298.84	1.10748	28.516100	28.337675	0.001	
819.63	35961	2163.31	1310.88	1.10748	28.516100	28.337675	0.001	
820.664	36026	2175.8	1323.38	1.10748	28.516100	28.337675	0.001	
821.697	35978	2170.84	1334.84	1.10748	28.516100	28.337675	0.001	
822.73	35989	2179.27	1347.06	1.10748	28.516100	28.337675	0.001	
823.762	35971	2175.6	1359.5	1.10748	28.516100	28.337675	0.001	
824.794	35945	2174.81	1372.04	1.10748	28.516100	28.337675	0.001	
825.826	35938	2165.79	1385.46	1.10748	28.516100	28.337675	0.001	
826.857	35881	2180.27	1398.36	1.10748	28.516100	28.337675	0.001	
827.887	35901	2165.79	1411.3	1.10748	28.516100	28.337675	0.001	
828.918	35904	2178.48	1424.47	1.10748	28.516100	28.337675	0.001	
829.947	35895	2166.88	1438.93	1.10748	28.516100	28.337675	0.001	
830.977	35953	2168.17	1453.69	1.10748	28.516100	28.337675	0.001	
832.005	35965	2167.97	1466.78	1.10748	28.516100	28.337675	0.001	
833.034	35996	2169.46	1480.76	1.10748	28.516100	28.337675	0.001	
834.062	35963	2174.12	1493.73	1.10748	28.516100	28.337675	0.001	
835.089	35982	2163.21	1508.49	1.10748	28.516100	28.337675	0.001	
836.116	36042	2165.89	1522.29	1.10748	28.516100	28.337675	0.001	
837.143	36099	2171.34	1535.3	1.10748	28.516100	28.337675	0.001	
838.169	36126	2172.93	1547.48	1.10748	28.516100	28.337675	0.001	
839.194	36201	2166.18	1562.5	1.10748	28.516100	28.337675	0.001	
840.22	36243	2158.94	1577.8	1.10748	28.516100	28.337675	0.001	
841.244	36318	2166.18	1591.44	1.10748	28.516100	28.337675	0.001	
842.268	36337	2162.51	1605.36	1.10748	28.516100	28.337675	0.001	
843.292	36383	2178.08	1617.34	1.10748	28.516100	28.337675	0.001	
844.315	36436	2163.5	1632.77	1.10748	28.516100	28.337675	0.001	
845.338	36484	2176.4	1646.5	1.10748	28.516100	28.337675	0.001	
846.36	36464	2160.83	1660.17	1.10748	28.516100	28.337675	0.001	
847.382	36512	2164.1	1673.85	1.10748	28.516100	28.337675	0.001	
848.404	36511	2169.26	1688.63	1.10748	28.516100	28.337675	0.001	
849.425	36534	2173.42	1702.15	1.10748	28.516100	28.337675	0.001	
850.445	36525	2167.37	1716.36	1.10748	28.516100	28.337675	0.001	
851.465	36591	2179.27	1731.96	1.10748	28.516100	28.337675	0.001	
852.484	36652	2163.31	1748.08	1.10748	28.516100	28.337675	0.001	
853.503	36699	2159.14	1764.18	1.10748	28.516100	28.337675	0.001	
854.522	36764	2155.87	1779.1	1.10748	28.516100	28.337675	0.001	
855.54	36848	2174.22	1795.23	1.10748	28.516100	28.337675	0.001	
856.557	36897	2173.92	1809.49	1.10748	28.516100	28.337675	0.001	
857.574	36981	2167.17	1824.87	1.10748	28.516100	28.337675	0.001	
858.591	37056	2162.91	1839.46	1.10748	28.516100	28.337675	0.001	
859.607	37115	2163.7	1854.61	1.10748	28.516100	28.337675	0.001	
860.622	37175	2170.45	1869.12	1.10748	28.516100	28.337675	0.001	
861.637	37257	2162.41	1885.08	1.10748	28.516100	28.337675	0.001	
862.652	37309	2162.91	1901.31	1.10748	28.516100	28.337675	0.001	
863.666	37415	2166.68	1916.42	1.10748	28.516100	28.337675	0.001	
864.679	37427	2154.38	1930.83	1.10748	28.516100	28.337675	0.001	
865.692	37475	2162.31	1944.55	1.10748	28.516100	28.337675	0.001	
866.705	37527	2150.31	1961.5	1.10748	28.516100	28.337675	0.001	
867.717	37548	2155.97	1976.17	1.10748	28.516100	28.337675	0.001	
868.728	37559	2161.62	1991.52	1.10748	28.516100	28.337675	0.001	
869.739	37596	2154.78	2007.81	1.10748	28.516100	28.337675	0.001	
870.75	37612	2173.92	2021.72	1.10748	28.516100	28.337675	0.001	
871.76	37641	2155.97	2038.7	1.10748	28.516100	28.337675	0.001	
872.769	37658	2154.38	2053.81	1.10748	28.516100	28.337675	0.001	
873.778	37670	2157.45	2070.78	1.10748	28.516100	28.337675	0.001	
874.786	37685	2157.75	2086.57	1.10748	28.516100	28.337675	0.001	
875.794	37704	2166.78	2102	1.10748	28.516100	28.337675	0.001	
876.802	37710	2182.05	2118.48	1.10748	28.516100	28.337675	0.001	
877.809	37704	2169.55	2135.65	1.10748	28.516100	28.337675	0.001	
878.815	37751	2175.41	2153.63	1.10748	28.516100	28.337675	0.001	
879.821	37749	2162.71	2171.94	1.10748	28.516100	28.337675	0.001	
880.826	37810	2173.72	2188.49	1.10748	28.516100	28.337675	0.001	
881.831	37802	2173.13	2204.62	1.10748	28.516100	28.337675	0.001	
882.835	37797	2166.48	2221.15	1.10748	28.516100	28.337675	0.001	
883.839	37763	2164.79	2236.96	1.10748	28.516100	28.337675	0.001	
884.842	37787	2160.93	2254.16	1.10748	28.516100	28.337675	0.001	
885.844	37826	2166.38	2270.75	1.10748	28.516100	28.337675	0.001	
886.847	37824	2168.56	2286.65	1.10748	28.516100	28.337675	0.001	
887.848	37811	2165.19	2305.27	1.10748	28.516100	28.337675	0.001	
888.849	37736	2160.43	2320.82	1.10748	28.516100	28.337675	0.001	
889.85	37693	2163.9	2338.1	1.10748	28.516100	28.337675	0.001	
890.85	37650	2155.97	2357.69	1.10748	28.516100	28.337675	0.001	
891.849	37585	2155.57	2374.49	1.10748	28.516100	28.337675	0.001	
892.848	37570	2163.7	2391.38	1.10748	28.516100	28.337675	0.001	
893.846	37526	2166.58	2403.82	1.10748	28.516100	28.337675	0.001	
894.844	37483	2149.22	2420.32	1.10748	28.516100	28.337675	0.001	
895.841	37466	2164.1	2438.12	1.10748	28.516100	28.337675	0.001	
896.838	37397	2155.47	2453.27	1.10748	28.516100	28.337675	0.001	
897.834	37360	2159.14	2470.33	1.10748	28.516100	28.337675	0.001	
898.83	37268	2143.57	2487.72	1.10748	28.516100	28.337675	0.001	
899.825	37196	2166.68	2503.75	1.10748	28.516100	28.337675	0.001	
900.819	37120	2145.85	2520.8	1.10748	28.516100	28.337675	0.001	
901.813	37095	2162.22	2537.86	1.10748	28.516100	28.337675	0.001	
902.807	37040	2167.47	2558.44	1.10748	28.516100	28.337675	0.001	
903.799	36989	2164	2575.76	1.10748	28.516100	28.337675	0.001	
904.792	36903	2159.74	2595.91	1.10748	28.516100	28.337675	0.001	
905.783	36843	2169.16	2611.57	1.10748	28.516100	28.337675	0.001	
906.775	36811	2162.41	2632.8	1.10748	28.516100	28.337675	0.001	
907.765	36766	2179.77	2650.72	1.10748	28.516100	28.337675	0.001	
908.755	36725	2167.08	2669.87	1.10748	28.516100	28.337675	0.001	
909.745	36685	2171.14	2688.49	1.10748	28.516100	28.337675	0.001	
910.733	36648	2155.07	2708.22	1.10748	28.516100	28.337675	0.001	
911.722	36593	2168.17	2725.84	1.10748	28.516100	28.337675	0.001	
912.71	36535	2164	2743.64	1.10748	28.516100	28.337675	0.001	
913.697	36494	2170.84	2761.06	1.10748	28.516100	28.337675	0.001	
914.683	36447	2158.74	2778	1.10748	28.516100	28.337675	0.001	
915.669	36376	2149.82	2797.02	1.10748	28.516100	28.337675	0.001	
916.655	36289	2162.91	2814.97	1.10748	28.516100	28.337675	0.001	
917.64	36212	2163.9	2832.48	1.10748	28.516100	28.337675	0.001	
918.624	36095	2155.97	2849.8	1.10748	28.516100	28.337675	0.001	
919.608	35978	2162.71	2866.07	1.10748	28.516100	28.337675	0.001	
920.591	35805	2158.84	2880.28	1.10748	28.516100	28.337675	0.001	
921.573	35695	2175.51	2899.16	1.10748	28.516100	28.337675	0.001	
922.555	35595	2147.64	2918.68	1.10748	28.516100	28.337675	0.001	
923.537	35425	2154.78	2935.8	1.10748	28.516100	28.337675	0.001	
924.517	35297	2167.47	2954.97	1.10748	28.516100	28.337675	0.001	
925.498	35115	2160.33	2971.55	1.10748	28.516100	28.337675	0.001	
926.477	34978	2168.56	2988.39	1.10748	28.516100	28.337675	0.001	
927.456	34810	2155.97	3008.45	1.10748	28.516100	28.337675	0.001	
928.435	34635	2170.05	3023.34	1.10748	28.516100	28.337675	0.001	
929.412	34478	2160.13	3044.32	1.10748	28.516100	28.337675	0.001	
930.39	34314	2168.36	3064.44	1.10748	28.516100	28.337675	0.001	
931.366	34175	2166.98	3084.4	1.10748	28.516100	28.337675	0.001	
932.342	33961	2158.25	3102.63	1.10748	28.516100	28.337675	0.001	
933.318	33833	2167.17	3125.88	1.10748	28.516100	28.337675	0.001	
934.293	33662	2166.38	3145.13	1.10748	28.516100	28.337675	0.001	
935.267	33478	2162.22	3167.43	1.10748	28.516100	28.337675	0.001	
936.24	33285	2144.07	3189.5	1.10748	28.516100	28.337675	0.001	
937.213	33078	2172.73	3205.5	1.10748	28.516100	28.337675	0.001	
938.186	32846	2157.95	3224.74	1.10748	28.516100	28.337675	0.001	
939.158	32669	2179.77	3241.01	1.10748	28.516100	28.337675	0.001	
940.129	32426	2157.16	3259.52	1.10748	28.516100	28.337675	0.001	
941.099	32219	2169.16	3277.99	1.10748	28.516100	28.337675	0.001	
942.069	32007	2165.69	3299.15	1.10748	28.516100	28.337675	0.001	
943.039	31825	2162.41	3321.35	1.10748	28.516100	28.337675	0.001	
944.007	31624	2149.12	3340.61	1.10748	28.516100	28.337675	0.001	
944.975	31418	2178.38	3353.79	1.10748	28.516100	28.337675	0.001	
945.943	31221	2173.22	3371.9	1.10748	28.516100	28.337675	0.001	
946.91	31043	2168.17	3390.17	1.10748	28.516100	28.337675	0.001	
947.876	30864	2152	3411.26	1.10748	28.516100	28.337675	0.001	
948.842	30698	2163.01	3429.08	1.10748	28.516100	28.337675	0.001	
949.807	30494	2169.36	3444.73	1.10748	28.516100	28.337675	0.001	
950.771	30311	2169.46	3462.89	1.10748	28.516100	28.337675	0.001	
951.735	30135	2156.26	3481.4	1.10748	28.516100	28.337675	0.001	
952.698	29971	2185.92	3498.67	1.10748	28.516100	28.337675	0.001	
953.66	29751	2160.23	3518.3	1.10748	28.516100	28.337675	0.001	
954.622	29571	2163.41	3538.33	1.10748	28.516100	28.337675	0.001	
955.584	29340	2163.9	3553.86	1.10748	28.516100	28.337675	0.001	
956.544	29140	2167.57	3573.94	1.10748	28.516100	28.337675	0.001	
957.504	28896	2156.66	3590.61	1.10748	28.516100	28.337675	0.001	
958.463	28692	2177.69	3608.13	1.10748	28.516100	28.337675	0.001	
959.422	28421	2157.06	3625.99	1.10748	28.516100	28.337675	0.001	
960.38	28185	2163.01	3644.53	1.10748	28.516100	28.337675	0.001	
961.338	27949	2168.76	3667.26	1.10748	28.516100	28.337675	0.001	
962.294	27699	2161.52	3688.99	1.10748	28.516100	28.337675	0.001	
963.25	27490	2151.01	3713.18	1.10748	28.516100	28.337675	0.001	
964.206	27248	2169.26	3731.74	1.10748	28.516100	28.337675	0.001	
965.161	27015	2160.03	3754.01	1.10748	28.516100	28.337675	0.001	
966.115	26785	2164.3	3778.53	1.10748	28.516100	28.337675	0.001	
