452.692	2207	2132.04	-1075.03	1.10748	28.516100	28.337675	0.001	
453.787	2248	2163.71	0.666314	1.10748	28.516100	28.337675	0.001	
454.882	2245	2153.88	3.01253	1.10748	28.516100	28.337675	0.001	
455.977	2235	2175.23	-216.185	1.10748	28.516100	28.337675	0.001	
457.072	2228	2140.58	1.27061	1.10748	28.516100	28.337675	0.001	
458.167	2254	2180.39	-62.4433	1.10748	28.516100	28.337675	0.001	
459.263	2233	2154.88	-2.11714	1.10748	28.516100	28.337675	0.001	
460.358	2260	2168.48	4.62346	1.10748	28.516100	28.337675	0.001	
461.453	2241	2160.04	-2.55242	1.10748	28.516100	28.337675	0.001	
462.549	2246	2158.55	3.58065	1.10748	28.516100	28.337675	0.001	
463.644	2226	2150.21	-35.5487	1.10748	28.516100	28.337675	0.001	
464.74	2258	2160.24	3.87337	1.10748	28.516100	28.337675	0.001	
465.835	2239	2161.33	-15.221	1.10748	28.516100	28.337675	0.001	
466.931	2246	2163.81	-1.39776	1.10748	28.516100	28.337675	0.001	
468.027	2254	2144.95	183.07	1.10748	28.516100	28.337675	0.001	
469.123	2266	2170.26	6.21267	1.10748	28.516100	28.337675	0.001	
470.219	2228	2145.35	-0.247391	1.10748	28.516100	28.337675	0.001	
471.315	2247	2156.96	4.42371	1.10748	28.516100	28.337675	0.001	
472.411	2231	2150.21	-2.11356	1.10748	28.516100	28.337675	0.001	
473.507	2246	2169.77	-6.74834	1.10748	28.516100	28.337675	0.001	
474.603	2242	2149.52	3.94322	1.10748	28.516100	28.337675	0.001	
475.699	2248	2158.65	-36.1267	1.10748	28.516100	28.337675	0.001	
476.795	2249	2161.43	2.21946	1.10748	28.516100	28.337675	0.001	
477.892	2262	2167.98	10.3244	1.10748	28.516100	28.337675	0.001	
478.988	2255	2161.63	5.13311	1.10748	28.516100	28.337675	0.001	
480.084	2257	2159.54	9.56841	1.10748	28.516100	28.337675	0.001	
481.181	2239	2162.72	-3.66251	1.10748	28.516100	28.337675	0.001	
482.277	2254	2168.28	4.10853	1.10748	28.516100	28.337675	0.001	
483.374	2242	2152.59	2.07262	1.10748	28.516100	28.337675	0.001	
484.47	2254	2161.43	25.126	1.10748	28.516100	28.337675	0.001	
485.567	2251	2157.26	4.94164	1.10748	28.516100	28.337675	0.001	
486.663	2255	2172.95	-0.61219	1.10748	28.516100	28.337675	0.001	
487.76	2250	2159.34	5.56032	1.10748	28.516100	28.337675	0.001	
488.857	2255	2172.25	-0.926152	1.10748	28.516100	28.337675	0.001	
489.954	2243	2152.1	2.75639	1.10748	28.516100	28.337675	0.001	
491.05	2248	2159.15	2.08984	1.10748	28.516100	28.337675	0.001	
492.147	2249	2152.89	5.36459	1.10748	28.516100	28.337675	0.001	
493.244	2266	2162.22	5.95975	1.10748	28.516100	28.337675	0.001	
494.341	2271	2163.22	6.33745	1.10748	28.516100	28.337675	0.001	
495.438	2252	2176.52	-2.59635	1.10748	28.516100	28.337675	0.001	
496.535	2245	2149.32	3.53443	1.10748	28.516100	28.337675	0.001	
497.632	2261	2161.23	3.73096	1.10748	28.516100	28.337675	0.001	
498.729	2272	2161.33	5.67023	1.10748	28.516100	28.337675	0.001	
499.825	2268	2161.23	4.29735	1.10748	28.516100	28.337675	0.001	
500.922	2268	2159.54	3.60266	1.10748	28.516100	28.337675	0.001	
502.019	2270	2165.8	3.41837	1.10748	28.516100	28.337675	0.001	
503.117	2280	2158.25	5.61001	1.10748	28.516100	28.337675	0.001	
504.214	2260	2154.38	3.13466	1.10748	28.516100	28.337675	0.001	
505.311	2260	2149.71	3.63936	1.10748	28.516100	28.337675	0.001	
506.408	2283	2162.92	4.72082	1.10748	28.516100	28.337675	0.001	
507.505	2304	2165.2	6.23715	1.10748	28.516100	28.337675	0.001	
508.602	2276	2153.19	4.81169	1.10748	28.516100	28.337675	0.001	
509.699	2296	2157.36	5.84611	1.10748	28.516100	28.337675	0.001	
510.796	2294	2155.97	5.74819	1.10748	28.516100	28.337675	0.001	
511.893	2304	2161.83	5.44906	1.10748	28.516100	28.337675	0.001	
512.99	2323	2176.02	5.55204	1.10748	28.516100	28.337675	0.001	
514.087	2308	2154.68	5.85903	1.10748	28.516100	28.337675	0.001	
515.184	2332	2163.51	7.09824	1.10748	28.516100	28.337675	0.001	
516.281	2324	2155.57	5.84313	1.10748	28.516100	28.337675	0.001	
517.378	2336	2165	6.40296	1.10748	28.516100	28.337675	0.001	
518.475	2337	2159.15	6.39585	1.10748	28.516100	28.337675	0.001	
519.573	2357	2164.51	7.43746	1.10748	28.516100	28.337675	0.001	
520.67	2352	2154.98	7.17059	1.10748	28.516100	28.337675	0.001	
521.767	2360	2165.5	6.8452	1.10748	28.516100	28.337675	0.001	
522.864	2366	2165.2	7.25016	1.10748	28.516100	28.337675	0.001	
523.961	2384	2172.05	7.63377	1.10748	28.516100	28.337675	0.001	
525.058	2366	2152.49	7.50469	1.10748	28.516100	28.337675	0.001	
526.155	2400	2174.83	7.74809	1.10748	28.516100	28.337675	0.001	
527.252	2399	2155.37	8.30416	1.10748	28.516100	28.337675	0.001	
528.348	2436	2172.15	9.27176	1.10748	28.516100	28.337675	0.001	
529.445	2416	2156.07	8.6291	1.10748	28.516100	28.337675	0.001	
530.542	2425	2148.03	9.25382	1.10748	28.516100	28.337675	0.001	
531.639	2444	2155.07	9.47444	1.10748	28.516100	28.337675	0.001	
532.736	2482	2174.14	10.1552	1.10748	28.516100	28.337675	0.001	
533.833	2475	2159.05	10.2256	1.10748	28.516100	28.337675	0.001	
534.929	2501	2166.39	10.6322	1.10748	28.516100	28.337675	0.001	
536.026	2483	2139.98	10.8005	1.10748	28.516100	28.337675	0.001	
537.123	2520	2164.9	10.92	1.10748	28.516100	28.337675	0.001	
538.22	2525	2148.92	11.5457	1.10748	28.516100	28.337675	0.001	
539.316	2552	2166.69	11.5634	1.10748	28.516100	28.337675	0.001	
540.413	2563	2161.23	11.9465	1.10748	28.516100	28.337675	0.001	
541.509	2596	2158.75	12.8355	1.10748	28.516100	28.337675	0.001	
542.606	2607	2144.75	13.3964	1.10748	28.516100	28.337675	0.001	
543.702	2628	2165.8	12.9389	1.10748	28.516100	28.337675	0.001	
544.799	2637	2143.26	13.8114	1.10748	28.516100	28.337675	0.001	
545.895	2691	2162.22	14.6246	1.10748	28.516100	28.337675	0.001	
546.991	2687	2153.98	14.4913	1.10748	28.516100	28.337675	0.001	
548.088	2716	2164.51	14.7849	1.10748	28.516100	28.337675	0.001	
549.184	2731	2150.61	15.4051	1.10748	28.516100	28.337675	0.001	
550.28	2762	2152.2	15.8976	1.10748	28.516100	28.337675	0.001	
551.376	2787	2148.52	16.4718	1.10748	28.516100	28.337675	0.001	
552.472	2834	2165.4	16.9466	1.10748	28.516100	28.337675	0.001	
553.568	2837	2156.66	16.9424	1.10748	28.516100	28.337675	0.001	
554.664	2890	2168.97	17.8192	1.10748	28.516100	28.337675	0.001	
555.76	2904	2157.46	18.2129	1.10748	28.516100	28.337675	0.001	
556.856	2953	2166.79	19.0162	1.10748	28.516100	28.337675	0.001	
557.952	2961	2153.88	19.3349	1.10748	28.516100	28.337675	0.001	
559.047	3025	2172.05	20.1841	1.10748	28.516100	28.337675	0.001	
560.143	3029	2154.28	20.4676	1.10748	28.516100	28.337675	0.001	
561.239	3061	2139.98	21.5004	1.10748	28.516100	28.337675	0.001	
562.334	3086	2146.44	21.7288	1.10748	28.516100	28.337675	0.001	
563.43	3133	2157.26	22.2942	1.10748	28.516100	28.337675	0.001	
564.525	3157	2160.34	22.5118	1.10748	28.516100	28.337675	0.001	
565.62	3200	2162.32	23.4296	1.10748	28.516100	28.337675	0.001	
566.715	3228	2145.05	24.2323	1.10748	28.516100	28.337675	0.001	
567.811	3281	2170.17	24.8047	1.10748	28.516100	28.337675	0.001	
568.906	3312	2145.84	25.8721	1.10748	28.516100	28.337675	0.001	
570.001	3339	2162.92	25.9081	1.10748	28.516100	28.337675	0.001	
571.095	3361	2137.7	26.9373	1.10748	28.516100	28.337675	0.001	
572.19	3409	2158.25	27.5081	1.10748	28.516100	28.337675	0.001	
573.285	3445	2145.44	28.5258	1.10748	28.516100	28.337675	0.001	
574.38	3480	2162.42	28.7828	1.10748	28.516100	28.337675	0.001	
575.474	3531	2141.47	30.3646	1.10748	28.516100	28.337675	0.001	
576.569	3546	2147.53	30.4801	1.10748	28.516100	28.337675	0.001	
577.663	3589	2145.05	31.4721	1.10748	28.516100	28.337675	0.001	
578.757	3636	2150.11	32.4355	1.10748	28.516100	28.337675	0.001	
579.851	3648	2146.44	32.6719	1.10748	28.516100	28.337675	0.001	
580.945	3710	2169.67	33.588	1.10748	28.516100	28.337675	0.001	
582.039	3742	2141.77	34.9751	1.10748	28.516100	28.337675	0.001	
583.133	3773	2152.2	35.5376	1.10748	28.516100	28.337675	0.001	
584.227	3791	2134.13	36.5428	1.10748	28.516100	28.337675	0.001	
585.321	3836	2148.72	37.2549	1.10748	28.516100	28.337675	0.001	
586.414	3871	2145.35	38.31	1.10748	28.516100	28.337675	0.001	
587.508	3912	2160.73	39.0659	1.10748	28.516100	28.337675	0.001	
588.601	3940	2149.42	40.1484	1.10748	28.516100	28.337675	0.001	
589.694	3983	2145.35	41.4192	1.10748	28.516100	28.337675	0.001	
590.787	4008	2145.44	42.3453	1.10748	28.516100	28.337675	0.001	
591.881	4057	2157.66	43.2182	1.10748	28.516100	28.337675	0.001	
592.973	4090	2147.63	44.4578	1.10748	28.516100	28.337675	0.001	
594.066	4121	2149.32	45.3368	1.10748	28.516100	28.337675	0.001	
595.159	4149	2158.75	46.0257	1.10748	28.516100	28.337675	0.001	
596.251	4189	2156.86	47.2989	1.10748	28.516100	28.337675	0.001	
597.344	4228	2157.16	48.3955	1.10748	28.516100	28.337675	0.001	
598.436	4282	2166.99	49.6967	1.10748	28.516100	28.337675	0.001	
599.528	4312	2151.7	51.06	1.10748	28.516100	28.337675	0.001	
600.621	4357	2155.77	52.0885	1.10748	28.516100	28.337675	0.001	
601.713	4392	2159.05	52.993	1.10748	28.516100	28.337675	0.001	
602.804	4436	2154.18	54.2272	1.10748	28.516100	28.337675	0.001	
603.896	4470	2150.81	55.4822	1.10748	28.516100	28.337675	0.001	
604.988	4529	2153.39	56.8845	1.10748	28.516100	28.337675	0.001	
606.079	4577	2156.07	58.0918	1.10748	28.516100	28.337675	0.001	
607.17	4638	2162.22	59.5034	1.10748	28.516100	28.337675	0.001	
608.262	4676	2144.15	61.1007	1.10748	28.516100	28.337675	0.001	
609.353	4747	2155.17	62.4412	1.10748	28.516100	28.337675	0.001	
610.443	4800	2154.48	63.7614	1.10748	28.516100	28.337675	0.001	
611.534	4856	2163.02	64.9153	1.10748	28.516100	28.337675	0.001	
612.625	4905	2150.31	66.4162	1.10748	28.516100	28.337675	0.001	
613.715	4963	2156.76	67.604	1.10748	28.516100	28.337675	0.001	
614.806	5035	2162.32	69.0603	1.10748	28.516100	28.337675	0.001	
615.896	5113	2172.45	70.8074	1.10748	28.516100	28.337675	0.001	
616.986	5159	2158.45	72.0857	1.10748	28.516100	28.337675	0.001	
618.076	5250	2161.33	74.3298	1.10748	28.516100	28.337675	0.001	
619.165	5310	2164.51	75.4288	1.10748	28.516100	28.337675	0.001	
620.255	5404	2171.65	77.4088	1.10748	28.516100	28.337675	0.001	
621.344	5448	2153.98	78.6263	1.10748	28.516100	28.337675	0.001	
622.434	5529	2157.56	80.366	1.10748	28.516100	28.337675	0.001	
623.523	5604	2156.37	82.0573	1.10748	28.516100	28.337675	0.001	
624.612	5691	2161.13	83.941	1.10748	28.516100	28.337675	0.001	
625.701	5759	2153.39	85.5333	1.10748	28.516100	28.337675	0.001	
626.789	5857	2164.61	87.4704	1.10748	28.516100	28.337675	0.001	
627.878	5927	2155.67	89.1987	1.10748	28.516100	28.337675	0.001	
628.966	6021	2161.83	91.0803	1.10748	28.516100	28.337675	0.001	
630.054	6092	2155.97	93.0133	1.10748	28.516100	28.337675	0.001	
631.142	6196	2161.23	94.9478	1.10748	28.516100	28.337675	0.001	
632.23	6287	2160.24	96.8263	1.10748	28.516100	28.337675	0.001	
633.318	6371	2163.12	98.5146	1.10748	28.516100	28.337675	0.001	
634.405	6458	2157.26	100.643	1.10748	28.516100	28.337675	0.001	
635.492	6561	2162.22	102.785	1.10748	28.516100	28.337675	0.001	
636.579	6659	2158.35	104.869	1.10748	28.516100	28.337675	0.001	
637.666	6758	2154.28	107.169	1.10748	28.516100	28.337675	0.001	
638.753	6827	2160.14	108.339	1.10748	28.516100	28.337675	0.001	
639.84	6944	2165	110.822	1.10748	28.516100	28.337675	0.001	
640.926	7043	2157.06	113.324	1.10748	28.516100	28.337675	0.001	
642.012	7156	2164.11	115.549	1.10748	28.516100	28.337675	0.001	
643.098	7255	2160.04	117.641	1.10748	28.516100	28.337675	0.001	
644.184	7378	2167.98	120.034	1.10748	28.516100	28.337675	0.001	
645.27	7477	2160.73	122.373	1.10748	28.516100	28.337675	0.001	
646.355	7604	2179.89	124.561	1.10748	28.516100	28.337675	0.001	
647.441	7699	2164.11	126.877	1.10748	28.516100	28.337675	0.001	
648.526	7805	2163.32	128.832	1.10748	28.516100	28.337675	0.001	
649.611	7906	2154.08	131.527	1.10748	28.516100	28.337675	0.001	
650.695	8032	2171.36	133.764	1.10748	28.516100	28.337675	0.001	
651.78	8146	2158.65	136.404	1.10748	28.516100	28.337675	0.001	
652.864	8275	2171.75	138.778	1.10748	28.516100	28.337675	0.001	
653.948	8421	2160.34	142.359	1.10748	28.516100	28.337675	0.001	
655.032	8539	2159.84	144.735	1.10748	28.516100	28.337675	0.001	
656.116	8649	2162.92	146.771	1.10748	28.516100	28.337675	0.001	
657.199	8772	2166.39	149.199	1.10748	28.516100	28.337675	0.001	
658.283	8905	2153.88	152.339	1.10748	28.516100	28.337675	0.001	
659.366	9054	2172.95	154.807	1.10748	28.516100	28.337675	0.001	
660.448	9178	2157.95	157.797	1.10748	28.516100	28.337675	0.001	
661.531	9329	2156.07	160.779	1.10748	28.516100	28.337675	0.001	
662.614	9444	2159.15	163.22	1.10748	28.516100	28.337675	0.001	
663.696	9614	2177.51	166.136	1.10748	28.516100	28.337675	0.001	
664.778	9734	2162.22	168.739	1.10748	28.516100	28.337675	0.001	
665.86	9879	2163.51	171.99	1.10748	28.516100	28.337675	0.001	
666.941	10030	2146.14	175.185	1.10748	28.516100	28.337675	0.001	
668.023	10181	2161.33	177.991	1.10748	28.516100	28.337675	0.001	
669.104	10350	2164.61	181.13	1.10748	28.516100	28.337675	0.001	
670.185	10505	2164.31	184.436	1.10748	28.516100	28.337675	0.001	
671.265	10652	2154.18	187.447	1.10748	28.516100	28.337675	0.001	
672.346	10832	2158.65	191.107	1.10748	28.516100	28.337675	0.001	
673.426	10980	2153.98	194.405	1.10748	28.516100	28.337675	0.001	
674.506	11152	2176.92	197.056	1.10748	28.516100	28.337675	0.001	
675.586	11307	2148.32	200.929	1.10748	28.516100	28.337675	0.001	
676.665	11479	2178.31	203.474	1.10748	28.516100	28.337675	0.001	
677.745	11652	2157.46	207.171	1.10748	28.516100	28.337675	0.001	
678.824	11840	2169.17	210.586	1.10748	28.516100	28.337675	0.001	
679.903	12026	2159.64	214.377	1.10748	28.516100	28.337675	0.001	
680.981	12220	2177.51	217.62	1.10748	28.516100	28.337675	0.001	
682.059	12401	2152.39	221.789	1.10748	28.516100	28.337675	0.001	
683.138	12594	2172.25	224.82	1.10748	28.516100	28.337675	0.001	
684.215	12803	2175.73	228.673	1.10748	28.516100	28.337675	0.001	
685.293	13005	2175.53	232.517	1.10748	28.516100	28.337675	0.001	
686.37	13186	2162.02	236.311	1.10748	28.516100	28.337675	0.001	
687.448	13407	2172.75	240.094	1.10748	28.516100	28.337675	0.001	
688.524	13635	2172.05	244.045	1.10748	28.516100	28.337675	0.001	
689.601	13836	2163.71	247.787	1.10748	28.516100	28.337675	0.001	
690.678	14057	2156.27	251.932	1.10748	28.516100	28.337675	0.001	
691.754	14285	2162.72	255.636	1.10748	28.516100	28.337675	0.001	
692.83	14509	2170.26	259.343	1.10748	28.516100	28.337675	0.001	
693.905	14758	2161.53	264.048	1.10748	28.516100	28.337675	0.001	
694.98	14956	2145.25	267.807	1.10748	28.516100	28.337675	0.001	
696.056	15216	2163.91	271.992	1.10748	28.516100	28.337675	0.001	
697.13	15446	2158.85	275.699	1.10748	28.516100	28.337675	0.001	
698.205	15725	2170.66	280.609	1.10748	28.516100	28.337675	0.001	
699.279	15961	2155.87	284.833	1.10748	28.516100	28.337675	0.001	
700.353	16227	2169.57	289.387	1.10748	28.516100	28.337675	0.001	
701.427	16490	2163.22	293.619	1.10748	28.516100	28.337675	0.001	
702.501	16783	2156.46	298.603	1.10748	28.516100	28.337675	0.001	
703.574	17024	2165.2	302.458	1.10748	28.516100	28.337675	0.001	
704.647	17339	2178.01	307.384	1.10748	28.516100	28.337675	0.001	
705.719	17617	2157.36	312.067	1.10748	28.516100	28.337675	0.001	
706.792	17911	2162.82	316.498	1.10748	28.516100	28.337675	0.001	
707.864	18192	2169.57	320.879	1.10748	28.516100	28.337675	0.001	
708.936	18492	2169.97	325.752	1.10748	28.516100	28.337675	0.001	
710.007	18794	2168.48	330.743	1.10748	28.516100	28.337675	0.001	
711.079	19063	2166.39	335.325	1.10748	28.516100	28.337675	0.001	
712.15	19381	2166	340.618	1.10748	28.516100	28.337675	0.001	
713.221	19683	2163.71	345.605	1.10748	28.516100	28.337675	0.001	
714.291	19979	2163.41	350.147	1.10748	28.516100	28.337675	0.001	
715.361	20305	2173.64	355.538	1.10748	28.516100	28.337675	0.001	
716.431	20612	2157.36	360.699	1.10748	28.516100	28.337675	0.001	
717.501	20949	2168.18	366.038	1.10748	28.516100	28.337675	0.001	
718.57	21244	2171.46	371.051	1.10748	28.516100	28.337675	0.001	
719.639	21580	2178.11	376.274	1.10748	28.516100	28.337675	0.001	
720.707	21879	2158.45	382.041	1.10748	28.516100	28.337675	0.001	
721.776	22221	2167.68	387.442	1.10748	28.516100	28.337675	0.001	
722.844	22527	2169.67	392.646	1.10748	28.516100	28.337675	0.001	
723.912	22835	2181.48	397.683	1.10748	28.516100	28.337675	0.001	
724.979	23150	2166.39	403.837	1.10748	28.516100	28.337675	0.001	
726.046	23422	2176.62	408.318	1.10748	28.516100	28.337675	0.001	
727.113	23711	2175.82	413.921	1.10748	28.516100	28.337675	0.001	
728.18	24000	2178.11	420.462	1.10748	28.516100	28.337675	0.001	
729.246	24223	2158.35	425.478	1.10748	28.516100	28.337675	0.001	
730.312	24495	2167.68	431.893	1.10748	28.516100	28.337675	0.001	
731.378	24750	2156.37	437.909	1.10748	28.516100	28.337675	0.001	
732.443	25043	2170.17	444.764	1.10748	28.516100	28.337675	0.001	
733.508	25207	2160.34	449.378	1.10748	28.516100	28.337675	0.001	
734.573	25498	2175.23	456.215	1.10748	28.516100	28.337675	0.001	
735.637	25703	2170.56	462.239	1.10748	28.516100	28.337675	0.001	
736.701	25927	2180.49	468.708	1.10748	28.516100	28.337675	0.001	
737.765	26120	2165.8	474.675	1.10748	28.516100	28.337675	0.001	
738.829	26314	2175.03	480.704	1.10748	28.516100	28.337675	0.001	
739.892	26500	2171.16	487.266	1.10748	28.516100	28.337675	0.001	
740.955	26666	2178.31	493.222	1.10748	28.516100	28.337675	0.001	
742.017	26812	2156.86	499.578	1.10748	28.516100	28.337675	0.001	
743.079	26979	2171.26	505.955	1.10748	28.516100	28.337675	0.001	
744.141	27096	2167.19	512.122	1.10748	28.516100	28.337675	0.001	
745.202	27243	2174.83	518.992	1.10748	28.516100	28.337675	0.001	
746.264	27368	2163.12	525.693	1.10748	28.516100	28.337675	0.001	
747.324	27530	2177.41	532.47	1.10748	28.516100	28.337675	0.001	
748.385	27671	2168.48	539.515	1.10748	28.516100	28.337675	0.001	
749.445	27811	2159.54	547.278	1.10748	28.516100	28.337675	0.001	
750.505	27934	2176.92	553.511	1.10748	28.516100	28.337675	0.001	
751.564	28080	2174.34	561.151	1.10748	28.516100	28.337675	0.001	
752.623	28211	2163.32	568.171	1.10748	28.516100	28.337675	0.001	
753.682	28359	2170.96	575.896	1.10748	28.516100	28.337675	0.001	
754.741	28482	2169.17	582.833	1.10748	28.516100	28.337675	0.001	
755.799	28595	2170.86	589.764	1.10748	28.516100	28.337675	0.001	
756.857	28754	2164.7	596.925	1.10748	28.516100	28.337675	0.001	
757.914	28908	2169.57	604.586	1.10748	28.516100	28.337675	0.001	
758.971	29035	2174.73	611.324	1.10748	28.516100	28.337675	0.001	
760.028	29180	2164.9	619.087	1.10748	28.516100	28.337675	0.001	
761.084	29289	2176.52	625.71	1.10748	28.516100	28.337675	0.001	
762.14	29415	2163.32	633.549	1.10748	28.516100	28.337675	0.001	
763.196	29514	2175.92	641.534	1.10748	28.516100	28.337675	0.001	
764.251	29602	2162.72	648.852	1.10748	28.516100	28.337675	0.001	
765.306	29735	2171.16	656.953	1.10748	28.516100	28.337675	0.001	
766.36	29867	2172.15	665.376	1.10748	28.516100	28.337675	0.001	
767.415	29967	2159.34	672.921	1.10748	28.516100	28.337675	0.001	
768.468	30081	2173.54	680.91	1.10748	28.516100	28.337675	0.001	
769.522	30221	2154.98	689.424	1.10748	28.516100	28.337675	0.001	
770.575	30372	2168.48	698.092	1.10748	28.516100	28.337675	0.001	
771.628	30471	2166.09	705.953	1.10748	28.516100	28.337675	0.001	
772.68	30602	2180.59	714.352	1.10748	28.516100	28.337675	0.001	
773.732	30692	2158.35	722.761	1.10748	28.516100	28.337675	0.001	
774.784	30817	2174.93	730.932	1.10748	28.516100	28.337675	0.001	
775.835	30935	2168.87	739.996	1.10748	28.516100	28.337675	0.001	
776.886	31031	2172.45	748.14	1.10748	28.516100	28.337675	0.001	
777.936	31138	2168.58	756.097	1.10748	28.516100	28.337675	0.001	
778.986	31278	2179.99	764.176	1.10748	28.516100	28.337675	0.001	
780.036	31359	2159.84	772.559	1.10748	28.516100	28.337675	0.001	
781.086	31391	2159.84	780.768	1.10748	28.516100	28.337675	0.001	
782.135	31455	2159.54	789.8	1.10748	28.516100	28.337675	0.001	
783.183	31515	2175.53	798.943	1.10748	28.516100	28.337675	0.001	
784.231	31562	2157.66	808.428	1.10748	28.516100	28.337675	0.001	
785.279	31574	2171.85	817.702	1.10748	28.516100	28.337675	0.001	
786.327	31624	2152.79	826.475	1.10748	28.516100	28.337675	0.001	
787.374	31663	2169.17	835.543	1.10748	28.516100	28.337675	0.001	
788.42	31718	2161.23	845.945	1.10748	28.516100	28.337675	0.001	
789.466	31778	2167.39	856.003	1.10748	28.516100	28.337675	0.001	
790.512	31769	2166.49	864.842	1.10748	28.516100	28.337675	0.001	
791.558	31829	2167.88	874.141	1.10748	28.516100	28.337675	0.001	
792.603	31806	2170.17	883.15	1.10748	28.516100	28.337675	0.001	
793.648	31879	2170.26	892.967	1.10748	28.516100	28.337675	0.001	
794.692	31907	2171.06	903.304	1.10748	28.516100	28.337675	0.001	
795.736	31919	2165	913.16	1.10748	28.516100	28.337675	0.001	
796.779	31965	2164.01	922.181	1.10748	28.516100	28.337675	0.001	
797.822	31946	2185.06	931.207	1.10748	28.516100	28.337675	0.001	
798.865	31958	2168.58	941.454	1.10748	28.516100	28.337675	0.001	
799.907	31962	2154.88	951.52	1.10748	28.516100	28.337675	0.001	
800.949	31951	2164.21	960.966	1.10748	28.516100	28.337675	0.001	
801.99	31929	2169.47	969.871	1.10748	28.516100	28.337675	0.001	
803.031	31871	2155.57	979.515	1.10748	28.516100	28.337675	0.001	
804.072	31897	2174.83	990.595	1.10748	28.516100	28.337675	0.001	
805.112	31869	2164.51	1001.33	1.10748	28.516100	28.337675	0.001	
806.152	31873	2175.13	1011.11	1.10748	28.516100	28.337675	0.001	
807.191	31852	2177.02	1021.62	1.10748	28.516100	28.337675	0.001	
808.23	31857	2168.18	1032.85	1.10748	28.516100	28.337675	0.001	
809.268	31877	2156.07	1044.56	1.10748	28.516100	28.337675	0.001	
810.307	31913	2158.15	1055.91	1.10748	28.516100	28.337675	0.001	
811.344	31921	2159.94	1065.61	1.10748	28.516100	28.337675	0.001	
812.381	31948	2174.73	1076.76	1.10748	28.516100	28.337675	0.001	
813.418	31976	2164.61	1087.94	1.10748	28.516100	28.337675	0.001	
814.454	31985	2173.34	1098.69	1.10748	28.516100	28.337675	0.001	
815.49	31967	2163.22	1109.09	1.10748	28.516100	28.337675	0.001	
816.526	32029	2168.68	1121.18	1.10748	28.516100	28.337675	0.001	
817.561	31984	2165.8	1130.66	1.10748	28.516100	28.337675	0.001	
818.596	32018	2175.23	1142.32	1.10748	28.516100	28.337675	0.001	
819.63	32017	2165.5	1153.48	1.10748	28.516100	28.337675	0.001	
820.664	32064	2178.01	1164	1.10748	28.516100	28.337675	0.001	
821.697	32035	2173.04	1174.65	1.10748	28.516100	28.337675	0.001	
822.73	32065	2181.48	1186.18	1.10748	28.516100	28.337675	0.001	
823.762	32035	2177.81	1196.58	1.10748	28.516100	28.337675	0.001	
824.794	32034	2177.02	1208.53	1.10748	28.516100	28.337675	0.001	
825.826	32022	2167.98	1220.16	1.10748	28.516100	28.337675	0.001	
826.857	31986	2182.48	1232.06	1.10748	28.516100	28.337675	0.001	
827.887	32021	2167.98	1244.28	1.10748	28.516100	28.337675	0.001	
828.918	32018	2180.69	1255.58	1.10748	28.516100	28.337675	0.001	
829.947	32005	2169.07	1268.16	1.10748	28.516100	28.337675	0.001	
830.977	32070	2170.36	1281.76	1.10748	28.516100	28.337675	0.001	
832.005	32073	2170.17	1292.97	1.10748	28.516100	28.337675	0.001	
833.034	32111	2171.65	1305.76	1.10748	28.516100	28.337675	0.001	
834.062	32089	2176.32	1317.5	1.10748	28.516100	28.337675	0.001	
835.089	32095	2165.4	1330.08	1.10748	28.516100	28.337675	0.001	
836.116	32148	2168.08	1342.23	1.10748	28.516100	28.337675	0.001	
837.143	32211	2173.54	1354.25	1.10748	28.516100	28.337675	0.001	
838.169	32269	2175.13	1366.57	1.10748	28.516100	28.337675	0.001	
839.194	32315	2168.38	1378.9	1.10748	28.516100	28.337675	0.001	
840.22	32349	2161.13	1392.29	1.10748	28.516100	28.337675	0.001	
841.244	32424	2168.38	1404.68	1.10748	28.516100	28.337675	0.001	
842.268	32459	2164.7	1417.86	1.10748	28.516100	28.337675	0.001	
843.292	32510	2180.29	1428.86	1.10748	28.516100	28.337675	0.001	
844.315	32536	2165.7	1441.53	1.10748	28.516100	28.337675	0.001	
845.338	32589	2178.6	1454.1	1.10748	28.516100	28.337675	0.001	
846.36	32604	2163.02	1467.89	1.10748	28.516100	28.337675	0.001	
847.382	32639	2166.29	1479.58	1.10748	28.516100	28.337675	0.001	
848.404	32616	2171.46	1491.5	1.10748	28.516100	28.337675	0.001	
849.425	32663	2175.63	1504.76	1.10748	28.516100	28.337675	0.001	
850.445	32657	2169.57	1517.46	1.10748	28.516100	28.337675	0.001	
851.465	32722	2181.48	1531.51	1.10748	28.516100	28.337675	0.001	
852.484	32803	2165.5	1547.25	1.10748	28.516100	28.337675	0.001	
853.503	32842	2161.33	1561.38	1.10748	28.516100	28.337675	0.001	
854.522	32880	2158.05	1573.55	1.10748	28.516100	28.337675	0.001	
855.54	32941	2176.42	1586.98	1.10748	28.516100	28.337675	0.001	
856.557	33013	2176.12	1601.11	1.10748	28.516100	28.337675	0.001	
857.574	33099	2169.37	1615.37	1.10748	28.516100	28.337675	0.001	
858.591	33166	2165.1	1628.32	1.10748	28.516100	28.337675	0.001	
859.607	33222	2165.9	1641.91	1.10748	28.516100	28.337675	0.001	
860.622	33267	2172.65	1654.26	1.10748	28.516100	28.337675	0.001	
861.637	33336	2164.61	1668.21	1.10748	28.516100	28.337675	0.001	
862.652	33394	2165.1	1683.22	1.10748	28.516100	28.337675	0.001	
863.666	33489	2168.87	1696.61	1.10748	28.516100	28.337675	0.001	
864.679	33510	2156.56	1710.03	1.10748	28.516100	28.337675	0.001	
865.692	33558	2164.51	1722.42	1.10748	28.516100	28.337675	0.001	
866.705	33626	2152.49	1738.75	1.10748	28.516100	28.337675	0.001	
867.717	33657	2158.15	1752.42	1.10748	28.516100	28.337675	0.001	
868.728	33668	2163.81	1766.06	1.10748	28.516100	28.337675	0.001	
869.739	33683	2156.96	1779.51	1.10748	28.516100	28.337675	0.001	
870.75	33703	2176.12	1792.05	1.10748	28.516100	28.337675	0.001	
871.76	33735	2158.15	1807.58	1.10748	28.516100	28.337675	0.001	
872.769	33741	2156.56	1820.45	1.10748	28.516100	28.337675	0.001	
873.778	33754	2159.64	1835.6	1.10748	28.516100	28.337675	0.001	
874.786	33779	2159.94	1850.3	1.10748	28.516100	28.337675	0.001	
875.794	33829	2168.97	1865.93	1.10748	28.516100	28.337675	0.001	
876.802	33827	2184.26	1880	1.10748	28.516100	28.337675	0.001	
877.809	33838	2171.75	1896.33	1.10748	28.516100	28.337675	0.001	
878.815	33857	2177.61	1910.83	1.10748	28.516100	28.337675	0.001	
879.821	33868	2164.9	1927.96	1.10748	28.516100	28.337675	0.001	
880.826	33942	2175.92	1943.81	1.10748	28.516100	28.337675	0.001	
881.831	33926	2175.33	1957.58	1.10748	28.516100	28.337675	0.001	
882.835	33913	2168.68	1971.76	1.10748	28.516100	28.337675	0.001	
883.839	33902	2166.99	1987.05	1.10748	28.516100	28.337675	0.001	
884.842	33913	2163.12	2001.68	1.10748	28.516100	28.337675	0.001	
885.844	33973	2168.58	2018.02	1.10748	28.516100	28.337675	0.001	
886.847	33956	2170.76	2031.13	1.10748	28.516100	28.337675	0.001	
887.848	33939	2167.39	2047.34	1.10748	28.516100	28.337675	0.001	
888.849	33891	2162.62	2062.45	1.10748	28.516100	28.337675	0.001	
889.85	33836	2166.09	2076.66	1.10748	28.516100	28.337675	0.001	
890.85	33803	2158.15	2094.5	1.10748	28.516100	28.337675	0.001	
891.849	33760	2157.76	2110.46	1.10748	28.516100	28.337675	0.001	
892.848	33742	2165.9	2125.09	1.10748	28.516100	28.337675	0.001	
893.846	33721	2168.78	2137.41	1.10748	28.516100	28.337675	0.001	
894.844	33683	2151.4	2152.24	1.10748	28.516100	28.337675	0.001	
895.841	33684	2166.29	2169.1	1.10748	28.516100	28.337675	0.001	
896.838	33634	2157.66	2183.48	1.10748	28.516100	28.337675	0.001	
897.834	33596	2161.33	2198.28	1.10748	28.516100	28.337675	0.001	
898.83	33525	2145.74	2214.7	1.10748	28.516100	28.337675	0.001	
899.825	33476	2168.87	2229.93	1.10748	28.516100	28.337675	0.001	
900.819	33389	2148.03	2243.88	1.10748	28.516100	28.337675	0.001	
901.813	33376	2164.41	2259.63	1.10748	28.516100	28.337675	0.001	
902.807	33323	2169.67	2277.63	1.10748	28.516100	28.337675	0.001	
903.799	33282	2166.19	2293.43	1.10748	28.516100	28.337675	0.001	
904.792	33196	2161.93	2310.71	1.10748	28.516100	28.337675	0.001	
905.783	33178	2171.36	2327.33	1.10748	28.516100	28.337675	0.001	
906.775	33123	2164.61	2344.26	1.10748	28.516100	28.337675	0.001	
907.765	33106	2181.98	2361.9	1.10748	28.516100	28.337675	0.001	
908.755	33066	2169.27	2378.81	1.10748	28.516100	28.337675	0.001	
909.745	33022	2173.34	2394.71	1.10748	28.516100	28.337675	0.001	
910.733	33005	2157.26	2413.73	1.10748	28.516100	28.337675	0.001	
911.722	32957	2170.36	2429.41	1.10748	28.516100	28.337675	0.001	
912.71	32910	2166.19	2445.72	1.10748	28.516100	28.337675	0.001	
913.697	32876	2173.04	2461.42	1.10748	28.516100	28.337675	0.001	
914.683	32828	2160.93	2476.14	1.10748	28.516100	28.337675	0.001	
915.669	32772	2152	2493.81	1.10748	28.516100	28.337675	0.001	
916.655	32699	2165.1	2510.12	1.10748	28.516100	28.337675	0.001	
917.64	32618	2166.09	2524.7	1.10748	28.516100	28.337675	0.001	
918.624	32515	2158.15	2540.37	1.10748	28.516100	28.337675	0.001	
919.608	32444	2164.9	2557.75	1.10748	28.516100	28.337675	0.001	
920.591	32315	2161.03	2572.77	1.10748	28.516100	28.337675	0.001	
921.573	32211	2177.71	2589.02	1.10748	28.516100	28.337675	0.001	
922.555	32117	2149.81	2606.33	1.10748	28.516100	28.337675	0.001	
923.537	31980	2156.96	2622.97	1.10748	28.516100	28.337675	0.001	
924.517	31844	2169.67	2638.04	1.10748	28.516100	28.337675	0.001	
925.498	31722	2162.52	2656.73	1.10748	28.516100	28.337675	0.001	
926.477	31569	2170.76	2668.92	1.10748	28.516100	28.337675	0.001	
927.456	31420	2158.15	2687.14	1.10748	28.516100	28.337675	0.001	
928.435	31283	2172.25	2702.21	1.10748	28.516100	28.337675	0.001	
929.412	31151	2162.32	2721.94	1.10748	28.516100	28.337675	0.001	
930.39	30974	2170.56	2736.96	1.10748	28.516100	28.337675	0.001	
931.366	30855	2169.17	2755.38	1.10748	28.516100	28.337675	0.001	
932.342	30688	2160.44	2774.28	1.10748	28.516100	28.337675	0.001	
933.318	30549	2169.37	2792.56	1.10748	28.516100	28.337675	0.001	
934.293	30412	2168.58	2811.46	1.10748	28.516100	28.337675	0.001	
935.267	30249	2164.41	2831.69	1.10748	28.516100	28.337675	0.001	
936.24	30092	2146.24	2853.36	1.10748	28.516100	28.337675	0.001	
937.213	29891	2174.93	2865.78	1.10748	28.516100	28.337675	0.001	
938.186	29690	2160.14	2883.97	1.10748	28.516100	28.337675	0.001	
939.158	29542	2181.98	2899.49	1.10748	28.516100	28.337675	0.001	
940.129	29318	2159.34	2915.72	1.10748	28.516100	28.337675	0.001	
941.099	29145	2171.36	2933.58	1.10748	28.516100	28.337675	0.001	
942.069	28946	2167.88	2951.63	1.10748	28.516100	28.337675	0.001	
943.039	28777	2164.61	2970.94	1.10748	28.516100	28.337675	0.001	
944.007	28605	2151.3	2989.35	1.10748	28.516100	28.337675	0.001	
944.975	28441	2180.59	3003.29	1.10748	28.516100	28.337675	0.001	
945.943	28244	2175.43	3017.25	1.10748	28.516100	28.337675	0.001	
946.91	28121	2170.36	3038.13	1.10748	28.516100	28.337675	0.001	
947.876	27934	2154.18	3054.12	1.10748	28.516100	28.337675	0.001	
948.842	27804	2165.2	3072.32	1.10748	28.516100	28.337675	0.001	
949.807	27642	2171.56	3088.96	1.10748	28.516100	28.337675	0.001	
950.771	27486	2171.65	3106.38	1.10748	28.516100	28.337675	0.001	
951.735	27322	2158.45	3122.49	1.10748	28.516100	28.337675	0.001	
952.698	27152	2188.14	3134.73	1.10748	28.516100	28.337675	0.001	
953.66	26969	2162.42	3154.65	1.10748	28.516100	28.337675	0.001	
954.622	26780	2165.6	3169.03	1.10748	28.516100	28.337675	0.001	
955.584	26605	2166.09	3187.34	1.10748	28.516100	28.337675	0.001	
956.544	26412	2169.77	3203.57	1.10748	28.516100	28.337675	0.001	
957.504	26213	2158.85	3221.53	1.10748	28.516100	28.337675	0.001	
958.463	26037	2179.89	3238.04	1.10748	28.516100	28.337675	0.001	
959.422	25768	2159.24	3250.89	1.10748	28.516100	28.337675	0.001	
960.38	25587	2165.2	3271.93	1.10748	28.516100	28.337675	0.001	
961.338	25363	2170.96	3290.63	1.10748	28.516100	28.337675	0.001	
962.294	25164	2163.71	3314.12	1.10748	28.516100	28.337675	0.001	
963.25	24947	2153.19	3331.76	1.10748	28.516100	28.337675	0.001	
964.206	24726	2171.46	3347.67	1.10748	28.516100	28.337675	0.001	
965.161	24526	2162.22	3369.31	1.10748	28.516100	28.337675	0.001	
966.115	24298	2166.49	3388	1.10748	28.516100	28.337675	0.001	
