452.692	2605	2504.69	589.986	2.15452	28.516100	28.337675	0.001	
453.787	2631	2541.73	-8.80298	2.15452	28.516100	28.337675	0.001	
454.882	2620	2526.71	-1.42664	2.15452	28.516100	28.337675	0.001	
455.977	2620	2546.74	-217.557	2.15452	28.516100	28.337675	0.001	
457.072	2616	2511.69	2.16555	2.15452	28.516100	28.337675	0.001	
458.167	2655	2566.26	-56.6899	2.15452	28.516100	28.337675	0.001	
459.263	2632	2519.7	6.33041	2.15452	28.516100	28.337675	0.001	
460.358	2647	2550.74	-0.96341	2.15452	28.516100	28.337675	0.001	
461.453	2639	2546.24	-4.91346	2.15452	28.516100	28.337675	0.001	
462.549	2619	2531.72	-8.9025	2.15452	28.516100	28.337675	0.001	
463.644	2611	2517.2	-13.7261	2.15452	28.516100	28.337675	0.001	
464.74	2628	2523.71	2.01958	2.15452	28.516100	28.337675	0.001	
465.835	2636	2533.22	14.3413	2.15452	28.516100	28.337675	0.001	
466.931	2640	2529.72	12.4923	2.15452	28.516100	28.337675	0.001	
468.027	2612	2504.18	81.794	2.15452	28.516100	28.337675	0.001	
469.123	2659	2554.25	3.55855	2.15452	28.516100	28.337675	0.001	
470.219	2614	2523.21	-4.63158	2.15452	28.516100	28.337675	0.001	
471.315	2621	2535.72	-8.04183	2.15452	28.516100	28.337675	0.001	
472.411	2613	2528.22	-10.9399	2.15452	28.516100	28.337675	0.001	
473.507	2645	2551.74	-4.09166	2.15452	28.516100	28.337675	0.001	
474.603	2627	2526.71	1.39299	2.15452	28.516100	28.337675	0.001	
475.699	2629	2527.21	-29.4179	2.15452	28.516100	28.337675	0.001	
476.795	2631	2534.72	-0.556135	2.15452	28.516100	28.337675	0.001	
477.892	2646	2549.74	-1.58283	2.15452	28.516100	28.337675	0.001	
478.988	2627	2549.74	-10.7934	2.15452	28.516100	28.337675	0.001	
480.084	2640	2536.23	4.42382	2.15452	28.516100	28.337675	0.001	
481.181	2639	2555.25	-7.12235	2.15452	28.516100	28.337675	0.001	
482.277	2663	2556.75	17.7966	2.15452	28.516100	28.337675	0.001	
483.374	2603	2524.21	-6.09881	2.15452	28.516100	28.337675	0.001	
484.47	2643	2536.23	26.4078	2.15452	28.516100	28.337675	0.001	
485.567	2637	2531.72	3.88868	2.15452	28.516100	28.337675	0.001	
486.663	2643	2546.24	-0.292485	2.15452	28.516100	28.337675	0.001	
487.76	2643	2538.23	5.73083	2.15452	28.516100	28.337675	0.001	
488.857	2644	2551.74	-4.25059	2.15452	28.516100	28.337675	0.001	
489.954	2624	2529.22	-0.824612	2.15452	28.516100	28.337675	0.001	
491.05	2634	2522.71	5.6368	2.15452	28.516100	28.337675	0.001	
492.147	2626	2540.23	-4.89179	2.15452	28.516100	28.337675	0.001	
493.244	2638	2536.23	1.31422	2.15452	28.516100	28.337675	0.001	
494.341	2645	2553.25	-1.62735	2.15452	28.516100	28.337675	0.001	
495.438	2650	2546.24	1.82198	2.15452	28.516100	28.337675	0.001	
496.535	2616	2527.71	-2.46163	2.15452	28.516100	28.337675	0.001	
497.632	2630	2540.73	-1.89596	2.15452	28.516100	28.337675	0.001	
498.729	2641	2557.25	-3.00423	2.15452	28.516100	28.337675	0.001	
499.825	2639	2530.72	2.06723	2.15452	28.516100	28.337675	0.001	
500.922	2646	2538.23	1.4986	2.15452	28.516100	28.337675	0.001	
502.019	2658	2548.74	1.91882	2.15452	28.516100	28.337675	0.001	
503.117	2643	2549.24	-0.592955	2.15452	28.516100	28.337675	0.001	
504.214	2628	2521.71	1.33459	2.15452	28.516100	28.337675	0.001	
505.311	2634	2525.71	1.5215	2.15452	28.516100	28.337675	0.001	
506.408	2631	2532.22	0.206615	2.15452	28.516100	28.337675	0.001	
507.505	2649	2556.75	-0.660095	2.15452	28.516100	28.337675	0.001	
508.602	2621	2525.21	-0.139275	2.15452	28.516100	28.337675	0.001	
509.699	2640	2535.22	0.792817	2.15452	28.516100	28.337675	0.001	
510.796	2633	2540.73	-0.549985	2.15452	28.516100	28.337675	0.001	
511.893	2651	2547.74	0.513267	2.15452	28.516100	28.337675	0.001	
512.99	2676	2573.27	0.358855	2.15452	28.516100	28.337675	0.001	
514.087	2649	2522.21	2.51082	2.15452	28.516100	28.337675	0.001	
515.184	2655	2541.73	1.31803	2.15452	28.516100	28.337675	0.001	
516.281	2671	2550.24	1.57574	2.15452	28.516100	28.337675	0.001	
517.378	2656	2536.23	1.64783	2.15452	28.516100	28.337675	0.001	
518.475	2663	2529.72	2.45497	2.15452	28.516100	28.337675	0.001	
519.573	2676	2546.74	2.15867	2.15452	28.516100	28.337675	0.001	
520.67	2652	2534.22	1.29531	2.15452	28.516100	28.337675	0.001	
521.767	2655	2543.73	0.84503	2.15452	28.516100	28.337675	0.001	
522.864	2661	2542.23	1.3151	2.15452	28.516100	28.337675	0.001	
523.961	2665	2557.75	0.545585	2.15452	28.516100	28.337675	0.001	
525.058	2652	2534.72	1.15324	2.15452	28.516100	28.337675	0.001	
526.155	2679	2553.75	1.49982	2.15452	28.516100	28.337675	0.001	
527.252	2668	2523.71	2.45858	2.15452	28.516100	28.337675	0.001	
528.348	2701	2557.25	2.35547	2.15452	28.516100	28.337675	0.001	
529.445	2675	2537.73	1.95114	2.15452	28.516100	28.337675	0.001	
530.542	2662	2514.7	2.42402	2.15452	28.516100	28.337675	0.001	
531.639	2683	2532.22	2.47189	2.15452	28.516100	28.337675	0.001	
532.736	2702	2562.76	1.85961	2.15452	28.516100	28.337675	0.001	
533.833	2691	2541.73	2.27763	2.15452	28.516100	28.337675	0.001	
534.929	2704	2544.74	2.61405	2.15452	28.516100	28.337675	0.001	
536.026	2669	2509.19	2.63555	2.15452	28.516100	28.337675	0.001	
537.123	2704	2540.23	2.66949	2.15452	28.516100	28.337675	0.001	
538.22	2707	2540.73	2.71247	2.15452	28.516100	28.337675	0.001	
539.316	2705	2539.73	2.60235	2.15452	28.516100	28.337675	0.001	
540.413	2711	2545.74	2.53935	2.15452	28.516100	28.337675	0.001	
541.509	2715	2538.23	2.88158	2.15452	28.516100	28.337675	0.001	
542.606	2724	2515.2	3.96657	2.15452	28.516100	28.337675	0.001	
543.702	2746	2542.23	3.63389	2.15452	28.516100	28.337675	0.001	
544.799	2718	2517.2	3.50365	2.15452	28.516100	28.337675	0.001	
545.895	2763	2557.25	3.53901	2.15452	28.516100	28.337675	0.001	
546.991	2737	2527.21	3.63629	2.15452	28.516100	28.337675	0.001	
548.088	2757	2535.72	3.92007	2.15452	28.516100	28.337675	0.001	
549.184	2742	2522.71	3.79582	2.15452	28.516100	28.337675	0.001	
550.28	2761	2523.71	4.24134	2.15452	28.516100	28.337675	0.001	
551.376	2754	2520.71	4.05104	2.15452	28.516100	28.337675	0.001	
552.472	2793	2540.73	4.48667	2.15452	28.516100	28.337675	0.001	
553.568	2779	2531.72	4.26241	2.15452	28.516100	28.337675	0.001	
554.664	2800	2559.76	3.97467	2.15452	28.516100	28.337675	0.001	
555.76	2810	2541.23	4.70559	2.15452	28.516100	28.337675	0.001	
556.856	2816	2547.74	4.61767	2.15452	28.516100	28.337675	0.001	
557.952	2799	2524.71	4.73945	2.15452	28.516100	28.337675	0.001	
559.047	2873	2569.77	5.37457	2.15452	28.516100	28.337675	0.001	
560.143	2853	2550.24	5.30128	2.15452	28.516100	28.337675	0.001	
561.239	2823	2507.69	5.61852	2.15452	28.516100	28.337675	0.001	
562.334	2832	2515.7	5.5745	2.15452	28.516100	28.337675	0.001	
563.43	2871	2530.72	6.07586	2.15452	28.516100	28.337675	0.001	
564.525	2877	2552.25	5.5933	2.15452	28.516100	28.337675	0.001	
565.62	2875	2537.23	5.90408	2.15452	28.516100	28.337675	0.001	
566.715	2878	2512.19	6.52692	2.15452	28.516100	28.337675	0.001	
567.811	2928	2550.24	6.76131	2.15452	28.516100	28.337675	0.001	
568.906	2927	2530.72	7.1452	2.15452	28.516100	28.337675	0.001	
570.001	2937	2539.73	7.10976	2.15452	28.516100	28.337675	0.001	
571.095	2918	2514.2	7.25571	2.15452	28.516100	28.337675	0.001	
572.19	2948	2534.72	7.44562	2.15452	28.516100	28.337675	0.001	
573.285	2961	2536.23	7.67647	2.15452	28.516100	28.337675	0.001	
574.38	2971	2543.73	7.68784	2.15452	28.516100	28.337675	0.001	
575.474	2975	2515.2	8.43808	2.15452	28.516100	28.337675	0.001	
576.569	2986	2519.2	8.57263	2.15452	28.516100	28.337675	0.001	
577.663	2991	2522.71	8.58645	2.15452	28.516100	28.337675	0.001	
578.757	3006	2527.21	8.82431	2.15452	28.516100	28.337675	0.001	
579.851	3001	2505.19	9.19946	2.15452	28.516100	28.337675	0.001	
580.945	3064	2567.77	9.16942	2.15452	28.516100	28.337675	0.001	
582.039	3049	2520.2	9.95344	2.15452	28.516100	28.337675	0.001	
583.133	3072	2539.73	10.0447	2.15452	28.516100	28.337675	0.001	
584.227	3043	2506.19	10.2204	2.15452	28.516100	28.337675	0.001	
585.321	3060	2517.7	10.3428	2.15452	28.516100	28.337675	0.001	
586.414	3081	2533.72	10.4891	2.15452	28.516100	28.337675	0.001	
587.508	3109	2550.24	10.7901	2.15452	28.516100	28.337675	0.001	
588.601	3105	2535.72	11.0899	2.15452	28.516100	28.337675	0.001	
589.694	3114	2522.71	11.6628	2.15452	28.516100	28.337675	0.001	
590.787	3117	2517.7	11.9509	2.15452	28.516100	28.337675	0.001	
591.881	3166	2542.73	12.5021	2.15452	28.516100	28.337675	0.001	
592.973	3168	2518.7	13.2023	2.15452	28.516100	28.337675	0.001	
594.066	3171	2530.22	13.0403	2.15452	28.516100	28.337675	0.001	
595.159	3189	2536.73	13.3833	2.15452	28.516100	28.337675	0.001	
596.251	3194	2536.73	13.5781	2.15452	28.516100	28.337675	0.001	
597.344	3206	2529.72	14.0905	2.15452	28.516100	28.337675	0.001	
598.436	3247	2560.26	14.3864	2.15452	28.516100	28.337675	0.001	
599.528	3233	2518.2	15.1795	2.15452	28.516100	28.337675	0.001	
600.621	3258	2533.72	15.4063	2.15452	28.516100	28.337675	0.001	
601.713	3281	2558.25	15.3843	2.15452	28.516100	28.337675	0.001	
602.804	3275	2529.22	15.9833	2.15452	28.516100	28.337675	0.001	
603.896	3284	2512.7	16.7255	2.15452	28.516100	28.337675	0.001	
604.988	3311	2532.22	16.8948	2.15452	28.516100	28.337675	0.001	
606.079	3323	2530.22	17.2683	2.15452	28.516100	28.337675	0.001	
607.17	3363	2560.26	17.5052	2.15452	28.516100	28.337675	0.001	
608.262	3340	2518.7	18.0564	2.15452	28.516100	28.337675	0.001	
609.353	3391	2541.23	18.7025	2.15452	28.516100	28.337675	0.001	
610.443	3404	2526.71	19.3935	2.15452	28.516100	28.337675	0.001	
611.534	3435	2544.24	19.7071	2.15452	28.516100	28.337675	0.001	
612.625	3432	2524.21	20.1329	2.15452	28.516100	28.337675	0.001	
613.715	3451	2523.21	20.603	2.15452	28.516100	28.337675	0.001	
614.806	3493	2551.74	20.8554	2.15452	28.516100	28.337675	0.001	
615.896	3541	2544.74	22.2455	2.15452	28.516100	28.337675	0.001	
616.986	3533	2534.72	22.2349	2.15452	28.516100	28.337675	0.001	
618.076	3573	2534.72	23.2436	2.15452	28.516100	28.337675	0.001	
619.165	3592	2542.73	23.4137	2.15452	28.516100	28.337675	0.001	
620.255	3621	2552.25	23.8374	2.15452	28.516100	28.337675	0.001	
621.344	3640	2534.72	24.6509	2.15452	28.516100	28.337675	0.001	
622.434	3669	2522.71	25.6153	2.15452	28.516100	28.337675	0.001	
623.523	3709	2536.73	26.1834	2.15452	28.516100	28.337675	0.001	
624.612	3732	2527.21	26.9453	2.15452	28.516100	28.337675	0.001	
625.701	3757	2528.22	27.4455	2.15452	28.516100	28.337675	0.001	
626.789	3803	2534.72	28.3466	2.15452	28.516100	28.337675	0.001	
627.878	3807	2525.71	28.607	2.15452	28.516100	28.337675	0.001	
628.966	3841	2543.23	28.9156	2.15452	28.516100	28.337675	0.001	
630.054	3866	2532.22	29.8168	2.15452	28.516100	28.337675	0.001	
631.142	3892	2539.23	30.1283	2.15452	28.516100	28.337675	0.001	
632.23	3941	2539.23	31.1989	2.15452	28.516100	28.337675	0.001	
633.318	3989	2536.23	32.3405	2.15452	28.516100	28.337675	0.001	
634.405	4000	2534.72	32.6098	2.15452	28.516100	28.337675	0.001	
635.492	4062	2541.73	33.854	2.15452	28.516100	28.337675	0.001	
636.579	4088	2529.22	34.6674	2.15452	28.516100	28.337675	0.001	
637.666	4109	2527.71	35.1542	2.15452	28.516100	28.337675	0.001	
638.753	4149	2543.23	35.6176	2.15452	28.516100	28.337675	0.001	
639.84	4200	2550.74	36.5871	2.15452	28.516100	28.337675	0.001	
640.926	4203	2530.72	37.1373	2.15452	28.516100	28.337675	0.001	
642.012	4271	2548.24	38.2279	2.15452	28.516100	28.337675	0.001	
643.098	4288	2526.21	39.0529	2.15452	28.516100	28.337675	0.001	
644.184	4360	2550.74	40.0504	2.15452	28.516100	28.337675	0.001	
645.27	4384	2534.72	40.9493	2.15452	28.516100	28.337675	0.001	
646.355	4466	2564.76	42.0373	2.15452	28.516100	28.337675	0.001	
647.441	4499	2552.25	43.0155	2.15452	28.516100	28.337675	0.001	
648.526	4516	2539.73	43.5337	2.15452	28.516100	28.337675	0.001	
649.611	4556	2537.23	44.568	2.15452	28.516100	28.337675	0.001	
650.695	4613	2546.74	45.5726	2.15452	28.516100	28.337675	0.001	
651.78	4656	2545.74	46.4912	2.15452	28.516100	28.337675	0.001	
652.864	4712	2551.24	47.556	2.15452	28.516100	28.337675	0.001	
653.948	4760	2548.74	48.7051	2.15452	28.516100	28.337675	0.001	
655.032	4788	2541.23	49.4094	2.15452	28.516100	28.337675	0.001	
656.116	4869	2552.25	50.8683	2.15452	28.516100	28.337675	0.001	
657.199	4907	2566.26	51.3028	2.15452	28.516100	28.337675	0.001	
658.283	4944	2541.23	52.6736	2.15452	28.516100	28.337675	0.001	
659.366	5023	2562.76	53.8046	2.15452	28.516100	28.337675	0.001	
660.448	5065	2543.23	55.1563	2.15452	28.516100	28.337675	0.001	
661.531	5113	2536.73	56.2284	2.15452	28.516100	28.337675	0.001	
662.614	5160	2544.74	57.0742	2.15452	28.516100	28.337675	0.001	
663.696	5261	2586.79	58.2032	2.15452	28.516100	28.337675	0.001	
664.778	5295	2550.74	59.648	2.15452	28.516100	28.337675	0.001	
665.86	5336	2539.23	60.8442	2.15452	28.516100	28.337675	0.001	
666.941	5383	2529.72	61.9072	2.15452	28.516100	28.337675	0.001	
668.023	5453	2542.73	63.0939	2.15452	28.516100	28.337675	0.001	
669.104	5537	2561.26	64.3428	2.15452	28.516100	28.337675	0.001	
670.185	5586	2549.74	65.6421	2.15452	28.516100	28.337675	0.001	
671.265	5646	2533.72	67.1676	2.15452	28.516100	28.337675	0.001	
672.346	5741	2538.23	69.0869	2.15452	28.516100	28.337675	0.001	
673.426	5785	2526.71	70.2889	2.15452	28.516100	28.337675	0.001	
674.506	5864	2566.26	70.899	2.15452	28.516100	28.337675	0.001	
675.586	5883	2522.21	72.2439	2.15452	28.516100	28.337675	0.001	
676.665	5997	2559.76	73.6935	2.15452	28.516100	28.337675	0.001	
677.745	6059	2544.24	75.1908	2.15452	28.516100	28.337675	0.001	
678.824	6152	2550.24	76.9243	2.15452	28.516100	28.337675	0.001	
679.903	6226	2552.75	78.2958	2.15452	28.516100	28.337675	0.001	
680.981	6306	2580.78	79.1828	2.15452	28.516100	28.337675	0.001	
682.059	6371	2532.22	81.5562	2.15452	28.516100	28.337675	0.001	
683.138	6456	2560.26	82.4968	2.15452	28.516100	28.337675	0.001	
684.215	6544	2551.24	84.37	2.15452	28.516100	28.337675	0.001	
685.293	6654	2573.77	86.0338	2.15452	28.516100	28.337675	0.001	
686.37	6701	2537.73	87.6834	2.15452	28.516100	28.337675	0.001	
687.448	6807	2559.25	89.1936	2.15452	28.516100	28.337675	0.001	
688.524	6900	2556.75	90.8674	2.15452	28.516100	28.337675	0.001	
689.601	6969	2533.22	92.567	2.15452	28.516100	28.337675	0.001	
690.678	7056	2537.73	94.0278	2.15452	28.516100	28.337675	0.001	
691.754	7172	2544.74	95.9403	2.15452	28.516100	28.337675	0.001	
692.83	7275	2560.26	97.4302	2.15452	28.516100	28.337675	0.001	
693.905	7380	2532.72	99.9383	2.15452	28.516100	28.337675	0.001	
694.98	7435	2538.23	100.668	2.15452	28.516100	28.337675	0.001	
696.056	7574	2540.73	103.171	2.15452	28.516100	28.337675	0.001	
697.13	7676	2538.23	104.869	2.15452	28.516100	28.337675	0.001	
698.205	7785	2560.26	106.387	2.15452	28.516100	28.337675	0.001	
699.279	7882	2548.24	108.252	2.15452	28.516100	28.337675	0.001	
700.353	7999	2549.24	110.366	2.15452	28.516100	28.337675	0.001	
701.427	8107	2542.73	112.191	2.15452	28.516100	28.337675	0.001	
702.501	8223	2549.74	113.937	2.15452	28.516100	28.337675	0.001	
703.574	8366	2548.24	116.517	2.15452	28.516100	28.337675	0.001	
704.647	8495	2568.27	118.211	2.15452	28.516100	28.337675	0.001	
705.719	8616	2537.23	120.74	2.15452	28.516100	28.337675	0.001	
706.792	8737	2544.24	122.457	2.15452	28.516100	28.337675	0.001	
707.864	8867	2556.75	124.333	2.15452	28.516100	28.337675	0.001	
708.936	9010	2560.76	126.632	2.15452	28.516100	28.337675	0.001	
710.007	9125	2551.24	128.663	2.15452	28.516100	28.337675	0.001	
711.079	9263	2547.74	131.121	2.15452	28.516100	28.337675	0.001	
712.15	9420	2551.24	133.713	2.15452	28.516100	28.337675	0.001	
713.221	9521	2534.22	135.606	2.15452	28.516100	28.337675	0.001	
714.291	9688	2545.74	138.104	2.15452	28.516100	28.337675	0.001	
715.361	9841	2565.26	140.344	2.15452	28.516100	28.337675	0.001	
716.431	9958	2537.23	142.685	2.15452	28.516100	28.337675	0.001	
717.501	10123	2536.73	145.454	2.15452	28.516100	28.337675	0.001	
718.57	10258	2548.74	147.528	2.15452	28.516100	28.337675	0.001	
719.639	10422	2553.25	150.1	2.15452	28.516100	28.337675	0.001	
720.707	10542	2531.72	152.637	2.15452	28.516100	28.337675	0.001	
721.776	10702	2554.25	154.813	2.15452	28.516100	28.337675	0.001	
722.844	10863	2543.23	157.82	2.15452	28.516100	28.337675	0.001	
723.912	11036	2576.78	160.168	2.15452	28.516100	28.337675	0.001	
724.979	11150	2572.27	162.313	2.15452	28.516100	28.337675	0.001	
726.046	11281	2566.26	164.682	2.15452	28.516100	28.337675	0.001	
727.113	11449	2570.77	167.784	2.15452	28.516100	28.337675	0.001	
728.18	11573	2551.74	170.911	2.15452	28.516100	28.337675	0.001	
729.246	11661	2529.72	173.136	2.15452	28.516100	28.337675	0.001	
730.312	11809	2547.74	176.136	2.15452	28.516100	28.337675	0.001	
731.378	11941	2538.23	179.183	2.15452	28.516100	28.337675	0.001	
732.443	12058	2544.24	181.871	2.15452	28.516100	28.337675	0.001	
733.508	12195	2547.24	184.951	2.15452	28.516100	28.337675	0.001	
734.573	12309	2552.75	187.61	2.15452	28.516100	28.337675	0.001	
735.637	12443	2566.76	190.704	2.15452	28.516100	28.337675	0.001	
736.701	12553	2562.76	193.841	2.15452	28.516100	28.337675	0.001	
737.765	12645	2546.74	196.715	2.15452	28.516100	28.337675	0.001	
738.829	12741	2564.76	199.197	2.15452	28.516100	28.337675	0.001	
739.892	12856	2553.75	202.833	2.15452	28.516100	28.337675	0.001	
740.955	12965	2565.76	205.897	2.15452	28.516100	28.337675	0.001	
742.017	13032	2550.24	208.78	2.15452	28.516100	28.337675	0.001	
743.079	13112	2549.74	211.755	2.15452	28.516100	28.337675	0.001	
744.141	13192	2537.73	215.166	2.15452	28.516100	28.337675	0.001	
745.202	13278	2557.25	218.179	2.15452	28.516100	28.337675	0.001	
746.264	13360	2550.24	221.628	2.15452	28.516100	28.337675	0.001	
747.324	13464	2561.26	225.094	2.15452	28.516100	28.337675	0.001	
748.385	13538	2542.23	228.676	2.15452	28.516100	28.337675	0.001	
749.445	13598	2533.72	232.052	2.15452	28.516100	28.337675	0.001	
750.505	13675	2551.24	234.979	2.15452	28.516100	28.337675	0.001	
751.564	13784	2557.75	239.04	2.15452	28.516100	28.337675	0.001	
752.623	13846	2535.22	242.533	2.15452	28.516100	28.337675	0.001	
753.682	13940	2547.74	246.266	2.15452	28.516100	28.337675	0.001	
754.741	14021	2555.25	249.646	2.15452	28.516100	28.337675	0.001	
755.799	14091	2567.77	252.801	2.15452	28.516100	28.337675	0.001	
756.857	14190	2554.25	256.774	2.15452	28.516100	28.337675	0.001	
757.914	14283	2558.75	260.581	2.15452	28.516100	28.337675	0.001	
758.971	14368	2551.24	264.369	2.15452	28.516100	28.337675	0.001	
760.028	14456	2560.26	267.959	2.15452	28.516100	28.337675	0.001	
761.084	14539	2567.26	271.578	2.15452	28.516100	28.337675	0.001	
762.14	14592	2534.72	275.544	2.15452	28.516100	28.337675	0.001	
763.196	14689	2566.26	279.633	2.15452	28.516100	28.337675	0.001	
764.251	14739	2546.74	283.407	2.15452	28.516100	28.337675	0.001	
765.306	14825	2560.76	287.323	2.15452	28.516100	28.337675	0.001	
766.36	14897	2558.75	291.373	2.15452	28.516100	28.337675	0.001	
767.415	14985	2536.73	296.125	2.15452	28.516100	28.337675	0.001	
768.468	15066	2561.26	299.906	2.15452	28.516100	28.337675	0.001	
769.522	15141	2528.72	304.553	2.15452	28.516100	28.337675	0.001	
770.575	15245	2547.24	308.944	2.15452	28.516100	28.337675	0.001	
771.628	15304	2540.73	312.911	2.15452	28.516100	28.337675	0.001	
772.68	15392	2571.27	316.729	2.15452	28.516100	28.337675	0.001	
773.732	15464	2546.24	321.635	2.15452	28.516100	28.337675	0.001	
774.784	15561	2562.76	326.051	2.15452	28.516100	28.337675	0.001	
775.835	15617	2555.25	330.27	2.15452	28.516100	28.337675	0.001	
776.886	15685	2557.75	334.502	2.15452	28.516100	28.337675	0.001	
777.936	15773	2545.24	339.36	2.15452	28.516100	28.337675	0.001	
778.986	15880	2573.27	343.488	2.15452	28.516100	28.337675	0.001	
780.036	15929	2527.21	348.559	2.15452	28.516100	28.337675	0.001	
781.086	15956	2529.22	352.533	2.15452	28.516100	28.337675	0.001	
782.135	16007	2541.23	356.852	2.15452	28.516100	28.337675	0.001	
783.183	16066	2561.76	361.463	2.15452	28.516100	28.337675	0.001	
784.231	16115	2532.72	367.087	2.15452	28.516100	28.337675	0.001	
785.279	16136	2542.23	371.64	2.15452	28.516100	28.337675	0.001	
786.327	16181	2537.23	376.129	2.15452	28.516100	28.337675	0.001	
787.374	16243	2548.74	381.38	2.15452	28.516100	28.337675	0.001	
788.42	16291	2541.23	386.876	2.15452	28.516100	28.337675	0.001	
789.466	16338	2537.73	392.206	2.15452	28.516100	28.337675	0.001	
790.512	16376	2557.25	396.897	2.15452	28.516100	28.337675	0.001	
791.558	16426	2545.24	402.185	2.15452	28.516100	28.337675	0.001	
792.603	16466	2560.76	407.408	2.15452	28.516100	28.337675	0.001	
793.648	16495	2549.74	412.106	2.15452	28.516100	28.337675	0.001	
794.692	16545	2545.74	418.128	2.15452	28.516100	28.337675	0.001	
795.736	16567	2548.24	423.024	2.15452	28.516100	28.337675	0.001	
796.779	16608	2544.24	427.907	2.15452	28.516100	28.337675	0.001	
797.822	16650	2569.77	433.192	2.15452	28.516100	28.337675	0.001	
798.865	16667	2561.26	438.342	2.15452	28.516100	28.337675	0.001	
799.907	16680	2528.22	444.249	2.15452	28.516100	28.337675	0.001	
800.949	16723	2560.26	449.31	2.15452	28.516100	28.337675	0.001	
801.99	16731	2552.75	454.41	2.15452	28.516100	28.337675	0.001	
803.031	16722	2531.22	460.057	2.15452	28.516100	28.337675	0.001	
804.072	16755	2564.76	465.113	2.15452	28.516100	28.337675	0.001	
805.112	16768	2539.73	471.742	2.15452	28.516100	28.337675	0.001	
806.152	16823	2549.74	477.985	2.15452	28.516100	28.337675	0.001	
807.191	16850	2562.26	483.826	2.15452	28.516100	28.337675	0.001	
808.23	16854	2550.74	489.459	2.15452	28.516100	28.337675	0.001	
809.268	16882	2532.72	496.092	2.15452	28.516100	28.337675	0.001	
810.307	16921	2524.71	502.567	2.15452	28.516100	28.337675	0.001	
811.344	16943	2550.74	506.914	2.15452	28.516100	28.337675	0.001	
812.381	16997	2566.76	513.365	2.15452	28.516100	28.337675	0.001	
813.418	17027	2556.75	519.487	2.15452	28.516100	28.337675	0.001	
814.454	17092	2563.76	526.747	2.15452	28.516100	28.337675	0.001	
815.49	17087	2545.74	532.377	2.15452	28.516100	28.337675	0.001	
816.526	17149	2549.24	539.328	2.15452	28.516100	28.337675	0.001	
817.561	17156	2544.24	545.14	2.15452	28.516100	28.337675	0.001	
818.596	17195	2561.26	551.123	2.15452	28.516100	28.337675	0.001	
819.63	17210	2566.76	556.706	2.15452	28.516100	28.337675	0.001	
820.664	17290	2571.27	564.057	2.15452	28.516100	28.337675	0.001	
821.697	17276	2549.24	570.019	2.15452	28.516100	28.337675	0.001	
822.73	17319	2581.28	575.604	2.15452	28.516100	28.337675	0.001	
823.762	17322	2566.26	581.911	2.15452	28.516100	28.337675	0.001	
824.794	17341	2557.75	588.849	2.15452	28.516100	28.337675	0.001	
825.826	17355	2560.76	595.025	2.15452	28.516100	28.337675	0.001	
826.857	17370	2576.28	601.842	2.15452	28.516100	28.337675	0.001	
827.887	17415	2552.75	609.652	2.15452	28.516100	28.337675	0.001	
828.918	17460	2579.78	616.26	2.15452	28.516100	28.337675	0.001	
829.947	17459	2560.26	623.271	2.15452	28.516100	28.337675	0.001	
830.977	17526	2555.25	631.671	2.15452	28.516100	28.337675	0.001	
832.005	17524	2559.25	636.862	2.15452	28.516100	28.337675	0.001	
833.034	17586	2555.75	645.216	2.15452	28.516100	28.337675	0.001	
834.062	17595	2558.75	651.877	2.15452	28.516100	28.337675	0.001	
835.089	17619	2544.74	659.424	2.15452	28.516100	28.337675	0.001	
836.116	17670	2556.75	666.038	2.15452	28.516100	28.337675	0.001	
837.143	17711	2550.24	672.828	2.15452	28.516100	28.337675	0.001	
838.169	17781	2562.26	680.272	2.15452	28.516100	28.337675	0.001	
839.194	17813	2550.24	687.203	2.15452	28.516100	28.337675	0.001	
840.22	17877	2541.23	696.283	2.15452	28.516100	28.337675	0.001	
841.244	17938	2551.24	703.225	2.15452	28.516100	28.337675	0.001	
842.268	17966	2553.75	710.087	2.15452	28.516100	28.337675	0.001	
843.292	18023	2567.77	716.748	2.15452	28.516100	28.337675	0.001	
844.315	18063	2544.24	725.156	2.15452	28.516100	28.337675	0.001	
845.338	18116	2570.27	731.755	2.15452	28.516100	28.337675	0.001	
846.36	18136	2546.74	740.056	2.15452	28.516100	28.337675	0.001	
847.382	18195	2547.74	747.974	2.15452	28.516100	28.337675	0.001	
848.404	18200	2552.25	754.738	2.15452	28.516100	28.337675	0.001	
849.425	18241	2565.76	761.698	2.15452	28.516100	28.337675	0.001	
850.445	18284	2553.25	770.905	2.15452	28.516100	28.337675	0.001	
851.465	18345	2576.28	778.543	2.15452	28.516100	28.337675	0.001	
852.484	18392	2549.74	787.727	2.15452	28.516100	28.337675	0.001	
853.503	18445	2544.74	796.735	2.15452	28.516100	28.337675	0.001	
854.522	18479	2547.24	803.454	2.15452	28.516100	28.337675	0.001	
855.54	18570	2564.26	812.964	2.15452	28.516100	28.337675	0.001	
856.557	18613	2566.76	820.332	2.15452	28.516100	28.337675	0.001	
857.574	18666	2545.24	829	2.15452	28.516100	28.337675	0.001	
858.591	18716	2545.74	836.279	2.15452	28.516100	28.337675	0.001	
859.607	18768	2532.22	845.201	2.15452	28.516100	28.337675	0.001	
860.622	18831	2561.26	852.27	2.15452	28.516100	28.337675	0.001	
861.637	18900	2532.22	862.556	2.15452	28.516100	28.337675	0.001	
862.652	18957	2541.73	871.229	2.15452	28.516100	28.337675	0.001	
863.666	19038	2554.75	879.21	2.15452	28.516100	28.337675	0.001	
864.679	19075	2531.22	888.529	2.15452	28.516100	28.337675	0.001	
865.692	19132	2540.23	896.426	2.15452	28.516100	28.337675	0.001	
866.705	19171	2530.22	905.282	2.15452	28.516100	28.337675	0.001	
867.717	19217	2533.72	914.011	2.15452	28.516100	28.337675	0.001	
868.728	19252	2544.74	922.308	2.15452	28.516100	28.337675	0.001	
869.739	19288	2537.73	931.109	2.15452	28.516100	28.337675	0.001	
870.75	19340	2562.76	939.16	2.15452	28.516100	28.337675	0.001	
871.76	19359	2529.22	948.805	2.15452	28.516100	28.337675	0.001	
872.769	19409	2540.73	957.543	2.15452	28.516100	28.337675	0.001	
873.778	19436	2529.72	967.426	2.15452	28.516100	28.337675	0.001	
874.786	19455	2538.23	974.996	2.15452	28.516100	28.337675	0.001	
875.794	19508	2546.74	984.546	2.15452	28.516100	28.337675	0.001	
876.802	19555	2575.78	993.576	2.15452	28.516100	28.337675	0.001	
877.809	19579	2554.25	1004.2	2.15452	28.516100	28.337675	0.001	
878.815	19621	2559.25	1013.68	2.15452	28.516100	28.337675	0.001	
879.821	19622	2540.73	1023.19	2.15452	28.516100	28.337675	0.001	
880.826	19705	2554.75	1033.72	2.15452	28.516100	28.337675	0.001	
881.831	19717	2560.26	1041.96	2.15452	28.516100	28.337675	0.001	
882.835	19725	2557.25	1050.42	2.15452	28.516100	28.337675	0.001	
883.839	19749	2558.25	1060.33	2.15452	28.516100	28.337675	0.001	
884.842	19780	2548.24	1070.23	2.15452	28.516100	28.337675	0.001	
885.844	19845	2556.75	1080.65	2.15452	28.516100	28.337675	0.001	
886.847	19863	2563.76	1089.05	2.15452	28.516100	28.337675	0.001	
887.848	19877	2560.26	1099.36	2.15452	28.516100	28.337675	0.001	
888.849	19856	2541.73	1108.89	2.15452	28.516100	28.337675	0.001	
889.85	19866	2536.23	1119.67	2.15452	28.516100	28.337675	0.001	
890.85	19866	2543.23	1129.74	2.15452	28.516100	28.337675	0.001	
891.849	19863	2532.22	1140.48	2.15452	28.516100	28.337675	0.001	
892.848	19890	2549.24	1150.02	2.15452	28.516100	28.337675	0.001	
893.846	19912	2547.24	1159.23	2.15452	28.516100	28.337675	0.001	
894.844	19914	2530.72	1169.35	2.15452	28.516100	28.337675	0.001	
895.841	19930	2550.24	1178.78	2.15452	28.516100	28.337675	0.001	
896.838	19913	2540.23	1187.73	2.15452	28.516100	28.337675	0.001	
897.834	19922	2534.72	1198.43	2.15452	28.516100	28.337675	0.001	
898.83	19876	2511.19	1208.01	2.15452	28.516100	28.337675	0.001	
899.825	19905	2554.25	1218.15	2.15452	28.516100	28.337675	0.001	
900.819	19861	2523.21	1227.54	2.15452	28.516100	28.337675	0.001	
901.813	19905	2531.72	1239.93	2.15452	28.516100	28.337675	0.001	
902.807	19887	2548.24	1249.66	2.15452	28.516100	28.337675	0.001	
903.799	19895	2539.23	1261.16	2.15452	28.516100	28.337675	0.001	
904.792	19859	2536.23	1271.64	2.15452	28.516100	28.337675	0.001	
905.783	19856	2540.23	1281.42	2.15452	28.516100	28.337675	0.001	
906.775	19880	2550.24	1293.87	2.15452	28.516100	28.337675	0.001	
907.765	19909	2574.77	1305.42	2.15452	28.516100	28.337675	0.001	
908.755	19885	2539.73	1316.85	2.15452	28.516100	28.337675	0.001	
909.745	19896	2558.75	1327.13	2.15452	28.516100	28.337675	0.001	
910.733	19891	2527.21	1339.84	2.15452	28.516100	28.337675	0.001	
911.722	19906	2559.76	1349.88	2.15452	28.516100	28.337675	0.001	
912.71	19898	2560.76	1360.17	2.15452	28.516100	28.337675	0.001	
913.697	19900	2565.76	1370.52	2.15452	28.516100	28.337675	0.001	
914.683	19876	2538.73	1380.66	2.15452	28.516100	28.337675	0.001	
915.669	19864	2518.2	1393.44	2.15452	28.516100	28.337675	0.001	
916.655	19862	2551.24	1403.68	2.15452	28.516100	28.337675	0.001	
917.64	19833	2549.24	1413.5	2.15452	28.516100	28.337675	0.001	
918.624	19777	2528.72	1423.89	2.15452	28.516100	28.337675	0.001	
919.608	19769	2533.72	1436.31	2.15452	28.516100	28.337675	0.001	
920.591	19712	2537.23	1445.72	2.15452	28.516100	28.337675	0.001	
921.573	19699	2560.76	1457.67	2.15452	28.516100	28.337675	0.001	
922.555	19644	2532.72	1468.43	2.15452	28.516100	28.337675	0.001	
923.537	19596	2528.72	1481.26	2.15452	28.516100	28.337675	0.001	
924.517	19539	2550.74	1490.35	2.15452	28.516100	28.337675	0.001	
925.498	19473	2536.73	1502.23	2.15452	28.516100	28.337675	0.001	
926.477	19424	2549.24	1512	2.15452	28.516100	28.337675	0.001	
927.456	19346	2534.72	1523.78	2.15452	28.516100	28.337675	0.001	
928.435	19304	2562.76	1533.93	2.15452	28.516100	28.337675	0.001	
929.412	19221	2533.22	1546.81	2.15452	28.516100	28.337675	0.001	
930.39	19172	2544.24	1559.87	2.15452	28.516100	28.337675	0.001	
931.366	19131	2549.24	1572.54	2.15452	28.516100	28.337675	0.001	
932.342	19040	2544.24	1583.95	2.15452	28.516100	28.337675	0.001	
933.318	18993	2556.25	1597.06	2.15452	28.516100	28.337675	0.001	
934.293	18927	2550.74	1609.78	2.15452	28.516100	28.337675	0.001	
935.267	18841	2539.23	1623.25	2.15452	28.516100	28.337675	0.001	
936.24	18748	2512.7	1637.23	2.15452	28.516100	28.337675	0.001	
937.213	18682	2555.75	1646.94	2.15452	28.516100	28.337675	0.001	
938.186	18564	2539.73	1658.19	2.15452	28.516100	28.337675	0.001	
939.158	18506	2557.75	1669.59	2.15452	28.516100	28.337675	0.001	
940.129	18397	2535.22	1682.42	2.15452	28.516100	28.337675	0.001	
941.099	18310	2543.23	1694.22	2.15452	28.516100	28.337675	0.001	
942.069	18236	2559.25	1707.41	2.15452	28.516100	28.337675	0.001	
943.039	18145	2541.73	1721.33	2.15452	28.516100	28.337675	0.001	
944.007	18047	2529.22	1732.96	2.15452	28.516100	28.337675	0.001	
944.975	17976	2568.27	1741.45	2.15452	28.516100	28.337675	0.001	
945.943	17876	2558.25	1752.28	2.15452	28.516100	28.337675	0.001	
946.91	17804	2552.75	1764.8	2.15452	28.516100	28.337675	0.001	
947.876	17729	2535.22	1779.33	2.15452	28.516100	28.337675	0.001	
948.842	17659	2539.23	1791.09	2.15452	28.516100	28.337675	0.001	
949.807	17598	2558.75	1803.12	2.15452	28.516100	28.337675	0.001	
950.771	17506	2551.24	1814.33	2.15452	28.516100	28.337675	0.001	
951.735	17422	2534.22	1826.6	2.15452	28.516100	28.337675	0.001	
952.698	17374	2578.28	1837.07	2.15452	28.516100	28.337675	0.001	
953.66	17256	2552.25	1849.03	2.15452	28.516100	28.337675	0.001	
954.622	17184	2547.24	1863.64	2.15452	28.516100	28.337675	0.001	
955.584	17087	2554.75	1874.45	2.15452	28.516100	28.337675	0.001	
956.544	16971	2556.25	1884.02	2.15452	28.516100	28.337675	0.001	
957.504	16889	2543.73	1900.4	2.15452	28.516100	28.337675	0.001	
958.463	16794	2575.78	1908.86	2.15452	28.516100	28.337675	0.001	
959.422	16651	2529.22	1923.81	2.15452	28.516100	28.337675	0.001	
960.38	16546	2555.25	1933.59	2.15452	28.516100	28.337675	0.001	
961.338	16435	2547.74	1949.58	2.15452	28.516100	28.337675	0.001	
962.294	16336	2530.22	1968.47	2.15452	28.516100	28.337675	0.001	
963.25	16185	2527.21	1975.51	2.15452	28.516100	28.337675	0.001	
964.206	16094	2562.26	1987.55	2.15452	28.516100	28.337675	0.001	
965.161	16001	2548.74	2005.83	2.15452	28.516100	28.337675	0.001	
966.115	15864	2553.75	2016.7	2.15452	28.516100	28.337675	0.001	
