452.692	2214	2131.03	75.3794	1.10748	28.516100	28.337675	0.001	
453.787	2249	2162.68	2.86917	1.10748	28.516100	28.337675	0.001	
454.882	2236	2152.86	-0.0445576	1.10748	28.516100	28.337675	0.001	
455.977	2240	2174.19	-162.18	1.10748	28.516100	28.337675	0.001	
457.072	2238	2139.56	4.31317	1.10748	28.516100	28.337675	0.001	
458.167	2249	2179.35	-85.3919	1.10748	28.516100	28.337675	0.001	
459.263	2231	2153.85	-2.49706	1.10748	28.516100	28.337675	0.001	
460.358	2253	2167.44	1.05621	1.10748	28.516100	28.337675	0.001	
461.453	2247	2159.01	4.48304	1.10748	28.516100	28.337675	0.001	
462.549	2245	2157.52	3.64057	1.10748	28.516100	28.337675	0.001	
463.644	2230	2149.19	-11.1303	1.10748	28.516100	28.337675	0.001	
464.74	2245	2159.21	0.625366	1.10748	28.516100	28.337675	0.001	
465.835	2238	2160.3	-15.0451	1.10748	28.516100	28.337675	0.001	
466.931	2244	2162.78	-2.27859	1.10748	28.516100	28.337675	0.001	
468.027	2245	2143.93	127.35	1.10748	28.516100	28.337675	0.001	
469.123	2260	2169.23	3.6249	1.10748	28.516100	28.337675	0.001	
470.219	2230	2144.32	2.08606	1.10748	28.516100	28.337675	0.001	
471.315	2251	2155.93	7.80502	1.10748	28.516100	28.337675	0.001	
472.411	2236	2149.19	3.29279	1.10748	28.516100	28.337675	0.001	
473.507	2260	2168.73	6.53874	1.10748	28.516100	28.337675	0.001	
474.603	2241	2148.49	3.96954	1.10748	28.516100	28.337675	0.001	
475.699	2248	2157.62	-42.6845	1.10748	28.516100	28.337675	0.001	
476.795	2239	2160.4	-2.74366	1.10748	28.516100	28.337675	0.001	
477.892	2262	2166.95	11.4091	1.10748	28.516100	28.337675	0.001	
478.988	2250	2160.6	3.07131	1.10748	28.516100	28.337675	0.001	
480.084	2261	2158.51	13.0441	1.10748	28.516100	28.337675	0.001	
481.181	2249	2161.69	1.85749	1.10748	28.516100	28.337675	0.001	
482.277	2259	2167.25	17.3116	1.10748	28.516100	28.337675	0.001	
483.374	2237	2151.57	0.747973	1.10748	28.516100	28.337675	0.001	
484.47	2256	2160.4	33.6976	1.10748	28.516100	28.337675	0.001	
485.567	2249	2156.23	4.49449	1.10748	28.516100	28.337675	0.001	
486.663	2255	2171.91	-0.275068	1.10748	28.516100	28.337675	0.001	
487.76	2253	2158.31	8.72035	1.10748	28.516100	28.337675	0.001	
488.857	2265	2171.22	7.41617	1.10748	28.516100	28.337675	0.001	
489.954	2244	2151.07	3.49764	1.10748	28.516100	28.337675	0.001	
491.05	2245	2158.12	1.33652	1.10748	28.516100	28.337675	0.001	
492.147	2260	2151.86	10.4012	1.10748	28.516100	28.337675	0.001	
493.244	2271	2161.19	7.75283	1.10748	28.516100	28.337675	0.001	
494.341	2264	2162.18	4.78044	1.10748	28.516100	28.337675	0.001	
495.438	2265	2175.48	1.62516	1.10748	28.516100	28.337675	0.001	
496.535	2253	2148.29	6.08536	1.10748	28.516100	28.337675	0.001	
497.632	2249	2160.2	1.21332	1.10748	28.516100	28.337675	0.001	
498.729	2270	2160.3	5.47522	1.10748	28.516100	28.337675	0.001	
499.825	2265	2160.2	3.93951	1.10748	28.516100	28.337675	0.001	
500.922	2277	2158.51	5.05636	1.10748	28.516100	28.337675	0.001	
502.019	2281	2164.77	5.43476	1.10748	28.516100	28.337675	0.001	
503.117	2285	2157.22	6.49891	1.10748	28.516100	28.337675	0.001	
504.214	2282	2153.35	6.37622	1.10748	28.516100	28.337675	0.001	
505.311	2278	2148.69	6.19523	1.10748	28.516100	28.337675	0.001	
506.408	2285	2161.89	5.1183	1.10748	28.516100	28.337675	0.001	
507.505	2300	2164.17	5.90534	1.10748	28.516100	28.337675	0.001	
508.602	2286	2152.16	6.15816	1.10748	28.516100	28.337675	0.001	
509.699	2304	2156.33	6.80605	1.10748	28.516100	28.337675	0.001	
510.796	2315	2154.94	8.06895	1.10748	28.516100	28.337675	0.001	
511.893	2308	2160.8	5.92052	1.10748	28.516100	28.337675	0.001	
512.99	2333	2174.99	6.53034	1.10748	28.516100	28.337675	0.001	
514.087	2331	2153.65	7.87358	1.10748	28.516100	28.337675	0.001	
515.184	2344	2162.48	8.19189	1.10748	28.516100	28.337675	0.001	
516.281	2343	2154.54	7.22149	1.10748	28.516100	28.337675	0.001	
517.378	2364	2163.97	8.53563	1.10748	28.516100	28.337675	0.001	
518.475	2356	2158.12	7.75614	1.10748	28.516100	28.337675	0.001	
519.573	2377	2163.48	8.87791	1.10748	28.516100	28.337675	0.001	
520.67	2369	2153.95	8.31015	1.10748	28.516100	28.337675	0.001	
521.767	2397	2164.47	9.19812	1.10748	28.516100	28.337675	0.001	
522.864	2387	2164.17	8.617	1.10748	28.516100	28.337675	0.001	
523.961	2426	2171.02	10.2036	1.10748	28.516100	28.337675	0.001	
525.058	2410	2151.47	10.1014	1.10748	28.516100	28.337675	0.001	
526.155	2445	2173.8	10.2788	1.10748	28.516100	28.337675	0.001	
527.252	2438	2154.35	10.3805	1.10748	28.516100	28.337675	0.001	
528.348	2481	2171.12	11.6473	1.10748	28.516100	28.337675	0.001	
529.445	2472	2155.04	11.4189	1.10748	28.516100	28.337675	0.001	
530.542	2480	2147	11.9302	1.10748	28.516100	28.337675	0.001	
531.639	2505	2154.05	12.3356	1.10748	28.516100	28.337675	0.001	
532.736	2537	2173.1	12.7003	1.10748	28.516100	28.337675	0.001	
533.833	2536	2158.02	12.9567	1.10748	28.516100	28.337675	0.001	
534.929	2571	2165.36	13.6457	1.10748	28.516100	28.337675	0.001	
536.026	2568	2138.96	14.3736	1.10748	28.516100	28.337675	0.001	
537.123	2599	2163.87	14.1432	1.10748	28.516100	28.337675	0.001	
538.22	2613	2147.9	15.0572	1.10748	28.516100	28.337675	0.001	
539.316	2646	2165.66	15.211	1.10748	28.516100	28.337675	0.001	
540.413	2656	2160.2	15.48	1.10748	28.516100	28.337675	0.001	
541.509	2684	2157.72	16.0688	1.10748	28.516100	28.337675	0.001	
542.606	2720	2143.73	17.4275	1.10748	28.516100	28.337675	0.001	
543.702	2739	2164.77	16.7729	1.10748	28.516100	28.337675	0.001	
544.799	2751	2142.24	17.682	1.10748	28.516100	28.337675	0.001	
545.895	2803	2161.19	18.3419	1.10748	28.516100	28.337675	0.001	
546.991	2815	2152.96	18.6535	1.10748	28.516100	28.337675	0.001	
548.088	2851	2163.48	19.0889	1.10748	28.516100	28.337675	0.001	
549.184	2876	2149.58	19.9345	1.10748	28.516100	28.337675	0.001	
550.28	2917	2151.17	20.6138	1.10748	28.516100	28.337675	0.001	
551.376	2946	2147.5	21.2238	1.10748	28.516100	28.337675	0.001	
552.472	2992	2164.37	21.5605	1.10748	28.516100	28.337675	0.001	
553.568	3011	2155.64	21.9167	1.10748	28.516100	28.337675	0.001	
554.664	3072	2167.94	22.9452	1.10748	28.516100	28.337675	0.001	
555.76	3095	2156.43	23.4947	1.10748	28.516100	28.337675	0.001	
556.856	3136	2165.76	24.0059	1.10748	28.516100	28.337675	0.001	
557.952	3166	2152.86	24.847	1.10748	28.516100	28.337675	0.001	
559.047	3220	2171.02	25.3381	1.10748	28.516100	28.337675	0.001	
560.143	3247	2153.25	26.1417	1.10748	28.516100	28.337675	0.001	
561.239	3274	2138.96	26.9995	1.10748	28.516100	28.337675	0.001	
562.334	3327	2145.41	27.8796	1.10748	28.516100	28.337675	0.001	
563.43	3382	2156.23	28.5528	1.10748	28.516100	28.337675	0.001	
564.525	3408	2159.31	28.7371	1.10748	28.516100	28.337675	0.001	
565.62	3469	2161.29	30.0742	1.10748	28.516100	28.337675	0.001	
566.715	3500	2144.03	30.8622	1.10748	28.516100	28.337675	0.001	
567.811	3554	2169.13	31.4378	1.10748	28.516100	28.337675	0.001	
568.906	3602	2144.82	32.8388	1.10748	28.516100	28.337675	0.001	
570.001	3640	2161.89	33.087	1.10748	28.516100	28.337675	0.001	
571.095	3675	2136.68	34.3943	1.10748	28.516100	28.337675	0.001	
572.19	3742	2157.22	35.3985	1.10748	28.516100	28.337675	0.001	
573.285	3765	2144.42	36.0713	1.10748	28.516100	28.337675	0.001	
574.38	3835	2161.39	37.1081	1.10748	28.516100	28.337675	0.001	
575.474	3862	2140.45	38.0996	1.10748	28.516100	28.337675	0.001	
576.569	3911	2146.51	38.9833	1.10748	28.516100	28.337675	0.001	
577.663	3937	2144.03	39.5641	1.10748	28.516100	28.337675	0.001	
578.757	4017	2149.09	41.2928	1.10748	28.516100	28.337675	0.001	
579.851	4043	2145.41	41.8179	1.10748	28.516100	28.337675	0.001	
580.945	4107	2168.64	42.7923	1.10748	28.516100	28.337675	0.001	
582.039	4132	2140.75	44.0131	1.10748	28.516100	28.337675	0.001	
583.133	4199	2151.17	45.4351	1.10748	28.516100	28.337675	0.001	
584.227	4230	2133.11	46.7857	1.10748	28.516100	28.337675	0.001	
585.321	4259	2147.7	47.1304	1.10748	28.516100	28.337675	0.001	
586.414	4306	2144.32	48.5081	1.10748	28.516100	28.337675	0.001	
587.508	4353	2159.7	49.4501	1.10748	28.516100	28.337675	0.001	
588.601	4380	2148.39	50.5486	1.10748	28.516100	28.337675	0.001	
589.694	4445	2144.32	52.3808	1.10748	28.516100	28.337675	0.001	
590.787	4478	2144.42	53.5862	1.10748	28.516100	28.337675	0.001	
591.881	4526	2156.63	54.4374	1.10748	28.516100	28.337675	0.001	
592.973	4556	2146.61	55.6575	1.10748	28.516100	28.337675	0.001	
594.066	4608	2148.29	57.0868	1.10748	28.516100	28.337675	0.001	
595.159	4659	2157.72	58.3969	1.10748	28.516100	28.337675	0.001	
596.251	4711	2155.83	60.0307	1.10748	28.516100	28.337675	0.001	
597.344	4738	2156.13	60.8757	1.10748	28.516100	28.337675	0.001	
598.436	4817	2165.96	62.8492	1.10748	28.516100	28.337675	0.001	
599.528	4847	2150.67	64.2749	1.10748	28.516100	28.337675	0.001	
600.621	4909	2154.74	65.7289	1.10748	28.516100	28.337675	0.001	
601.713	4959	2158.02	67.0369	1.10748	28.516100	28.337675	0.001	
602.804	5016	2153.15	68.5987	1.10748	28.516100	28.337675	0.001	
603.896	5059	2149.78	70.1632	1.10748	28.516100	28.337675	0.001	
604.988	5120	2152.36	71.6158	1.10748	28.516100	28.337675	0.001	
606.079	5191	2155.04	73.4172	1.10748	28.516100	28.337675	0.001	
607.17	5261	2161.19	75.0661	1.10748	28.516100	28.337675	0.001	
608.262	5293	2143.13	76.5603	1.10748	28.516100	28.337675	0.001	
609.353	5382	2154.15	78.3126	1.10748	28.516100	28.337675	0.001	
610.443	5451	2153.45	80.0266	1.10748	28.516100	28.337675	0.001	
611.534	5522	2161.99	81.5482	1.10748	28.516100	28.337675	0.001	
612.625	5581	2149.28	83.2857	1.10748	28.516100	28.337675	0.001	
613.715	5670	2155.73	85.2213	1.10748	28.516100	28.337675	0.001	
614.806	5746	2161.29	86.7269	1.10748	28.516100	28.337675	0.001	
615.896	5841	2171.41	88.9127	1.10748	28.516100	28.337675	0.001	
616.986	5901	2157.42	90.4808	1.10748	28.516100	28.337675	0.001	
618.076	5999	2160.3	92.9126	1.10748	28.516100	28.337675	0.001	
619.165	6086	2163.48	94.601	1.10748	28.516100	28.337675	0.001	
620.255	6197	2170.62	96.9583	1.10748	28.516100	28.337675	0.001	
621.344	6282	2152.96	99.1014	1.10748	28.516100	28.337675	0.001	
622.434	6365	2156.53	100.848	1.10748	28.516100	28.337675	0.001	
623.523	6448	2155.34	102.689	1.10748	28.516100	28.337675	0.001	
624.612	6545	2160.1	104.784	1.10748	28.516100	28.337675	0.001	
625.701	6638	2152.36	106.918	1.10748	28.516100	28.337675	0.001	
626.789	6754	2163.57	109.249	1.10748	28.516100	28.337675	0.001	
627.878	6835	2154.64	111.194	1.10748	28.516100	28.337675	0.001	
628.966	6961	2160.8	113.787	1.10748	28.516100	28.337675	0.001	
630.054	7047	2154.94	116.098	1.10748	28.516100	28.337675	0.001	
631.142	7167	2160.2	118.305	1.10748	28.516100	28.337675	0.001	
632.23	7282	2159.21	120.676	1.10748	28.516100	28.337675	0.001	
633.318	7400	2162.09	123.112	1.10748	28.516100	28.337675	0.001	
634.405	7502	2156.23	125.573	1.10748	28.516100	28.337675	0.001	
635.492	7620	2161.19	128.023	1.10748	28.516100	28.337675	0.001	
636.579	7733	2157.32	130.377	1.10748	28.516100	28.337675	0.001	
637.666	7848	2153.25	133.019	1.10748	28.516100	28.337675	0.001	
638.753	7961	2159.11	135.151	1.10748	28.516100	28.337675	0.001	
639.84	8103	2163.97	138.182	1.10748	28.516100	28.337675	0.001	
640.926	8205	2156.03	140.748	1.10748	28.516100	28.337675	0.001	
642.012	8358	2163.08	143.85	1.10748	28.516100	28.337675	0.001	
643.098	8469	2159.01	146.143	1.10748	28.516100	28.337675	0.001	
644.184	8608	2166.95	148.841	1.10748	28.516100	28.337675	0.001	
645.27	8732	2159.7	151.728	1.10748	28.516100	28.337675	0.001	
646.355	8883	2178.86	154.404	1.10748	28.516100	28.337675	0.001	
647.441	9021	2163.08	157.658	1.10748	28.516100	28.337675	0.001	
648.526	9142	2162.28	159.837	1.10748	28.516100	28.337675	0.001	
649.611	9275	2153.06	163.31	1.10748	28.516100	28.337675	0.001	
650.695	9435	2170.32	166.276	1.10748	28.516100	28.337675	0.001	
651.78	9570	2157.62	169.336	1.10748	28.516100	28.337675	0.001	
652.864	9721	2170.72	172.156	1.10748	28.516100	28.337675	0.001	
653.948	9877	2159.31	175.963	1.10748	28.516100	28.337675	0.001	
655.032	10024	2158.81	178.932	1.10748	28.516100	28.337675	0.001	
656.116	10171	2161.89	181.729	1.10748	28.516100	28.337675	0.001	
657.199	10335	2165.36	185.036	1.10748	28.516100	28.337675	0.001	
658.283	10485	2152.86	188.529	1.10748	28.516100	28.337675	0.001	
659.366	10680	2171.91	191.949	1.10748	28.516100	28.337675	0.001	
660.448	10826	2156.93	195.409	1.10748	28.516100	28.337675	0.001	
661.531	11008	2155.04	198.996	1.10748	28.516100	28.337675	0.001	
662.614	11154	2158.12	202.132	1.10748	28.516100	28.337675	0.001	
663.696	11336	2176.47	205.219	1.10748	28.516100	28.337675	0.001	
664.778	11529	2161.19	209.382	1.10748	28.516100	28.337675	0.001	
665.86	11678	2162.48	212.742	1.10748	28.516100	28.337675	0.001	
666.941	11866	2145.12	216.647	1.10748	28.516100	28.337675	0.001	
668.023	12054	2160.3	220.251	1.10748	28.516100	28.337675	0.001	
669.104	12234	2163.57	223.521	1.10748	28.516100	28.337675	0.001	
670.185	12433	2163.28	227.796	1.10748	28.516100	28.337675	0.001	
671.265	12611	2153.15	231.401	1.10748	28.516100	28.337675	0.001	
672.346	12812	2157.62	235.493	1.10748	28.516100	28.337675	0.001	
673.426	12987	2152.96	239.388	1.10748	28.516100	28.337675	0.001	
674.506	13207	2175.88	242.982	1.10748	28.516100	28.337675	0.001	
675.586	13360	2147.3	246.773	1.10748	28.516100	28.337675	0.001	
676.665	13607	2177.27	250.876	1.10748	28.516100	28.337675	0.001	
677.745	13806	2156.43	255.029	1.10748	28.516100	28.337675	0.001	
678.824	14028	2168.14	259.108	1.10748	28.516100	28.337675	0.001	
679.903	14257	2158.61	263.749	1.10748	28.516100	28.337675	0.001	
680.981	14484	2176.47	267.597	1.10748	28.516100	28.337675	0.001	
682.059	14702	2151.37	272.513	1.10748	28.516100	28.337675	0.001	
683.138	14943	2171.22	276.446	1.10748	28.516100	28.337675	0.001	
684.215	15188	2174.69	280.962	1.10748	28.516100	28.337675	0.001	
685.293	15439	2174.49	285.766	1.10748	28.516100	28.337675	0.001	
686.37	15668	2160.99	290.523	1.10748	28.516100	28.337675	0.001	
687.448	15925	2171.71	294.93	1.10748	28.516100	28.337675	0.001	
688.524	16189	2171.02	299.453	1.10748	28.516100	28.337675	0.001	
689.601	16428	2162.68	303.857	1.10748	28.516100	28.337675	0.001	
690.678	16706	2155.24	309.076	1.10748	28.516100	28.337675	0.001	
691.754	16989	2161.69	313.745	1.10748	28.516100	28.337675	0.001	
692.83	17255	2169.23	318.163	1.10748	28.516100	28.337675	0.001	
693.905	17521	2160.5	323.073	1.10748	28.516100	28.337675	0.001	
694.98	17806	2144.22	328.527	1.10748	28.516100	28.337675	0.001	
696.056	18089	2162.88	333.016	1.10748	28.516100	28.337675	0.001	
697.13	18388	2157.82	337.926	1.10748	28.516100	28.337675	0.001	
698.205	18692	2169.63	343.231	1.10748	28.516100	28.337675	0.001	
699.279	18983	2154.84	348.407	1.10748	28.516100	28.337675	0.001	
700.353	19293	2168.54	353.754	1.10748	28.516100	28.337675	0.001	
701.427	19620	2162.18	359.049	1.10748	28.516100	28.337675	0.001	
702.501	19955	2155.44	364.669	1.10748	28.516100	28.337675	0.001	
703.574	20262	2164.17	369.719	1.10748	28.516100	28.337675	0.001	
704.647	20627	2176.97	375.433	1.10748	28.516100	28.337675	0.001	
705.719	20958	2156.33	380.926	1.10748	28.516100	28.337675	0.001	
706.792	21319	2161.79	386.453	1.10748	28.516100	28.337675	0.001	
707.864	21669	2168.54	392.023	1.10748	28.516100	28.337675	0.001	
708.936	22004	2168.93	397.386	1.10748	28.516100	28.337675	0.001	
710.007	22355	2167.44	403.166	1.10748	28.516100	28.337675	0.001	
711.079	22709	2165.36	409.32	1.10748	28.516100	28.337675	0.001	
712.15	23064	2164.96	415.163	1.10748	28.516100	28.337675	0.001	
713.221	23415	2162.68	420.938	1.10748	28.516100	28.337675	0.001	
714.291	23801	2162.38	427.034	1.10748	28.516100	28.337675	0.001	
715.361	24181	2172.6	433.358	1.10748	28.516100	28.337675	0.001	
716.431	24548	2156.33	439.485	1.10748	28.516100	28.337675	0.001	
717.501	24929	2167.15	445.502	1.10748	28.516100	28.337675	0.001	
718.57	25317	2170.42	452.246	1.10748	28.516100	28.337675	0.001	
719.639	25689	2177.07	457.949	1.10748	28.516100	28.337675	0.001	
720.707	26059	2157.42	465.053	1.10748	28.516100	28.337675	0.001	
721.776	26444	2166.65	471.103	1.10748	28.516100	28.337675	0.001	
722.844	26798	2168.64	477.131	1.10748	28.516100	28.337675	0.001	
723.912	27199	2180.44	483.883	1.10748	28.516100	28.337675	0.001	
724.979	27542	2165.36	490.562	1.10748	28.516100	28.337675	0.001	
726.046	27880	2175.58	496.245	1.10748	28.516100	28.337675	0.001	
727.113	28234	2174.79	503.157	1.10748	28.516100	28.337675	0.001	
728.18	28550	2177.07	510.471	1.10748	28.516100	28.337675	0.001	
729.246	28852	2157.32	517.139	1.10748	28.516100	28.337675	0.001	
730.312	29154	2166.65	524.458	1.10748	28.516100	28.337675	0.001	
731.378	29434	2155.34	531.172	1.10748	28.516100	28.337675	0.001	
732.443	29735	2169.13	538.513	1.10748	28.516100	28.337675	0.001	
733.508	30006	2159.31	545.549	1.10748	28.516100	28.337675	0.001	
734.573	30289	2174.19	552.555	1.10748	28.516100	28.337675	0.001	
735.637	30559	2169.53	560.316	1.10748	28.516100	28.337675	0.001	
736.701	30819	2179.45	568.014	1.10748	28.516100	28.337675	0.001	
737.765	31048	2164.77	575.126	1.10748	28.516100	28.337675	0.001	
738.829	31261	2173.99	582.06	1.10748	28.516100	28.337675	0.001	
739.892	31478	2170.12	589.862	1.10748	28.516100	28.337675	0.001	
740.955	31672	2177.27	596.997	1.10748	28.516100	28.337675	0.001	
742.017	31839	2155.83	604.428	1.10748	28.516100	28.337675	0.001	
743.079	32015	2170.22	611.698	1.10748	28.516100	28.337675	0.001	
744.141	32175	2166.15	619.558	1.10748	28.516100	28.337675	0.001	
745.202	32329	2173.8	627.429	1.10748	28.516100	28.337675	0.001	
746.264	32506	2162.09	636.067	1.10748	28.516100	28.337675	0.001	
747.324	32663	2176.38	643.524	1.10748	28.516100	28.337675	0.001	
748.385	32827	2167.44	651.893	1.10748	28.516100	28.337675	0.001	
749.445	32976	2158.51	660.823	1.10748	28.516100	28.337675	0.001	
750.505	33120	2175.88	668.359	1.10748	28.516100	28.337675	0.001	
751.564	33263	2173.3	676.864	1.10748	28.516100	28.337675	0.001	
752.623	33438	2162.28	685.698	1.10748	28.516100	28.337675	0.001	
753.682	33577	2169.93	694.194	1.10748	28.516100	28.337675	0.001	
754.741	33720	2168.14	702.457	1.10748	28.516100	28.337675	0.001	
755.799	33862	2169.83	710.983	1.10748	28.516100	28.337675	0.001	
756.857	34062	2163.67	719.822	1.10748	28.516100	28.337675	0.001	
757.914	34223	2168.54	728.546	1.10748	28.516100	28.337675	0.001	
758.971	34369	2173.7	736.557	1.10748	28.516100	28.337675	0.001	
760.028	34520	2163.87	745.339	1.10748	28.516100	28.337675	0.001	
761.084	34672	2175.48	753.894	1.10748	28.516100	28.337675	0.001	
762.14	34794	2162.28	762.59	1.10748	28.516100	28.337675	0.001	
763.196	34905	2174.89	772.091	1.10748	28.516100	28.337675	0.001	
764.251	35023	2161.69	781.153	1.10748	28.516100	28.337675	0.001	
765.306	35152	2170.12	790.215	1.10748	28.516100	28.337675	0.001	
766.36	35288	2171.12	799.82	1.10748	28.516100	28.337675	0.001	
767.415	35420	2158.31	809.148	1.10748	28.516100	28.337675	0.001	
768.468	35555	2172.51	818.804	1.10748	28.516100	28.337675	0.001	
769.522	35698	2153.95	828.34	1.10748	28.516100	28.337675	0.001	
770.575	35871	2167.44	838.648	1.10748	28.516100	28.337675	0.001	
771.628	36000	2165.06	848.367	1.10748	28.516100	28.337675	0.001	
772.68	36122	2179.55	857.648	1.10748	28.516100	28.337675	0.001	
773.732	36234	2157.32	867.757	1.10748	28.516100	28.337675	0.001	
774.784	36403	2173.89	878.189	1.10748	28.516100	28.337675	0.001	
775.835	36488	2167.84	887.565	1.10748	28.516100	28.337675	0.001	
776.886	36587	2171.41	896.945	1.10748	28.516100	28.337675	0.001	
777.936	36732	2167.54	906.946	1.10748	28.516100	28.337675	0.001	
778.986	36888	2178.96	916.412	1.10748	28.516100	28.337675	0.001	
780.036	36971	2158.81	925.991	1.10748	28.516100	28.337675	0.001	
781.086	36999	2158.81	935.552	1.10748	28.516100	28.337675	0.001	
782.135	37052	2158.51	945.729	1.10748	28.516100	28.337675	0.001	
783.183	37115	2174.49	956.533	1.10748	28.516100	28.337675	0.001	
784.231	37166	2156.63	967.652	1.10748	28.516100	28.337675	0.001	
785.279	37176	2170.82	978.71	1.10748	28.516100	28.337675	0.001	
786.327	37235	2151.77	989.093	1.10748	28.516100	28.337675	0.001	
787.374	37289	2168.14	1000.27	1.10748	28.516100	28.337675	0.001	
788.42	37320	2160.2	1011.65	1.10748	28.516100	28.337675	0.001	
789.466	37389	2166.35	1023.65	1.10748	28.516100	28.337675	0.001	
790.512	37398	2165.46	1034.81	1.10748	28.516100	28.337675	0.001	
791.558	37441	2166.85	1045.09	1.10748	28.516100	28.337675	0.001	
792.603	37430	2169.13	1056.37	1.10748	28.516100	28.337675	0.001	
793.648	37494	2169.23	1067.41	1.10748	28.516100	28.337675	0.001	
794.692	37505	2170.02	1079.08	1.10748	28.516100	28.337675	0.001	
795.736	37509	2163.97	1090.49	1.10748	28.516100	28.337675	0.001	
796.779	37567	2162.98	1101.37	1.10748	28.516100	28.337675	0.001	
797.822	37539	2184.02	1112.1	1.10748	28.516100	28.337675	0.001	
798.865	37518	2167.54	1123.08	1.10748	28.516100	28.337675	0.001	
799.907	37537	2153.85	1135.47	1.10748	28.516100	28.337675	0.001	
800.949	37491	2163.18	1145.7	1.10748	28.516100	28.337675	0.001	
801.99	37471	2168.44	1156.55	1.10748	28.516100	28.337675	0.001	
803.031	37419	2154.54	1168.53	1.10748	28.516100	28.337675	0.001	
804.072	37425	2173.8	1181.02	1.10748	28.516100	28.337675	0.001	
805.112	37388	2163.48	1193.62	1.10748	28.516100	28.337675	0.001	
806.152	37389	2174.09	1205.22	1.10748	28.516100	28.337675	0.001	
807.191	37348	2175.98	1217.17	1.10748	28.516100	28.337675	0.001	
808.23	37356	2167.15	1230.57	1.10748	28.516100	28.337675	0.001	
809.268	37366	2155.04	1243.95	1.10748	28.516100	28.337675	0.001	
810.307	37388	2157.12	1256.71	1.10748	28.516100	28.337675	0.001	
811.344	37403	2158.91	1268.48	1.10748	28.516100	28.337675	0.001	
812.381	37431	2173.7	1281.71	1.10748	28.516100	28.337675	0.001	
813.418	37445	2163.57	1294.23	1.10748	28.516100	28.337675	0.001	
814.454	37459	2172.31	1307.2	1.10748	28.516100	28.337675	0.001	
815.49	37444	2162.18	1319.75	1.10748	28.516100	28.337675	0.001	
816.526	37482	2167.64	1332.8	1.10748	28.516100	28.337675	0.001	
817.561	37440	2164.77	1344.49	1.10748	28.516100	28.337675	0.001	
818.596	37469	2174.19	1357.98	1.10748	28.516100	28.337675	0.001	
819.63	37428	2164.47	1369.58	1.10748	28.516100	28.337675	0.001	
820.664	37519	2176.97	1383.6	1.10748	28.516100	28.337675	0.001	
821.697	37461	2172.01	1395.25	1.10748	28.516100	28.337675	0.001	
822.73	37490	2180.44	1408.75	1.10748	28.516100	28.337675	0.001	
823.762	37437	2176.77	1420.34	1.10748	28.516100	28.337675	0.001	
824.794	37439	2175.98	1434.66	1.10748	28.516100	28.337675	0.001	
825.826	37400	2166.95	1447.34	1.10748	28.516100	28.337675	0.001	
826.857	37351	2181.44	1461.28	1.10748	28.516100	28.337675	0.001	
827.887	37372	2166.95	1474.78	1.10748	28.516100	28.337675	0.001	
828.918	37377	2179.65	1488.65	1.10748	28.516100	28.337675	0.001	
829.947	37367	2168.04	1503.71	1.10748	28.516100	28.337675	0.001	
830.977	37448	2169.33	1520.05	1.10748	28.516100	28.337675	0.001	
832.005	37423	2169.13	1532.06	1.10748	28.516100	28.337675	0.001	
833.034	37452	2170.62	1546.51	1.10748	28.516100	28.337675	0.001	
834.062	37407	2175.28	1559.58	1.10748	28.516100	28.337675	0.001	
835.089	37433	2164.37	1575.26	1.10748	28.516100	28.337675	0.001	
836.116	37469	2167.05	1588.45	1.10748	28.516100	28.337675	0.001	
837.143	37540	2172.51	1602.58	1.10748	28.516100	28.337675	0.001	
838.169	37587	2174.09	1616.18	1.10748	28.516100	28.337675	0.001	
839.194	37654	2167.35	1631.33	1.10748	28.516100	28.337675	0.001	
840.22	37694	2160.1	1647.11	1.10748	28.516100	28.337675	0.001	
841.244	37767	2167.35	1661.11	1.10748	28.516100	28.337675	0.001	
842.268	37785	2163.67	1675.54	1.10748	28.516100	28.337675	0.001	
843.292	37838	2179.25	1688.34	1.10748	28.516100	28.337675	0.001	
844.315	37890	2164.67	1704.25	1.10748	28.516100	28.337675	0.001	
845.338	37932	2177.57	1718.22	1.10748	28.516100	28.337675	0.001	
846.36	37931	2161.99	1733.44	1.10748	28.516100	28.337675	0.001	
847.382	37969	2165.26	1747.13	1.10748	28.516100	28.337675	0.001	
848.404	37946	2170.42	1761.45	1.10748	28.516100	28.337675	0.001	
849.425	37989	2174.59	1776.54	1.10748	28.516100	28.337675	0.001	
850.445	37967	2168.54	1790.69	1.10748	28.516100	28.337675	0.001	
851.465	38043	2180.44	1807.39	1.10748	28.516100	28.337675	0.001	
852.484	38127	2164.47	1825.24	1.10748	28.516100	28.337675	0.001	
853.503	38141	2160.3	1840.2	1.10748	28.516100	28.337675	0.001	
854.522	38192	2157.02	1854.86	1.10748	28.516100	28.337675	0.001	
855.54	38268	2175.38	1871.12	1.10748	28.516100	28.337675	0.001	
856.557	38350	2175.09	1887.66	1.10748	28.516100	28.337675	0.001	
857.574	38427	2168.34	1903.12	1.10748	28.516100	28.337675	0.001	
858.591	38523	2164.07	1919.3	1.10748	28.516100	28.337675	0.001	
859.607	38574	2164.86	1934.54	1.10748	28.516100	28.337675	0.001	
860.622	38611	2171.61	1948.29	1.10748	28.516100	28.337675	0.001	
861.637	38695	2163.57	1964.83	1.10748	28.516100	28.337675	0.001	
862.652	38768	2164.07	1982.81	1.10748	28.516100	28.337675	0.001	
863.666	38876	2167.84	1998.45	1.10748	28.516100	28.337675	0.001	
864.679	38898	2155.54	2013.99	1.10748	28.516100	28.337675	0.001	
865.692	38955	2163.48	2028.73	1.10748	28.516100	28.337675	0.001	
866.705	39000	2151.47	2045.86	1.10748	28.516100	28.337675	0.001	
867.717	39029	2157.12	2061.58	1.10748	28.516100	28.337675	0.001	
868.728	39030	2162.78	2077.01	1.10748	28.516100	28.337675	0.001	
869.739	39069	2155.93	2094.01	1.10748	28.516100	28.337675	0.001	
870.75	39073	2175.09	2107.82	1.10748	28.516100	28.337675	0.001	
871.76	39074	2157.12	2123.74	1.10748	28.516100	28.337675	0.001	
872.769	39114	2155.54	2140.82	1.10748	28.516100	28.337675	0.001	
873.778	39104	2158.61	2157.15	1.10748	28.516100	28.337675	0.001	
874.786	39127	2158.91	2174.05	1.10748	28.516100	28.337675	0.001	
875.794	39165	2167.94	2191.28	1.10748	28.516100	28.337675	0.001	
876.802	39158	2183.22	2207.68	1.10748	28.516100	28.337675	0.001	
877.809	39169	2170.72	2226.61	1.10748	28.516100	28.337675	0.001	
878.815	39167	2176.57	2242.18	1.10748	28.516100	28.337675	0.001	
879.821	39201	2163.87	2263.49	1.10748	28.516100	28.337675	0.001	
880.826	39263	2174.89	2280.68	1.10748	28.516100	28.337675	0.001	
881.831	39227	2174.29	2295.71	1.10748	28.516100	28.337675	0.001	
882.835	39245	2167.64	2314.4	1.10748	28.516100	28.337675	0.001	
883.839	39216	2165.96	2331.29	1.10748	28.516100	28.337675	0.001	
884.842	39230	2162.09	2348.48	1.10748	28.516100	28.337675	0.001	
885.844	39254	2167.54	2364.7	1.10748	28.516100	28.337675	0.001	
886.847	39266	2169.73	2382.19	1.10748	28.516100	28.337675	0.001	
887.848	39213	2166.35	2398.94	1.10748	28.516100	28.337675	0.001	
888.849	39162	2161.59	2416.92	1.10748	28.516100	28.337675	0.001	
889.85	39103	2165.06	2433.95	1.10748	28.516100	28.337675	0.001	
890.85	39079	2157.12	2455.74	1.10748	28.516100	28.337675	0.001	
891.849	38978	2156.73	2470.91	1.10748	28.516100	28.337675	0.001	
892.848	38952	2164.86	2487.78	1.10748	28.516100	28.337675	0.001	
893.846	38951	2167.74	2503.88	1.10748	28.516100	28.337675	0.001	
894.844	38876	2150.38	2518.86	1.10748	28.516100	28.337675	0.001	
895.841	38863	2165.26	2537.75	1.10748	28.516100	28.337675	0.001	
896.838	38817	2156.63	2555.35	1.10748	28.516100	28.337675	0.001	
897.834	38746	2160.3	2570.76	1.10748	28.516100	28.337675	0.001	
898.83	38647	2144.72	2588.56	1.10748	28.516100	28.337675	0.001	
899.825	38580	2167.84	2605.88	1.10748	28.516100	28.337675	0.001	
900.819	38520	2147	2624.97	1.10748	28.516100	28.337675	0.001	
901.813	38471	2163.38	2641.06	1.10748	28.516100	28.337675	0.001	
902.807	38407	2168.64	2661.97	1.10748	28.516100	28.337675	0.001	
903.799	38368	2165.16	2681.05	1.10748	28.516100	28.337675	0.001	
904.792	38244	2160.9	2699.32	1.10748	28.516100	28.337675	0.001	
905.783	38210	2170.32	2717.84	1.10748	28.516100	28.337675	0.001	
906.775	38166	2163.57	2739.06	1.10748	28.516100	28.337675	0.001	
907.765	38125	2180.94	2758.22	1.10748	28.516100	28.337675	0.001	
908.755	38077	2168.24	2777.67	1.10748	28.516100	28.337675	0.001	
909.745	38031	2172.31	2796.68	1.10748	28.516100	28.337675	0.001	
910.733	37985	2156.23	2816.55	1.10748	28.516100	28.337675	0.001	
911.722	37922	2169.33	2834.42	1.10748	28.516100	28.337675	0.001	
912.71	37851	2165.16	2852.03	1.10748	28.516100	28.337675	0.001	
913.697	37839	2172.01	2872.7	1.10748	28.516100	28.337675	0.001	
914.683	37768	2159.9	2888.43	1.10748	28.516100	28.337675	0.001	
915.669	37703	2150.97	2908.91	1.10748	28.516100	28.337675	0.001	
916.655	37615	2164.07	2927.81	1.10748	28.516100	28.337675	0.001	
917.64	37536	2165.06	2946.11	1.10748	28.516100	28.337675	0.001	
918.624	37396	2157.12	2962.48	1.10748	28.516100	28.337675	0.001	
919.608	37283	2163.87	2980.15	1.10748	28.516100	28.337675	0.001	
920.591	37124	2160	2996.72	1.10748	28.516100	28.337675	0.001	
921.573	37003	2176.67	3015.83	1.10748	28.516100	28.337675	0.001	
922.555	36900	2148.79	3036.1	1.10748	28.516100	28.337675	0.001	
923.537	36720	2155.93	3053.63	1.10748	28.516100	28.337675	0.001	
924.517	36566	2168.64	3071.66	1.10748	28.516100	28.337675	0.001	
925.498	36377	2161.49	3088.85	1.10748	28.516100	28.337675	0.001	
926.477	36237	2169.73	3106.59	1.10748	28.516100	28.337675	0.001	
927.456	36041	2157.12	3125.34	1.10748	28.516100	28.337675	0.001	
928.435	35875	2171.22	3142.35	1.10748	28.516100	28.337675	0.001	
929.412	35714	2161.29	3164.3	1.10748	28.516100	28.337675	0.001	
930.39	35563	2169.53	3187.13	1.10748	28.516100	28.337675	0.001	
931.366	35387	2168.14	3204.74	1.10748	28.516100	28.337675	0.001	
932.342	35180	2159.41	3225.15	1.10748	28.516100	28.337675	0.001	
933.318	35028	2168.34	3247.4	1.10748	28.516100	28.337675	0.001	
934.293	34865	2167.54	3268.87	1.10748	28.516100	28.337675	0.001	
935.267	34668	2163.38	3291.4	1.10748	28.516100	28.337675	0.001	
936.24	34465	2145.22	3313.97	1.10748	28.516100	28.337675	0.001	
937.213	34262	2173.89	3331.96	1.10748	28.516100	28.337675	0.001	
938.186	34019	2159.11	3351.66	1.10748	28.516100	28.337675	0.001	
939.158	33830	2180.94	3368.07	1.10748	28.516100	28.337675	0.001	
940.129	33585	2158.31	3387.99	1.10748	28.516100	28.337675	0.001	
941.099	33363	2170.32	3406.43	1.10748	28.516100	28.337675	0.001	
942.069	33145	2166.85	3428.61	1.10748	28.516100	28.337675	0.001	
943.039	32941	2163.57	3449.92	1.10748	28.516100	28.337675	0.001	
944.007	32738	2150.28	3470.49	1.10748	28.516100	28.337675	0.001	
944.975	32500	2179.55	3481.43	1.10748	28.516100	28.337675	0.001	
945.943	32285	2174.39	3498.91	1.10748	28.516100	28.337675	0.001	
946.91	32133	2169.33	3521.75	1.10748	28.516100	28.337675	0.001	
947.876	31908	2153.15	3538.77	1.10748	28.516100	28.337675	0.001	
948.842	31766	2164.17	3561	1.10748	28.516100	28.337675	0.001	
949.807	31568	2170.52	3578.96	1.10748	28.516100	28.337675	0.001	
950.771	31390	2170.62	3599.32	1.10748	28.516100	28.337675	0.001	
951.735	31179	2157.42	3614.85	1.10748	28.516100	28.337675	0.001	
952.698	31013	2187.09	3633.44	1.10748	28.516100	28.337675	0.001	
953.66	30773	2161.39	3652.13	1.10748	28.516100	28.337675	0.001	
954.622	30575	2164.57	3671.4	1.10748	28.516100	28.337675	0.001	
955.584	30364	2165.06	3691.31	1.10748	28.516100	28.337675	0.001	
956.544	30144	2168.73	3710.46	1.10748	28.516100	28.337675	0.001	
957.504	29886	2157.82	3727	1.10748	28.516100	28.337675	0.001	
958.463	29676	2178.86	3745.48	1.10748	28.516100	28.337675	0.001	
959.422	29397	2158.22	3764.17	1.10748	28.516100	28.337675	0.001	
960.38	29170	2164.17	3785.97	1.10748	28.516100	28.337675	0.001	
961.338	28914	2169.93	3807.96	1.10748	28.516100	28.337675	0.001	
962.294	28655	2162.68	3830.51	1.10748	28.516100	28.337675	0.001	
963.25	28416	2152.16	3852.2	1.10748	28.516100	28.337675	0.001	
964.206	28173	2170.42	3872.72	1.10748	28.516100	28.337675	0.001	
965.161	27918	2161.19	3893.67	1.10748	28.516100	28.337675	0.001	
966.115	27677	2165.46	3918.68	1.10748	28.516100	28.337675	0.001	
